1.6   2.10    0.24329626
1.6   2.20   -0.25441907
1.6   2.30   -0.20023401
1.6   2.40   -0.19803843
1.6   2.50   -0.20329382
1.6   2.60   -0.21065512
1.6   2.70   -0.21874587
1.6   2.80   -0.22717939
1.6   2.90   -0.23521860
1.6   3.00   -0.24277104
1.6   3.10   -0.25420969
1.6   3.20   -0.25881733
1.6   3.30   -0.24951414
1.6   3.40   -0.23988873
1.6   3.50   -0.23006274
1.6   3.60   -0.22008466
1.6   3.70   -0.21000641
1.6   3.80   -0.19989848
1.6   3.90   -0.18981688
1.6   4.00   -0.17982113
1.6   4.10   -0.16999648
1.6   4.20   -0.16039374
1.6   4.40   -0.14205316
1.6   4.60   -0.12505998
1.6   4.80   -0.10957120
1.6   5.00   -0.09562944
1.6   5.20   -0.08318985
1.6   5.40   -0.07216419
1.6   5.60   -0.06244068
1.6   5.80   -0.05389954
1.6   6.00   -0.04642238
1.6   7.00   -0.02134042
1.6   8.00   -0.00937714
1.6   9.00   -0.00395777
1.6  10.00   -0.00161771
1.6  12.00   -0.00024274
1.6  14.00   -0.00002227
1.6  16.00    0.00000000
1.6  18.00   -0.00000157
1.6  20.00   -0.00000178
      
1.7   2.10    0.21600698
1.7   2.20    0.21699680
1.7   2.30   -0.22837608
1.7   2.40   -0.17458739
1.7   2.50   -0.17573626
1.7   2.60   -0.18207237
1.7   2.70   -0.18958618
1.7   2.80   -0.19739829
1.7   2.90   -0.20506172
1.7   3.00   -0.22824988
1.7   3.10   -0.23423673
1.7   3.20   -0.23974966
1.7   3.30   -0.25456330
1.7   3.40   -0.24515863
1.7   3.50   -0.23542441
1.7   3.60   -0.22545228
1.7   3.70   -0.21534865
1.7   3.80   -0.20516545
1.7   3.90   -0.19498550
1.7   4.00   -0.18488337
1.7   4.10   -0.17490256
1.7   4.20   -0.16512332
1.7   4.40   -0.14636035
1.7   4.60   -0.12891917
1.7   4.80   -0.11298343
1.7   5.00   -0.09861189
1.7   5.20   -0.08577700
1.7   5.40   -0.07439550
1.7   5.60   -0.06435595
1.7   5.80   -0.05553714
1.7   6.00   -0.04781767
1.7   7.00   -0.02193762
1.7   8.00   -0.00962222
1.7   9.00   -0.00405191
1.7  10.00   -0.00164991
1.7  12.00   -0.00024109
1.7  14.00   -0.00002328
1.7  16.00    0.00000000
1.7  18.00   -0.00000169
1.7  20.00   -0.00000188
      
1.8   2.10    0.19087449
1.8   2.20    0.19172907
1.8   2.30    0.19054241
1.8   2.40    0.20328195
1.8   2.50   -0.16782460
1.8   2.60   -0.18527926
1.8   2.70   -0.19102916
1.8   2.80   -0.19695414
1.8   2.90   -0.20286061
1.8   3.00   -0.20867408
1.8   3.10   -0.21423370
1.8   3.20   -0.21936754
1.8   3.30   -0.22410937
1.8   3.40   -0.22856500
1.8   3.50   -0.24037647
1.8   3.60   -0.23055779
1.8   3.70   -0.22038826
1.8   3.80   -0.21020022
1.8   3.90   -0.19997126
1.8   4.00   -0.18977437
1.8   4.10   -0.17969088
1.8   4.20   -0.16979924
1.8   4.40   -0.15067306
1.8   4.60   -0.13281672
1.8   4.80   -0.11644782
1.8   5.00   -0.10165423
1.8   5.20   -0.08842417
1.8   5.40   -0.07668406
1.8   5.60   -0.06632395
1.8   5.80   -0.05722246
1.8   6.00   -0.04925552
1.8   7.00   -0.02255684
1.8   8.00   -0.00987526
1.8   9.00   -0.00414882
1.8  10.00   -0.00168230
1.8  12.00   -0.00023858
1.8  14.00   -0.00002448
1.8  16.00    0.00000000
1.8  18.00   -0.00000192
1.8  20.00   -0.00000216
      
1.9   2.10    0.20167855
1.9   2.20    0.20360930
1.9   2.30    0.16751479
1.9   2.40    0.16400207
1.9   2.50   -0.13627139
1.9   2.60   -0.16603655
1.9   2.70   -0.17336988
1.9   2.80   -0.17987983
1.9   2.90   -0.18550010
1.9   3.00   -0.19086199
1.9   3.10   -0.19591683
1.9   3.20   -0.20067189
1.9   3.30   -0.20512002
1.9   3.40   -0.20923910
1.9   3.50   -0.21308410
1.9   3.60   -0.21672923
1.9   3.70   -0.22595020
1.9   3.80   -0.21571115
1.9   3.90   -0.20536294
1.9   4.00   -0.19502038
1.9   4.10   -0.18479043
1.9   4.20   -0.17475073
1.9   4.40   -0.15525439
1.9   4.60   -0.13696923
1.9   4.80   -0.12014989
1.9   5.00   -0.10490993
1.9   5.20   -0.09126283
1.9   5.40   -0.07913893
1.9   5.60   -0.06843687
1.9   5.80   -0.05903798
1.9   6.00   -0.05080585
1.9   7.00   -0.02323074
1.9   8.00   -0.01015546
1.9   9.00   -0.00426044
1.9  10.00   -0.00172131
1.9  12.00   -0.00024671
1.9  14.00   -0.00002450
1.9  16.00   -0.00000000
1.9  18.00   -0.00000135
1.9  20.00   -0.00000121
      
2.0   2.10    0.18195419
2.0   2.20    0.18981973
2.0   2.30    0.18833966
2.0   2.40    0.18445899
2.0   2.50    0.17914713
2.0   2.60   -0.13466376
2.0   2.70   -0.15503559
2.0   2.80   -0.16248350
2.0   2.90   -0.16837043
2.0   3.00   -0.17363764
2.0   3.10   -0.17844724
2.0   3.20   -0.18287463
2.0   3.30   -0.18701196
2.0   3.40   -0.19082394
2.0   3.50   -0.19433382
2.0   3.60   -0.19760529
2.0   3.70   -0.20066121
2.0   3.80   -0.20364353
2.0   3.90   -0.21037297
2.0   4.00   -0.19985457
2.0   4.10   -0.18950673
2.0   4.20   -0.17931117
2.0   4.40   -0.15953423
2.0   4.60   -0.14090236
2.0   4.80   -0.12369698
2.0   5.00   -0.10806431
2.0   5.20   -0.09403214
2.0   5.40   -0.08155596
2.0   5.60   -0.07052451
2.0   5.80   -0.06082793
2.0   6.00   -0.05233844
2.0   7.00   -0.02389954
2.0   8.00   -0.01042732
2.0   9.00   -0.00436666
2.0  10.00   -0.00175188
2.0  12.00   -0.00024494
2.0  14.00   -0.00002638
2.0  16.00    0.00000000
2.0  18.00   -0.00000183
2.0  20.00   -0.00000181
      
2.1   2.10    0.15494612
2.1   2.20    0.17352044
2.1   2.30    0.17481212
2.1   2.40    0.17201018
2.1   2.50    0.16732507
2.1   2.60    0.15418443
2.1   2.70   -0.13161737
2.1   2.80   -0.14537453
2.1   2.90   -0.15214644
2.1   3.00   -0.15740498
2.1   3.10   -0.16205282
2.1   3.20   -0.16631404
2.1   3.30   -0.17017094
2.1   3.40   -0.17371450
2.1   3.50   -0.17695475
2.1   3.60   -0.17992851
2.1   3.70   -0.18267882
2.1   3.80   -0.18534134
2.1   3.90   -0.18771269
2.1   4.00   -0.20298567
2.1   4.10   -0.19438272
2.1   4.20   -0.18399736
2.1   4.40   -0.16390928
2.1   4.60   -0.14494288
2.1   4.80   -0.12736011
2.1   5.00   -0.11132918
2.1   5.20   -0.09690346
2.1   5.40   -0.08407464
2.1   5.60   -0.07270484
2.1   5.80   -0.06270530
2.1   6.00   -0.05394788
2.1   7.00   -0.02460634
2.1   8.00   -0.01071967
2.1   9.00   -0.00448108
2.1  10.00   -0.00179117
2.1  12.00   -0.00024917
2.1  14.00   -0.00002822
2.1  16.00    0.00000000
2.1  18.00   -0.00000194
2.1  20.00   -0.00000192
      
2.13   2.10    0.14369291
2.13   2.20    0.16819637
2.13   2.30    0.17046049
2.13   2.40    0.16804204
2.13   2.50   -0.14414015
2.13   2.60    0.15490101
2.13   2.70   -0.11957570
2.13   2.80   -0.13962580
2.13   2.90   -0.14691819
2.13   3.00   -0.15233284
2.13   3.10   -0.15695691
2.13   3.20   -0.16116340
2.13   3.30   -0.16492814
2.13   3.40   -0.16842090
2.13   3.50   -0.17159212
2.13   3.60   -0.17447386
2.13   3.70   -0.17713764
2.13   3.80   -0.17971773
2.13   3.90   -0.18199748
2.13   4.00   -0.18417032
2.13   4.10   -0.19552368
2.13   4.20   -0.18552212
2.13   4.40   -0.16530889
2.13   4.60   -0.14623839
2.13   4.80   -0.12857301
2.13   5.00   -0.11241279
2.13   5.20   -0.09785828
2.13   5.40   -0.08489772
2.13   5.60   -0.07341952
2.13   5.80   -0.06332256
2.13   6.00   -0.05447871
2.13   7.00   -0.02484069
2.13   8.00   -0.01081747
2.13   9.00   -0.00451986
2.13  10.00   -0.00181070
2.13  12.00   -0.00024877
2.13  14.00   -0.00002828
2.13  16.00   -0.00000000
2.13  18.00   -0.00000199
2.13  20.00   -0.00000197
      
2.2   2.10    0.11299954
2.2   2.20    0.15690600
2.2   2.30    0.16157624
2.2   2.40    0.15993862
2.2   2.50    0.15631435
2.2   2.60   -0.14220938
2.2   2.70   -0.01202554
2.2   2.80   -0.12665695
2.2   2.90   -0.13638478
2.2   3.00   -0.14218640
2.2   3.10   -0.14643651
2.2   3.20   -0.15054630
2.2   3.30   -0.15422230
2.2   3.40   -0.15759336
2.2   3.50   -0.16062362
2.2   3.60   -0.16333693
2.2   3.70   -0.16585270
2.2   3.80   -0.16843066
2.2   3.90   -0.17046467
2.2   4.00   -0.17241393
2.2   4.10   -0.17429237
2.2   4.20   -0.18688765
2.2   4.40   -0.16815459
2.2   4.60   -0.14887403
2.2   4.80   -0.13096538
2.2   5.00   -0.11457987
2.2   5.20   -0.09980304
2.2   5.40   -0.08660271
2.2   5.60   -0.07491029
2.2   5.80   -0.06461718
2.2   6.00   -0.05559697
2.2   7.00   -0.02534757
2.2   8.00   -0.01102910
2.2   9.00   -0.00460427
2.2  10.00   -0.00184161
2.2  12.00   -0.00024943
2.2  14.00   -0.00002870
2.2  16.00    0.00000000
2.2  18.00   -0.00000208
2.2  20.00   -0.00000205
      
2.3   2.10    0.05315814
2.3   2.20    0.13730270
2.3   2.30    0.14769200
2.3   2.40    0.14730463
2.3   2.50    0.14471597
2.3   2.60   -0.12566837
2.3   2.70   -0.13602174
2.3   2.80   -0.09037779
2.3   2.90   -0.11866124
2.3   3.00   -0.12614333
2.3   3.10   -0.13111998
2.3   3.20   -0.13524351
2.3   3.30   -0.13879842
2.3   3.40   -0.14200474
2.3   3.50   -0.14488474
2.3   3.60   -0.14753745
2.3   3.70   -0.14992720
2.3   3.80   -0.15224163
2.3   3.90   -0.15419730
2.3   4.00   -0.15599089
2.3   4.10   -0.15765644
2.3   4.20   -0.15921976
2.3   4.40   -0.17148736
2.3   4.60   -0.15297403
2.3   4.80   -0.13470456
2.3   5.00   -0.11795975
2.3   5.20   -0.10281714
2.3   5.40   -0.08926005
2.3   5.60   -0.07723217
2.3   5.80   -0.06663219
2.3   6.00   -0.05733640
2.3   7.00   -0.02613265
2.3   8.00   -0.01135880
2.3   9.00   -0.00473792
2.3  10.00   -0.00189202
2.3  12.00   -0.00025296
2.3  14.00   -0.00002964
2.3  16.00    0.00000000
2.3  18.00   -0.00000225
2.3  20.00   -0.00000220
      
2.4   2.10   -0.05764980
2.4   2.20    0.11351224
2.4   2.30    0.13412619
2.4   2.40    0.13549522
2.4   2.50    0.13351784
2.4   2.60    0.13048974
2.4   2.70   -0.11736689
2.4   2.80    0.11599599
2.4   2.90   -0.09421451
2.4   3.00   -0.10934245
2.4   3.10   -0.11551847
2.4   3.20   -0.11994068
2.4   3.30   -0.12357088
2.4   3.40   -0.12674113
2.4   3.50   -0.12967502
2.4   3.60   -0.13217128
2.4   3.70   -0.13454778
2.4   3.80   -0.13672141
2.4   3.90   -0.13859979
2.4   4.00   -0.14030973
2.4   4.10   -0.14187798
2.4   4.20   -0.14331185
2.4   4.40   -0.14592879
2.4   4.60   -0.15651888
2.4   4.80   -0.13841053
2.4   5.00   -0.12134176
2.4   5.20   -0.10585983
2.4   5.40   -0.09196006
2.4   5.60   -0.07960581
2.4   5.80   -0.06870406
2.4   6.00   -0.05913233
2.4   7.00   -0.02695592
2.4   8.00   -0.01171020
2.4   9.00   -0.00488157
2.4  10.00   -0.00194616
2.4  12.00   -0.00025806
2.4  14.00   -0.00003089
2.4  16.00    0.00000000
2.4  18.00   -0.00000240
2.4  20.00   -0.00000233
      
2.5   2.10   -0.06895850
2.5   2.20    0.08502739
2.5   2.30    0.12054244
2.5   2.40    0.12352975
2.5   2.50    0.12222678
2.5   2.60    0.11966097
2.5   2.70    0.11632840
2.5   2.80    0.11184356
2.5   2.90    0.07197885
2.5   3.00   -0.08792480
2.5   3.10   -0.09857007
2.5   3.20   -0.10405209
2.5   3.30   -0.10808533
2.5   3.40   -0.11142354
2.5   3.50   -0.11432495
2.5   3.60   -0.11690512
2.5   3.70   -0.11937054
2.5   3.80   -0.12153327
2.5   3.90   -0.12340880
2.5   4.00   -0.12508818
2.5   4.10   -0.12664623
2.5   4.20   -0.12805179
2.5   4.40   -0.13051904
2.5   4.60   -0.13273719
2.5   4.80   -0.14199826
2.5   5.00   -0.12473030
2.5   5.20   -0.10894362
2.5   5.40   -0.09472676
2.5   5.60   -0.08205555
2.5   5.80   -0.07085091
2.5   6.00   -0.06100190
2.5   7.00   -0.02782876
2.5   8.00   -0.01208860
2.5   9.00   -0.00503869
2.5  10.00   -0.00200746
2.5  12.00   -0.00026600
2.5  14.00   -0.00003255
2.5  16.00    0.00000000
2.5  18.00   -0.00000256
2.5  20.00   -0.00000250
      
2.6   2.10   -0.01716043
2.6   2.20    0.05939027
2.6   2.30    0.10916033
2.6   2.40    0.11230850
2.6   2.50    0.11123002
2.6   2.60    0.10915598
2.6   2.70   -0.10637812
2.6   2.80   -0.10344339
2.6   2.90   -0.08506707
2.6   3.00   -0.08127931
2.6   3.10   -0.07733911
2.6   3.20   -0.08688036
2.6   3.30   -0.09208524
2.6   3.40   -0.09593882
2.6   3.50   -0.09909340
2.6   3.60   -0.10181997
2.6   3.70   -0.10448162
2.6   3.80   -0.10657966
2.6   3.90   -0.10850774
2.6   4.00   -0.11030560
2.6   4.10   -0.11195547
2.6   4.20   -0.11339146
2.6   4.40   -0.11585940
2.6   4.60   -0.11780180
2.6   4.80   -0.11990267
2.6   5.00   -0.12803677
2.6   5.20   -0.11203169
2.6   5.40   -0.09754374
2.6   5.60   -0.08458227
2.6   5.80   -0.07308536
2.6   6.00   -0.06296012
2.6   7.00   -0.02876298
2.6   8.00   -0.01250080
2.6   9.00   -0.00521312
2.6  10.00   -0.00207742
2.6  12.00   -0.00027718
2.6  14.00   -0.00003483
2.6  16.00    0.00000000
2.6  18.00   -0.00000274
2.6  20.00   -0.00000269
      
2.7   2.10   -0.10432760
2.7   2.20   -0.10729945
2.7   2.30    0.10322866
2.7   2.40   -0.10286718
2.7   2.50   -0.10124815
2.7   2.60   -0.09957041
2.7   2.70   -0.08965780
2.7   2.80   -0.08613809
2.7   2.90   -0.08277344
2.7   3.00   -0.07956083
2.7   3.10   -0.07646502
2.7   3.20   -0.06472228
2.7   3.30   -0.07414914
2.7   3.40   -0.07949570
2.7   3.50   -0.08342647
2.7   3.60   -0.08661221
2.7   3.70   -0.08954949
2.7   3.80   -0.09150301
2.7   3.90   -0.09360190
2.7   4.00   -0.09585799
2.7   4.10   -0.09753689
2.7   4.20   -0.09871716
2.7   4.40   -0.10128727
2.7   4.60   -0.10324490
2.7   4.80   -0.10507856
2.7   5.00   -0.13009014
2.7   5.20   -0.11496630
2.7   5.40   -0.10034987
2.7   5.60   -0.08715864
2.7   5.80   -0.07539587
2.7   6.00   -0.06500699
2.7   7.00   -0.02976991
2.7   8.00   -0.01295459
2.7   9.00   -0.00540944
2.7  10.00   -0.00215853
2.7  12.00   -0.00029273
2.7  14.00   -0.00003798
2.7  16.00    0.00000000
2.7  18.00   -0.00000295
2.7  20.00   -0.00000294
      
2.8   2.10   -0.07577665
2.8   2.20   -0.07240897
2.8   2.30   -0.08210693
2.8   2.40   -0.08765641
2.8   2.50   -0.08861231
2.8   2.60   -0.08750495
2.8   2.70   -0.08557320
2.8   2.80   -0.08328679
2.8   2.90   -0.08088357
2.8   3.00   -0.07838823
2.8   3.10   -0.07594316
2.8   3.20   -0.07364896
2.8   3.30   -0.05073545
2.8   3.40   -0.06113105
2.8   3.50   -0.06691329
2.8   3.60   -0.07125517
2.8   3.70   -0.07458996
2.8   3.80   -0.07736821
2.8   3.90   -0.07964328
2.8   4.00   -0.08172211
2.8   4.10   -0.08357460
2.8   4.20   -0.08521782
2.8   4.40   -0.08799401
2.8   4.60   -0.09022156
2.8   4.80   -0.09213202
2.8   5.00   -0.09251159
2.8   5.20   -0.09085710
2.8   5.40   -0.10287868
2.8   5.60   -0.08963480
2.8   5.80   -0.07772386
2.8   6.00   -0.06710048
2.8   7.00   -0.03084708
2.8   8.00   -0.01345184
2.8   9.00   -0.00563028
2.8  10.00   -0.00225227
2.8  12.00   -0.00031334
2.8  14.00   -0.00004235
2.8  16.00    0.00000000
2.8  18.00   -0.00000297
2.8  20.00   -0.00000305
      
2.9   2.10    0.00652370
2.9   2.20   -0.01010648
2.9   2.30   -0.02042582
2.9   2.40   -0.02600639
2.9   2.50   -0.02947410
2.9   2.60   -0.03154736
2.9   2.70   -0.03349868
2.9   2.80   -0.03531053
2.9   2.90   -0.03658228
2.9   3.00   -0.03795778
2.9   3.10   -0.03950360
2.9   3.20   -0.04119177
2.9   3.30   -0.04316480
2.9   3.40   -0.04531824
2.9   3.50   -0.04755836
2.9   3.60   -0.04992485
2.9   3.70   -0.05236026
2.9   3.80   -0.05486422
2.9   3.90   -0.05737989
2.9   4.00   -0.05983831
2.9   4.10   -0.06222225
2.9   4.20   -0.06440798
2.9   4.40   -0.06893671
2.9   4.60   -0.07273438
2.9   4.80   -0.07586650
2.9   5.00   -0.07796784
2.9   5.20   -0.08094207
2.9   5.40   -0.08420983
2.9   5.60   -0.07929356
2.9   5.80   -0.07132222
2.9   6.00   -0.06291304
2.9   7.00   -0.03007226
2.9   8.00   -0.01330134
2.9   9.00   -0.00563973
2.9  10.00   -0.00229873
2.9  12.00   -0.00033867
2.9  14.00   -0.00003776
2.9  16.00    0.00000000
2.9  18.00   -0.00000323
2.9  20.00   -0.00000343
      
3.0   2.10    0.00241683
3.0   2.20    0.00179558
3.0   2.30   -0.01088142
3.0   2.40   -0.01866743
3.0   2.50   -0.02327359
3.0   2.60   -0.02612593
3.0   2.70   -0.02800880
3.0   2.80   -0.02946662
3.0   2.90   -0.03115274
3.0   3.00   -0.03246166
3.0   3.10   -0.03388343
3.0   3.20   -0.03549239
3.0   3.30   -0.03723197
3.0   3.40   -0.03918738
3.0   3.50   -0.04129379
3.0   3.60   -0.04344461
3.0   3.70   -0.04572063
3.0   3.80   -0.04778401
3.0   3.90   -0.05012916
3.0   4.00   -0.05246456
3.0   4.10   -0.05474709
3.0   4.20   -0.05697587
3.0   4.40   -0.06109690
3.0   4.60   -0.06469087
3.0   4.80   -0.06775101
3.0   5.00   -0.07101509
3.0   5.20   -0.07277301
3.0   5.40   -0.07677838
3.0   5.60   -0.07766576
3.0   5.80   -0.07174774
3.0   6.00   -0.06392738
3.0   7.00   -0.03093613
3.0   8.00   -0.01374667
3.0   9.00   -0.00584788
3.0  10.00   -0.00239064
3.0  12.00   -0.00035456
3.0  14.00   -0.00004039
3.0  16.00    0.00000000
3.0  18.00   -0.00000352
3.0  20.00   -0.00000376
      
3.1   2.10    0.02644071
3.1   2.20   -0.00348698
3.1   2.30   -0.01698361
3.1   2.40   -0.02604294
3.1   2.50   -0.03139255
3.1   2.60   -0.03463802
3.1   2.70   -0.03668119
3.1   2.80   -0.03823803
3.1   2.90   -0.03952337
3.1   3.00   -0.04100508
3.1   3.10   -0.04225876
3.1   3.20   -0.04365372
3.1   3.30   -0.04512875
3.1   3.40   -0.04668958
3.1   3.50   -0.04842356
3.1   3.60   -0.05021892
3.1   3.70   -0.05201435
3.1   3.80   -0.05387102
3.1   3.90   -0.05599128
3.1   4.00   -0.05780023
3.1   4.10   -0.05953781
3.1   4.20   -0.06119558
3.1   4.40   -0.06424237
3.1   4.60   -0.06683883
3.1   4.80   -0.06900206
3.1   5.00   -0.07078098
3.1   5.20   -0.07231974
3.1   5.40   -0.07384689
3.1   5.60   -0.07293515
3.1   5.80   -0.07115491
3.1   6.00   -0.06476512
3.1   7.00   -0.03205687
3.1   8.00   -0.01431996
3.1   9.00   -0.00611459
3.1  10.00   -0.00250811
3.1  12.00   -0.00037477
3.1  14.00   -0.00004307
3.1  16.00    0.00000000
3.1  18.00   -0.00000392
3.1  20.00   -0.00000425
      
3.2   2.10    0.03095691
3.2   2.20    0.02296993
3.2   2.30   -0.00749206
3.2   2.40   -0.01821194
3.2   2.50   -0.02511573
3.2   2.60   -0.02916574
3.2   2.70   -0.03165223
3.2   2.80   -0.03336368
3.2   2.90   -0.03470824
3.2   3.00   -0.03590743
3.2   3.10   -0.03726755
3.2   3.20   -0.03857865
3.2   3.30   -0.03995639
3.2   3.40   -0.04144764
3.2   3.50   -0.04303942
3.2   3.60   -0.04472206
3.2   3.70   -0.04649370
3.2   3.80   -0.04828818
3.2   3.90   -0.05003408
3.2   4.00   -0.05179816
3.2   4.10   -0.05352109
3.2   4.20   -0.05533434
3.2   4.40   -0.05832598
3.2   4.60   -0.06090204
3.2   4.80   -0.06305443
3.2   5.00   -0.06484199
3.2   5.20   -0.06639479
3.2   5.40   -0.06799262
3.2   5.60   -0.06951498
3.2   5.80   -0.06853907
3.2   6.00   -0.06519367
3.2   7.00   -0.03308833
3.2   8.00   -0.01486947
3.2   9.00   -0.00637647
3.2  10.00   -0.00262614
3.2  12.00   -0.00039647
3.2  14.00   -0.00004672
3.2  16.00    0.00000000
3.2  18.00   -0.00000473
3.2  20.00   -0.00000552
      
