      1.6   0.20   -110.14052733   -109.67540995   -110.13987591   -109.67606137
      1.6   0.60   -111.34505677   -110.92129028   -111.34388435   -110.92246270
      1.6   1.00   -112.19750030   -111.79977566   -112.19018029   -111.80709567
      1.6   1.40   -112.63111475   -112.23063897   -112.59543190   -112.26632182
      1.6   1.60   -112.74226383   -112.34120580   -112.69903474   -112.38443489
      1.6   1.80   -112.81020782   -112.41523183   -112.75655725   -112.46888241
      1.6   2.00   -112.84919027   -112.46832279   -112.79176924   -112.52574382
      1.6   2.10   -112.86133830   -112.49037205   -112.80250715   -112.54920319
      1.6   2.20   -112.86984014   -112.51031148   -112.80951403   -112.57063759
      1.6   2.30   -112.87544748   -112.52847012   -112.81352349   -112.59039411
      1.6   2.40   -112.87876942   -112.54505360   -112.81520822   -112.60861479
      1.6   2.50   -112.88029738   -112.56021416   -112.81511494   -112.62539661
      1.6   2.60   -112.88042738   -112.57408588   -112.81372762   -112.64078564
      1.6   2.70   -112.87947830   -112.58679776   -112.81142750   -112.65484855
      1.6   2.80   -112.87770635   -112.59847567   -112.80835323   -112.66782878
      1.6   2.90   -112.87531686   -112.60924077   -112.80497284   -112.67958479
      1.6   3.00   -112.87247338   -112.61920616   -112.80139079   -112.69028874
      1.6   3.10   -112.86930564   -112.62847492   -112.79778807   -112.69999249
      1.6   3.20   -112.86591553   -112.63713742   -112.79427441   -112.70877854
      1.6   3.30   -112.86238270   -112.64527084   -112.79095823   -112.71669531
      1.6   3.40   -112.85876884   -112.65293874   -112.78780590   -112.72390167
      1.6   3.50   -112.85512147   -112.66019163   -112.78490580   -112.73040729
      1.6   3.60   -112.85147696   -112.66706827   -112.78228380   -112.73626144
      1.6   3.70   -112.84786322   -112.67359747   -112.77993215   -112.74152855
      1.6   3.80   -112.84430157   -112.67980014   -112.77784872   -112.74625299
      1.6   3.90   -112.84080837   -112.68569120   -112.77602670   -112.75047287
      1.6   4.00   -112.83739618   -112.69128162   -112.77444030   -112.75423750
      1.6   4.10   -112.83407482   -112.69657984   -112.77306711   -112.75758755
      1.6   4.20   -112.83085150   -112.70159303   -112.77188422   -112.76056031
      1.6   4.40   -112.82472061   -112.71079131   -112.76999980   -112.76551212
      1.6   4.60   -112.81903292   -112.71893340   -112.76934053   -112.76862580
      1.6   4.80   -112.81380201   -112.72608471   -112.77226465   -112.76762208
      1.6   5.00   -112.80903052   -112.73231929   -112.77447266   -112.76687715
      1.6   5.20   -112.80471324   -112.73771651   -112.77611625   -112.76631350
      1.6   5.40   -112.80083916   -112.74235709   -112.77732279   -112.76587345
      1.6   5.60   -112.79739273   -112.74631960   -112.77819920   -112.76551314
      1.6   5.80   -112.79435506   -112.74967813   -112.77881660   -112.76521660
      1.6   6.00   -112.79170472   -112.75250095   -112.77924476   -112.76496091
      1.6   7.00   -112.78338792   -112.76057037   -112.77993264   -112.76402565
      1.6   8.00   -112.78059069   -112.76271133   -112.77988623   -112.76341579
      1.6   9.00   -112.77991447   -112.76293114   -112.77979536   -112.76305026
      1.6  10.00   -112.77975514   -112.76280551   -112.77973704   -112.76282361
      1.6  12.00   -112.77968359   -112.76254031   -112.77968331   -112.76254059
      1.6  14.00   -112.77966284   -112.76229435   -112.77966284   -112.76229435
      1.6  16.00   -112.77965341   -112.76220158   -112.77965341   -112.76220158
      1.6  18.00   -112.77964858   -112.76214556   -112.77964858   -112.76214556
      1.6  20.00   -112.77964593   -112.76210495   -112.77964593   -112.76210495

      1.7   0.20   -110.67553967   -110.23993720   -110.67497171   -110.24050516
      1.7   0.60   -111.67515693   -111.28307350   -111.67406005   -111.28417039
      1.7   1.00   -112.41172844   -112.04855496   -112.40489964   -112.05538376
      1.7   1.40   -112.80599825   -112.44112187   -112.77516170   -112.47195843
      1.7   1.60   -112.91034590   -112.54339928   -112.87287313   -112.58087205
      1.7   1.80   -112.97487716   -112.61013743   -112.92968125   -112.65533334
      1.7   2.00   -113.01224349   -112.65700250   -112.95753278   -112.71171322
      1.7   2.10   -113.02383295   -112.67561512   -112.96810022   -112.73134785
      1.7   2.20   -113.03188733   -112.69235000   -112.97511849   -112.74911883
      1.7   2.30   -113.03711634   -112.70766411   -112.97938690   -112.76539356
      1.7   2.40   -113.04010246   -112.72181443   -112.98136669   -112.78055020
      1.7   2.50   -113.04132114   -112.73493790   -112.98162149   -112.79463755
      1.7   2.60   -113.04115950   -112.74711472   -112.98045095   -112.80782327
      1.7   2.70   -113.03993197   -112.75840627   -112.97818904   -112.82014920
      1.7   2.80   -113.03789324   -112.76887309   -112.97525620   -112.83151013
      1.7   2.90   -113.03524860   -112.77858048   -112.97180661   -112.84202246
      1.7   3.00   -113.03216252   -112.78759798   -112.96809086   -112.85166964
      1.7   3.10   -113.02876583   -112.79599687   -112.96427382   -112.86048888
      1.7   3.20   -113.02516168   -112.80384701   -112.96045144   -112.86855725
      1.7   3.30   -113.02143066   -112.81121363   -112.95675252   -112.87589177
      1.7   3.40   -113.01763508   -112.81815518   -112.95320382   -112.88258644
      1.7   3.50   -113.01382260   -112.82472170   -112.94991415   -112.88863016
      1.7   3.60   -113.01002940   -112.83095415   -112.94689540   -112.89408814
      1.7   3.70   -113.00628271   -112.83688447   -112.94414293   -112.89902425
      1.7   3.80   -113.00260282   -112.84253634   -112.94167179   -112.90346737
      1.7   3.90   -112.99900505   -112.84792673   -112.93948262   -112.90744916
      1.7   4.00   -112.99550069   -112.85306708   -112.93754919   -112.91101858
      1.7   4.10   -112.99209813   -112.85796505   -112.93585371   -112.91420947
      1.7   4.20   -112.98880352   -112.86262581   -112.93439435   -112.91703499
      1.7   4.40   -112.98255441   -112.87125105   -112.93205271   -112.92175275
      1.7   4.60   -112.97677326   -112.87897182   -112.93032632   -112.92541876
      1.7   4.80   -112.97146525   -112.88582432   -112.92906633   -112.92822325
      1.7   5.00   -112.96662571   -112.89185670   -112.93034208   -112.92814033
      1.7   5.20   -112.96224310   -112.89712739   -112.93193068   -112.92743981
      1.7   5.40   -112.95830111   -112.90170136   -112.93309346   -112.92690901
      1.7   5.60   -112.95477983   -112.90564569   -112.93393234   -112.92649317
      1.7   5.80   -112.95165686   -112.90902628   -112.93452596   -112.92615718
      1.7   6.00   -112.94890822   -112.91190542   -112.93493647   -112.92587716
      1.7   7.00   -112.93990965   -112.92060127   -112.93558587   -112.92492505
      1.7   8.00   -112.93649817   -112.92337955   -112.93553261   -112.92434510
      1.7   9.00   -112.93560818   -112.92384089   -112.93543995   -112.92400912
      1.7  10.00   -112.93540681   -112.92378012   -112.93538110   -112.92380583
      1.7  12.00   -112.93532729   -112.92356503   -112.93532690   -112.92356543
      1.7  14.00   -112.93530617   -112.92333951   -112.93530617   -112.92333951
      1.7  16.00   -112.93529659   -112.92326256   -112.93529659   -112.92326256
      1.7  18.00   -112.93529166   -112.92321654   -112.93529166   -112.92321654
      1.7  20.00   -112.93528894   -112.92318324   -112.93528894   -112.92318324
                     
      1.8   0.20   -111.09950376   -110.69029851   -111.09898832   -110.69081395
      1.8   0.60   -111.93323991   -111.56912277   -111.93226025   -111.57010243
      1.8   1.00   -112.56924688   -112.23667064   -112.56303726   -112.24288025
      1.8   1.40   -112.92564839   -112.59331638   -112.89895423   -112.62001054
      1.8   1.60   -113.02285782   -112.68795700   -112.99000992   -112.72080489
      1.8   1.80   -113.08374669   -112.74987192   -113.03680459   -112.79681403
      1.8   2.00   -113.11913825   -112.79062221   -113.06832723   -112.84143323
      1.8   2.10   -113.13009573   -112.80638404   -113.07830094   -112.85817882
      1.8   2.20   -113.13765313   -112.82025801   -113.08511891   -112.87279222
      1.8   2.30   -113.14247444   -112.83282983   -113.08933873   -112.88596554
      1.8   2.40   -113.14511078   -112.84447094   -113.09147736   -112.89810436
      1.8   2.50   -113.14601703   -112.85538520   -113.09182103   -112.90958121
      1.8   2.60   -113.14556764   -112.86566697   -113.09078932   -112.92044529
      1.8   2.70   -113.14406953   -112.87535213   -113.08868850   -112.93073316
      1.8   2.80   -113.14177341   -112.88445520   -113.08579243   -112.94043618
      1.8   2.90   -113.13888309   -112.89299016   -113.08236599   -112.94950726
      1.8   3.00   -113.13556254   -112.90097834   -113.07856279   -112.95797810
      1.8   3.10   -113.13194338   -112.90845153   -113.07457559   -112.96581932
      1.8   3.20   -113.12812970   -112.91544912   -113.07053437   -112.97304444
      1.8   3.30   -113.12420305   -112.92201542   -113.06645654   -112.97976193
      1.8   3.40   -113.12022675   -112.92819634   -113.06258701   -112.98583608
      1.8   3.50   -113.11624913   -112.93403604   -113.05891786   -112.99136732
      1.8   3.60   -113.11230661   -112.93957457   -113.05549062   -112.99639055
      1.8   3.70   -113.10842620   -112.94484618   -113.05233522   -113.00093715
      1.8   3.80   -113.10462768   -112.94987836   -113.04943205   -113.00507400
      1.8   3.90   -113.10092542   -112.95469203   -113.04685695   -113.00876050
      1.8   4.00   -113.09732955   -112.95930164   -113.04456247   -113.01206871
      1.8   4.10   -113.09384723   -112.96371666   -113.04254573   -113.01501816
      1.8   4.20   -113.09048335   -112.96794260   -113.04077063   -113.01765533
      1.8   4.40   -113.08412238   -112.97583732   -113.03787447   -113.02208523
      1.8   4.60   -113.07825794   -112.98299575   -113.03571722   -113.02553647
      1.8   4.80   -113.07288767   -112.98942729   -113.03412956   -113.02818539
      1.8   5.00   -113.06800020   -112.99515256   -113.03296535   -113.03018741
      1.8   5.20   -113.06357814   -113.00020599   -113.03209736   -113.03168677
      1.8   5.40   -113.05959991   -113.00463304   -113.03278735   -113.03144561
      1.8   5.60   -113.05604101   -113.00848607   -113.03358737   -113.03093971
      1.8   5.80   -113.05287511   -113.01182032   -113.03414900   -113.03054643
      1.8   6.00   -113.05007478   -113.01469048   -113.03453558   -113.03022968
      1.8   7.00   -113.04061170   -113.02375909   -113.03513305   -113.02923774
      1.8   8.00   -113.03651442   -113.02724228   -113.03506935   -113.02868735
      1.8   9.00   -113.03524896   -113.02810847   -113.03497452   -113.02838291
      1.8  10.00   -113.03495786   -113.02816247   -113.03491511   -113.02820523
      1.8  12.00   -113.03486134   -113.02799808   -113.03486067   -113.02799875
      1.8  14.00   -113.03483981   -113.02779476   -113.03483980   -113.02779477
      1.8  16.00   -113.03483013   -113.02773420   -113.03483013   -113.02773420
      1.8  18.00   -113.03482515   -113.02769875   -113.03482515   -113.02769875
      1.8  20.00   -113.03482238   -113.02767317   -113.03482238   -113.02767317
                     
      1.9   0.20   -111.43810741   -111.05206765   -111.43781884   -111.05235623
      1.9   0.60   -112.13652157   -111.79677451   -112.13557933   -111.79771674
      1.9   1.00   -112.68539807   -112.37954328   -112.67985057   -112.38509078
      1.9   1.40   -113.00580108   -112.70269178   -112.99478156   -112.71371129
      1.9   1.60   -113.09568237   -112.79013772   -113.06748716   -112.81833293
      1.9   1.80   -113.15260360   -112.84716617   -113.11148612   -112.88828366
      1.9   2.00   -113.18590183   -112.88361519   -113.14022161   -112.92929542
      1.9   2.10   -113.19616021   -112.89712704   -113.14928867   -112.94399858
      1.9   2.20   -113.20317312   -112.90865532   -113.15552627   -112.95630216
      1.9   2.30   -113.20755700   -112.91884487   -113.15941545   -112.96698642
      1.9   2.40   -113.20982822   -112.92816052   -113.16135899   -112.97662975
      1.9   2.50   -113.21041738   -112.93690040   -113.16173595   -112.98558183
      1.9   2.60   -113.20968248   -112.94522532   -113.16073165   -112.99417615
      1.9   2.70   -113.20792003   -112.95319875   -113.15869682   -113.00242196
      1.9   2.80   -113.20537452   -112.96082809   -113.15585881   -113.01034381
      1.9   2.90   -113.20224606   -112.96809741   -113.15243813   -113.01790534
      1.9   3.00   -113.19869734   -112.97498923   -113.14860245   -113.02508412
      1.9   3.10   -113.19485967   -112.98149541   -113.14453174   -113.03182334
      1.9   3.20   -113.19083746   -112.98761988   -113.14032701   -113.03813033
      1.9   3.30   -113.18671349   -112.99337890   -113.13604617   -113.04404621
      1.9   3.40   -113.18255207   -112.99879772   -113.13190158   -113.04944822
      1.9   3.50   -113.17840266   -113.00390727   -113.12790976   -113.05440017
      1.9   3.60   -113.17430259   -113.00874087   -113.12411671   -113.05892675
      1.9   3.70   -113.17027950   -113.01333129   -113.12055807   -113.06305272
      1.9   3.80   -113.16635346   -113.01770839   -113.11727268   -113.06678917
      1.9   3.90   -113.16253851   -113.02189734   -113.11426935   -113.07016650
      1.9   4.00   -113.15884429   -113.02591794   -113.11155436   -113.07320787
      1.9   4.10   -113.15527704   -113.02978429   -113.10913171   -113.07592961
      1.9   4.20   -113.15184047   -113.03350529   -113.10698779   -113.07835797
      1.9   4.40   -113.14536579   -113.04052659   -113.10344827   -113.08244412
      1.9   4.60   -113.13942183   -113.04698801   -113.10077063   -113.08563922
      1.9   4.80   -113.13399801   -113.05287892   -113.09877972   -113.08809721
      1.9   5.00   -113.12907630   -113.05819363   -113.09731281   -113.08995712
      1.9   5.20   -113.12463374   -113.06294043   -113.09622975   -113.09134442
      1.9   5.40   -113.12064390   -113.06714218   -113.09541701   -113.09236907
      1.9   5.60   -113.11707804   -113.07083306   -113.09480228   -113.09310882
      1.9   5.80   -113.11390604   -113.07405431   -113.09432586   -113.09363449
      1.9   6.00   -113.11109727   -113.07685052   -113.09399048   -113.09395731
      1.9   7.00   -113.10146680   -113.08595001   -113.09452242   -113.09289440
      1.9   8.00   -113.09685846   -113.08995563   -113.09444502   -113.09236906
      1.9   9.00   -113.09497576   -113.09146777   -113.09434769   -113.09209585
      1.9  10.00   -113.09440079   -113.09183138   -113.09428768   -113.09194450
      1.9  12.00   -113.09423476   -113.09177261   -113.09423295   -113.09177442
      1.9  14.00   -113.09421200   -113.09165944   -113.09421199   -113.09165945
      1.9  16.00   -113.09420226   -113.09153992   -113.09420226   -113.09153992
      1.9  18.00   -113.09419722   -113.09151532   -113.09419722   -113.09151532
      1.9  20.00   -113.09419442   -113.09149767   -113.09419442   -113.09149767

      2.0   0.20   -111.71075356   -111.34482405   -111.71051552   -111.34506209
      2.0   0.60   -112.29787293   -111.97920358   -112.29704084   -111.98003568
      2.0   1.00   -112.77130540   -112.48856096   -112.76620303   -112.49366333
      2.0   1.40   -113.05783864   -112.78064105   -113.04820149   -112.79027820
      2.0   1.60   -113.14032774   -112.86124759   -113.11631418   -112.88526115
      2.0   1.80   -113.19314364   -112.91378792   -113.15820211   -112.94872944
      2.0   2.00   -113.22416178   -112.94664747   -113.18436458   -112.98644467
      2.0   2.10   -113.23366613   -112.95837517   -113.19235278   -112.99968852
      2.0   2.20   -113.24009360   -112.96803913   -113.19784998   -113.01028275
      2.0   2.30   -113.24401308   -112.97628010   -113.20123909   -113.01905408
      2.0   2.40   -113.24590501   -112.98360314   -113.20284913   -113.02665901
      2.0   2.50   -113.24617344   -112.99037602   -113.20300533   -113.03354413
      2.0   2.60   -113.24515721   -112.99683521   -113.20196940   -113.04002302
      2.0   2.70   -113.24313958   -113.00310388   -113.19992535   -113.04631810
      2.0   2.80   -113.24035617   -113.00922060   -113.19710606   -113.05247070
      2.0   2.90   -113.23700177   -113.01517234   -113.19363904   -113.05853507
      2.0   3.00   -113.23323611   -113.02092343   -113.18979160   -113.06436794
      2.0   3.10   -113.22918885   -113.02643598   -113.18565035   -113.06997448
      2.0   3.20   -113.22496438   -113.03168156   -113.18136654   -113.07527940
      2.0   3.30   -113.22064578   -113.03664553   -113.17705997   -113.08023134
      2.0   3.40   -113.21629829   -113.04132706   -113.17270958   -113.08491577
      2.0   3.50   -113.21197246   -113.04573702   -113.16845367   -113.08925580
      2.0   3.60   -113.20770682   -113.04989482   -113.16436811   -113.09323353
      2.0   3.70   -113.20353015   -113.05382525   -113.16046539   -113.09689001
      2.0   3.80   -113.19946346   -113.05755535   -113.15677633   -113.10024248
      2.0   3.90   -113.19552161   -113.06111186   -113.15336367   -113.10326979
      2.0   4.00   -113.19171462   -113.06451911   -113.15022695   -113.10600678
      2.0   4.10   -113.18804880   -113.06779741   -113.14737390   -113.10847231
      2.0   4.20   -113.18452749   -113.07096216   -113.14480601   -113.11068364
      2.0   4.40   -113.17792161   -113.07698695   -113.14049971   -113.11440886
      2.0   4.60   -113.17188984   -113.08262278   -113.13718506   -113.11732757
      2.0   4.80   -113.16641179   -113.08785435   -113.13468884   -113.11957730
      2.0   5.00   -113.16146117   -113.09265474   -113.13283919   -113.12127672
      2.0   5.20   -113.15700869   -113.09700592   -113.13147403   -113.12254058
      2.0   5.40   -113.15302306   -113.10090559   -113.13045475   -113.12347391
      2.0   5.60   -113.14947157   -113.10436650   -113.12969247   -113.12414560
      2.0   5.80   -113.14632082   -113.10741268   -113.12911663   -113.12461686
      2.0   6.00   -113.14353741   -113.11007533   -113.12867766   -113.12493508
      2.0   7.00   -113.13403280   -113.11885714   -113.12749301   -113.12539693
      2.0   8.00   -113.12947071   -113.12283020   -113.12699530   -113.12530560
      2.0   9.00   -113.12749097   -113.12445112   -113.12673571   -113.12520639
      2.0  10.00   -113.12677237   -113.12498295   -113.12660893   -113.12514638
      2.0  12.00   -113.12648072   -113.12508871   -113.12647764   -113.12509179
      2.0  14.00   -113.12638019   -113.12507074   -113.12638017   -113.12507076
      2.0  16.00   -113.12626673   -113.12506096   -113.12626673   -113.12506096
      2.0  18.00   -113.12625298   -113.12505587   -113.12625298   -113.12505587
      2.0  20.00   -113.12624330   -113.12505302   -113.12624330   -113.12505302

      2.1   0.20   -111.93201788   -111.58344818   -111.93182908   -111.58363698
      2.1   0.60   -112.42698060   -112.12650109   -112.42614429   -112.12733740
      2.1   1.00   -112.83506963   -112.57218861   -112.83046929   -112.57678895
      2.1   1.40   -113.09001631   -112.83559234   -113.07411467   -112.85149399
      2.1   1.60   -113.16522794   -112.91005494   -113.14280179   -112.93248109
      2.1   1.80   -113.21375126   -112.95793484   -113.18464484   -112.98704126
      2.1   2.00   -113.24236907   -112.98767406   -113.20838804   -113.02165509
      2.1   2.10   -113.25107801   -112.99794322   -113.21544192   -113.03357931
      2.1   2.20   -113.25688864   -113.00611533   -113.22018967   -113.04281430
      2.1   2.30   -113.26032233   -113.01279396   -113.22298881   -113.05012748
      2.1   2.40   -113.26182359   -113.01848199   -113.22419405   -113.05611153
      2.1   2.50   -113.26176918   -113.02357758   -113.22407140   -113.06127535
      2.1   2.60   -113.26047733   -113.02837093   -113.22284688   -113.06600138
      2.1   2.70   -113.25821607   -113.03304627   -113.22073345   -113.07052889
      2.1   2.80   -113.25521015   -113.03769346   -113.21787452   -113.07502909
      2.1   2.90   -113.25164696   -113.04232978   -113.21445110   -113.07952564
      2.1   3.00   -113.24768146   -113.04692671   -113.21058904   -113.08401913
      2.1   3.10   -113.24344065   -113.05143533   -113.20641420   -113.08846178
      2.1   3.20   -113.23902756   -113.05580491   -113.20204318   -113.09278930
      2.1   3.30   -113.23452493   -113.05999409   -113.19756893   -113.09695009
      2.1   3.40   -113.22999821   -113.06397542   -113.19310333   -113.10087030
      2.1   3.50   -113.22549874   -113.06773614   -113.18867364   -113.10456124
      2.1   3.60   -113.22106599   -113.07127630   -113.18434283   -113.10799946
      2.1   3.70   -113.21672988   -113.07460611   -113.18016237   -113.11117362
      2.1   3.80   -113.21251256   -113.07774304   -113.17617471   -113.11408089
      2.1   3.90   -113.20843012   -113.08070902   -113.17240929   -113.11672985
      2.1   4.00   -113.20449368   -113.08352788   -113.16888433   -113.11913724
      2.1   4.10   -113.20071048   -113.08622314   -113.16561748   -113.12131615
      2.1   4.20   -113.19708469   -113.08881626   -113.16261372   -113.12328722
      2.1   4.40   -113.19031014   -113.09376301   -113.15747984   -113.12659331
      2.1   4.60   -113.18416223   -113.09845484   -113.15343829   -113.12917878
      2.1   4.80   -113.17861372   -113.10290638   -113.15031289   -113.13120720
      2.1   5.00   -113.17362821   -113.10708642   -113.14799083   -113.13272380
      2.1   5.20   -113.16916706   -113.11095325   -113.14627476   -113.13384554
      2.1   5.40   -113.16519212   -113.11447676   -113.14500433   -113.13466454
      2.1   5.60   -113.16166604   -113.11764476   -113.14405714   -113.13525367
      2.1   5.80   -113.15855211   -113.12046082   -113.14335006   -113.13566286
      2.1   6.00   -113.15581451   -113.12293986   -113.14281752   -113.13593684
      2.1   7.00   -113.14662971   -113.13114470   -113.14148242   -113.13629199
      2.1   8.00   -113.14252746   -113.13464236   -113.14099169   -113.13617814
      2.1   9.00   -113.14108522   -113.13574781   -113.14075867   -113.13607435
      2.1  10.00   -113.14070917   -113.13595956   -113.14065534   -113.13601339
      2.1  12.00   -113.14055867   -113.13595745   -113.14055778   -113.13595834
      2.1  14.00   -113.14048022   -113.13593714   -113.14048021   -113.13593715
      2.1  16.00   -113.14037358   -113.13592725   -113.14037358   -113.13592725
      2.1  18.00   -113.14037048   -113.13592209   -113.14037048   -113.13592209
      2.1  20.00   -113.14036867   -113.13591919   -113.14036867   -113.13591919 
                    
      2.13   0.20   -111.99427524   -111.65078056   -111.99410262   -111.65095318
      2.13   0.60   -112.46297190   -112.16781406   -112.46212544   -112.16866052
      2.13   1.00   -112.85192227   -112.59481718   -112.84746642   -112.59927303
      2.13   1.40   -113.09719429   -112.84948335   -113.08223049   -112.86444715
      2.13   1.60   -113.17004770   -112.92185027   -113.14894385   -112.94295412
      2.13   1.80   -113.21720417   -112.96842570   -113.18984651   -112.99578335
      2.13   2.00   -113.24502955   -112.99723182   -113.21286775   -113.02939362
      2.13   2.10   -113.25347536   -113.00708218   -113.21970233   -113.04085520
      2.13   2.20   -113.25908215   -113.01483480   -113.22415595   -113.04976100
      2.13   2.30   -113.26235590   -113.02107819   -113.22675822   -113.05667587
      2.13   2.40   -113.26372955   -113.02630877   -113.22781585   -113.06222247
      2.13   2.50   -113.26357102   -113.03092740   -113.22757536   -113.06692306
      2.13   2.60   -113.26219183   -113.03523544   -113.22628052   -113.07114675
      2.13   2.70   -113.25985480   -113.03943336   -113.22412924   -113.07515892
      2.13   2.80   -113.25678089   -113.04362816   -113.22126315   -113.07914590
      2.13   2.90   -113.25315470   -113.04785037   -113.21782271   -113.08318235
      2.13   3.00   -113.24912937   -113.05207861   -113.21395402   -113.08725396
      2.13   3.10   -113.24483066   -113.05626464   -113.20977429   -113.09132101
      2.13   3.20   -113.24036096   -113.06035376   -113.20539234   -113.09532238
      2.13   3.30   -113.23580264   -113.06429779   -113.20089408   -113.09920635
      2.13   3.40   -113.23122111   -113.06806151   -113.19639656   -113.10288606
      2.13   3.50   -113.22666780   -113.07162456   -113.19192364   -113.10636872
      2.13   3.60   -113.22218240   -113.07498014   -113.18752940   -113.10963314
      2.13   3.70   -113.21779510   -113.07813282   -113.18327785   -113.11265008
      2.13   3.80   -113.21352844   -113.08109575   -113.17920473   -113.11541945
      2.13   3.90   -113.20939878   -113.08388781   -113.17533688   -113.11794971
      2.13   4.00   -113.20541769   -113.08653123   -113.17170093   -113.12024798
      2.13   4.10   -113.20159278   -113.08904919   -113.16831535   -113.12232662
      2.13   4.20   -113.19792862   -113.09146400   -113.16519890   -113.12419373
      2.13   4.40   -113.19108881   -113.09605950   -113.15980232   -113.12734599
      2.13   4.60   -113.18489274   -113.10042636   -113.15548088   -113.12983822
      2.13   4.80   -113.17931348   -113.10459932   -113.15212598   -113.13178682
      2.13   5.00   -113.17431230   -113.10855476   -113.14962207   -113.13324499
      2.13   5.20   -113.16984675   -113.11224598   -113.14777389   -113.13431884
      2.13   5.40   -113.16587536   -113.11563319   -113.14640803   -113.13510052
      2.13   5.60   -113.16235851   -113.11869471   -113.14539179   -113.13566143
      2.13   5.80   -113.15925814   -113.12142654   -113.14463571   -113.13604896
      2.13   6.00   -113.15653760   -113.12383777   -113.14406872   -113.13630665
      2.13   7.00   -113.14747626   -113.13182196   -113.14267354   -113.13662468
      2.13   8.00   -113.14354128   -113.13514406   -113.14218249   -113.13650285
      2.13   9.00   -113.14223235   -113.13612224   -113.14195705   -113.13639754
      2.13  10.00   -113.14190531   -113.13629169   -113.14186071   -113.13633629
      2.13  12.00   -113.14177435   -113.13628043   -113.14177361   -113.13628117
      2.13  14.00   -113.14170205   -113.13625992   -113.14170205   -113.13625993
      2.13  16.00   -113.14159787   -113.13624999   -113.14159787   -113.13624999
      2.13  18.00   -113.14159813   -113.13624480   -113.14159813   -113.13624480
      2.13  20.00   -113.14159880   -113.13624189   -113.14159880   -113.13624189
                     
      2.2   0.20   -112.11300025   -111.77946845   -112.11285703   -111.77961167
      2.2   0.60   -112.53116224   -112.24645619   -112.53031043   -112.24730800
      2.2   1.00   -112.88260583   -112.63675600   -112.87836942   -112.64099242
      2.2   1.40   -113.10831057   -112.87374962   -113.09520210   -112.88685809
      2.2   1.60   -113.17627197   -112.94179727   -113.15780610   -112.96026314
      2.2   1.80   -113.22053606   -112.98571042   -113.19659210   -113.00965437
      2.2   2.00   -113.24667199   -113.01264169   -113.21820378   -113.04110990
      2.2   2.10   -113.25455576   -113.02167337   -113.22447088   -113.05175825
      2.2   2.20   -113.25972747   -113.02862000   -113.22848553   -113.05986195
      2.2   2.30   -113.26266084   -113.03403638   -113.23068353   -113.06601369
      2.2   2.40   -113.26376434   -113.03840002   -113.23139603   -113.07076834
      2.2   2.50   -113.26338736   -113.04210952   -113.23090933   -113.07458755
      2.2   2.60   -113.26182709   -113.04548026   -113.22944990   -113.07785744
      2.2   2.70   -113.25933536   -113.04873991   -113.22718080   -113.08089448
      2.2   2.80   -113.25612468   -113.05202833   -113.22424690   -113.08390610
      2.2   2.90   -113.25237342   -113.05540605   -113.22077950   -113.08699998
      2.2   3.00   -113.24823028   -113.05887189   -113.21689744   -113.09020472
      2.2   3.10   -113.24381808   -113.06238546   -113.21271135   -113.09349219
      2.2   3.20   -113.23923737   -113.06588908   -113.20832273   -113.09680373
      2.2   3.30   -113.23456944   -113.06932421   -113.20380010   -113.10009355
      2.2   3.40   -113.22987929   -113.07264155   -113.19922952   -113.10329133
      2.2   3.50   -113.22521825   -113.07580559   -113.19469257   -113.10633127
      2.2   3.60   -113.22062627   -113.07879521   -113.19020305   -113.10921842
      2.2   3.70   -113.21613395   -113.08160239   -113.18582570   -113.11191064
      2.2   3.80   -113.21176444   -113.08422987   -113.18160079   -113.11439351
      2.2   3.90   -113.20753475   -113.08668854   -113.17755633   -113.11666695
      2.2   4.00   -113.20345709   -113.08899498   -113.17372765   -113.11872442
      2.2   4.10   -113.19953988   -113.09116929   -113.17011026   -113.12059891
      2.2   4.20   -113.19578847   -113.09323305   -113.16673834   -113.12228318
      2.2   4.40   -113.18879280   -113.09711327   -113.16076480   -113.12514127
      2.2   4.60   -113.18247185   -113.10078120   -113.15585337   -113.12739968
      2.2   4.80   -113.17680465   -113.10432414   -113.15197379   -113.12915501
      2.2   5.00   -113.17175359   -113.10775785   -113.14901698   -113.13049446
      2.2   5.20   -113.16727042   -113.11104193   -113.14684776   -113.13146459
      2.2   5.40   -113.16330435   -113.11411752   -113.14525474   -113.13216712
      2.2   5.60   -113.15980793   -113.11693847   -113.14408819   -113.13265821
      2.2   5.80   -113.15673822   -113.11948087   -113.14322464   -113.13299445
      2.2   6.00   -113.15405598   -113.12173960   -113.14258310   -113.13321248
      2.2   7.00   -113.14526526   -113.12923113   -113.14105742   -113.13343897
      2.2   8.00   -113.14166000   -113.13220179   -113.14056466   -113.13329713
      2.2   9.00   -113.14056329   -113.13297895   -113.14035426   -113.13318798
      2.2  10.00   -113.14030510   -113.13309279   -113.14027183   -113.13312606
      2.2  12.00   -113.14020661   -113.13307017   -113.14020606   -113.13307072
      2.2  14.00   -113.14014646   -113.13304937   -113.14014646   -113.13304938
      2.2  16.00   -113.14004789   -113.13303936   -113.14004789   -113.13303936
      2.2  18.00   -113.14005507   -113.13303412   -113.14005507   -113.13303412
      2.2  20.00   -113.14006087   -113.13303117   -113.14006087   -113.13303117
                     
      2.3   0.20   -112.26216480   -111.94191795   -112.26207364   -111.94200910
      2.3   0.60   -112.61595341   -112.34514181   -112.61503752   -112.34605770
      2.3   1.00   -112.91822973   -112.68702102   -112.91435114   -112.69089961
      2.3   1.40   -113.11697857   -112.89952973   -113.10695789   -112.90955041
      2.3   1.60   -113.17793831   -112.96153648   -113.16339087   -112.97608393
      2.3   1.80   -113.21793524   -113.00166337   -113.19873339   -113.02086522
      2.3   2.00   -113.24154127   -113.02599881   -113.21835458   -113.04918551
      2.3   2.10   -113.24857995   -113.03394266   -113.22378361   -113.05873900
      2.3   2.20   -113.25309855   -113.03984914   -113.22712882   -113.06581887
      2.3   2.30   -113.25552327   -113.04422225   -113.22875018   -113.07099533
      2.3   2.40   -113.25622657   -113.04750467   -113.22899479   -113.07473646
      2.3   2.50   -113.25553035   -113.05007830   -113.22812491   -113.07748374
      2.3   2.60   -113.25371065   -113.05226157   -113.22635645   -113.07961578
      2.3   2.70   -113.25100281   -113.05430455   -113.22385827   -113.08144909
      2.3   2.80   -113.24760640   -113.05638375   -113.22078360   -113.08320655
      2.3   2.90   -113.24368992   -113.05860155   -113.21723661   -113.08505486
      2.3   3.00   -113.23939453   -113.06099310   -113.21331154   -113.08707609
      2.3   3.10   -113.23483769   -113.06354159   -113.20909766   -113.08928162
      2.3   3.20   -113.23011619   -113.06619760   -113.20468218   -113.09163161
      2.3   3.30   -113.22530887   -113.06889789   -113.20013598   -113.09407078
      2.3   3.40   -113.22047940   -113.07157971   -113.19553602   -113.09652309
      2.3   3.50   -113.21567819   -113.07418954   -113.19091422   -113.09895351
      2.3   3.60   -113.21094501   -113.07668705   -113.18633537   -113.10129669
      2.3   3.70   -113.20631059   -113.07904576   -113.18185811   -113.10349824
      2.3   3.80   -113.20179841   -113.08125181   -113.17747674   -113.10557348
      2.3   3.90   -113.19742605   -113.08330189   -113.17323818   -113.10748976
      2.3   4.00   -113.19320640   -113.08520095   -113.16916466   -113.10924269
      2.3   4.10   -113.18914862   -113.08696001   -113.16528132   -113.11082731
      2.3   4.20   -113.18525883   -113.08859433   -113.16159791   -113.11225526
      2.3   4.40   -113.17799664   -113.09156118   -113.15488999   -113.11466783
      2.3   4.60   -113.17143038   -113.09425218   -113.14911053   -113.11657203
      2.3   4.80   -113.16555187   -113.09680643   -113.14431349   -113.11804481
      2.3   5.00   -113.16033995   -113.09932550   -113.14049378   -113.11917167
      2.3   5.20   -113.15576136   -113.10185293   -113.13762633   -113.11998796
      2.3   5.40   -113.15176703   -113.10436289   -113.13555859   -113.12057134
      2.3   5.60   -113.14829482   -113.10678097   -113.13411318   -113.12096261
      2.3   5.80   -113.14528052   -113.10902937   -113.13309367   -113.12121623
      2.3   6.00   -113.14266901   -113.11105997   -113.13236456   -113.12136441
      2.3   7.00   -113.13430257   -113.11782771   -113.13071901   -113.12141127
      2.3   8.00   -113.13110389   -113.12036213   -113.13023869   -113.12122733
      2.3   9.00   -113.13021047   -113.12095128   -113.13005196   -113.12110979
      2.3  10.00   -113.13001357   -113.12102146   -113.12998857   -113.12104647
      2.3  12.00   -113.12995303   -113.12099034   -113.12995262   -113.12099076
      2.3  14.00   -113.12990899   -113.12096929   -113.12990898   -113.12096929
      2.3  16.00   -113.12981968   -113.12095917   -113.12981968   -113.12095917
      2.3  18.00   -113.12983660   -113.12095385   -113.12983660   -113.12095385
      2.3  20.00   -113.12984967   -113.12095082   -113.12984967   -113.12095082 
                    
      2.4   0.20   -112.38599668   -112.07825170   -112.38593303   -112.07831535
      2.4   0.60   -112.68554061   -112.42737716   -112.68455837   -112.42835939
      2.4   1.00   -112.94507925   -112.72660572   -112.94164721   -112.73003775
      2.4   1.40   -113.11914486   -112.91648270   -113.11172318   -112.92390439
      2.4   1.60   -113.17337775   -112.97271066   -113.16224157   -112.98384684
      2.4   1.80   -113.20915987   -113.00918582   -113.19424799   -113.02409769
      2.4   2.00   -113.23012230   -113.03088701   -113.21168347   -113.04932584
      2.4   2.10   -113.23640209   -113.03803214   -113.21647911   -113.05795512
      2.4   2.20   -113.24025985   -113.04302663   -113.21931205   -113.06397444
      2.4   2.30   -113.24217269   -113.04651233   -113.22034604   -113.06833898
      2.4   2.40   -113.24247729   -113.04889467   -113.22012190   -113.07125006
      2.4   2.50   -113.24146803   -113.05053039   -113.21884499   -113.07315343
      2.4   2.60   -113.23939975   -113.05172770   -113.21677285   -113.07435460
      2.4   2.70   -113.23649121   -113.05274221   -113.21403346   -113.07519996
      2.4   2.80   -113.23292889   -113.05377148   -113.21077280   -113.07592757
      2.4   2.90   -113.22887086   -113.05494989   -113.20709830   -113.07672245
      2.4   3.00   -113.22445017   -113.05634829   -113.20306322   -113.07773523
      2.4   3.10   -113.21977800   -113.05798045   -113.19880587   -113.07895258
      2.4   3.20   -113.21494646   -113.05981680   -113.19438911   -113.08037414
      2.4   3.30   -113.21003106   -113.06180126   -113.18980441   -113.08202790
      2.4   3.40   -113.20509297   -113.06386746   -113.18519982   -113.08376061
      2.4   3.50   -113.20018112   -113.06595109   -113.18054926   -113.08558296
      2.4   3.60   -113.19533429   -113.06799702   -113.17592620   -113.08740511
      2.4   3.70   -113.19058257   -113.06996273   -113.17136627   -113.08917904
      2.4   3.80   -113.18594920   -113.07181872   -113.16691802   -113.09084989
      2.4   3.90   -113.18145175   -113.07354725   -113.16256734   -113.09243165
      2.4   4.00   -113.17710323   -113.07514048   -113.15833941   -113.09390430
      2.4   4.10   -113.17291301   -113.07659838   -113.15426808   -113.09524331
      2.4   4.20   -113.16888750   -113.07792677   -113.15037281   -113.09644146
      2.4   4.40   -113.16134497   -113.08023750   -113.14312650   -113.09845597
      2.4   4.60   -113.15448802   -113.08217945   -113.13664563   -113.10002184
      2.4   4.80   -113.14831061   -113.08387471   -113.13097012   -113.10121520
      2.4   5.00   -113.14279709   -113.08544233   -113.12613296   -113.10210646
      2.4   5.20   -113.13792844   -113.08698745   -113.12216235   -113.10275354
      2.4   5.40   -113.13368742   -113.08859453   -113.11906373   -113.10321823
      2.4   5.60   -113.13005623   -113.09031252   -113.11683321   -113.10353554
      2.4   5.80   -113.12700610   -113.09213078   -113.11541492   -113.10372195
      2.4   6.00   -113.12447801   -113.09396024   -113.11463114   -113.10380711
      2.4   7.00   -113.11683408   -113.10034773   -113.11361334   -113.10356847
      2.4   8.00   -113.11403643   -113.10256414   -113.11329877   -113.10330179
      2.4   9.00   -113.11329565   -113.10303405   -113.11316332   -113.10316638
      2.4  10.00   -113.11314247   -113.10307915   -113.11312166   -113.10309996
      2.4  12.00   -113.11311443   -113.10304337   -113.11311409   -113.10304372
      2.4  14.00   -113.11309862   -113.10302211   -113.11309862   -113.10302212
      2.4  16.00   -113.11300513   -113.10301191   -113.11300513   -113.10301191
      2.4  18.00   -113.11303113   -113.10300652   -113.11303113   -113.10300652
      2.4  20.00   -113.11305098   -113.10300345   -113.11305098   -113.10300345 
                    
      2.5   0.20   -112.48955029   -112.19759862   -112.48950899   -112.19763991
      2.5   0.60   -112.74308724   -112.49711523   -112.74209197   -112.49811050
      2.5   1.00   -112.96543308   -112.75832115   -112.96228349   -112.76147075
      2.5   1.40   -113.11701463   -112.92719763   -113.11174398   -112.93246827
      2.5   1.60   -113.16484718   -112.97787475   -113.15655459   -112.98616734
      2.5   1.80   -113.19651704   -113.01080916   -113.18503278   -113.02229343
      2.5   2.00   -113.21474852   -113.02982768   -113.20044098   -113.04413522
      2.5   2.10   -113.22036866   -113.03640000   -113.20457744   -113.05219122
      2.5   2.20   -113.22356404   -113.04057189   -113.20676484   -113.05737109
      2.5   2.30   -113.22496606   -113.04328096   -113.20737401   -113.06087302
      2.5   2.40   -113.22487658   -113.04489517   -113.20675736   -113.06301439
      2.5   2.50   -113.22356275   -113.04574356   -113.20516958   -113.06413673
      2.5   2.60   -113.22112550   -113.04540470   -113.20293008   -113.06360012
      2.5   2.70   -113.21816502   -113.04626460   -113.19978274   -113.06464688
      2.5   2.80   -113.21445669   -113.04639282   -113.19634506   -113.06450445
      2.5   2.90   -113.21028074   -113.04665623   -113.19254388   -113.06439309
      2.5   3.00   -113.20576181   -113.04715459   -113.18845737   -113.06445903
      2.5   3.10   -113.20100436   -113.04793240   -113.18419219   -113.06474457
      2.5   3.20   -113.19609522   -113.04898588   -113.17973019   -113.06535090
      2.5   3.30   -113.19110587   -113.05027523   -113.17515045   -113.06623065
      2.5   3.40   -113.18609436   -113.05173987   -113.17051486   -113.06731938
      2.5   3.50   -113.18110737   -113.05331225   -113.16586316   -113.06855645
      2.5   3.60   -113.17618189   -113.05492821   -113.16122854   -113.06988156
      2.5   3.70   -113.17134688   -113.05653308   -113.15664797   -113.07123198
      2.5   3.80   -113.16662467   -113.05808412   -113.15213805   -113.07257074
      2.5   3.90   -113.16203222   -113.05955078   -113.14773576   -113.07384723
      2.5   4.00   -113.15758224   -113.06091320   -113.14346085   -113.07503459
      2.5   4.10   -113.15328371   -113.06216072   -113.13930737   -113.07613705
      2.5   4.20   -113.14914288   -113.06328958   -113.13528697   -113.07714549
      2.5   4.40   -113.14134798   -113.06520179   -113.12771805   -113.07883172
      2.5   4.60   -113.13420797   -113.06670140   -113.12077573   -113.08013364
      2.5   4.80   -113.12771292   -113.06786700   -113.11448611   -113.08109381
      2.5   5.00   -113.12184000   -113.06878274   -113.10883262   -113.08179012
      2.5   5.20   -113.11655850   -113.06952629   -113.10382944   -113.08225535
      2.5   5.40   -113.11183361   -113.07016286   -113.09941441   -113.08258206
      2.5   5.60   -113.10762901   -113.07074324   -113.09556341   -113.08280884
      2.5   5.80   -113.10390802   -113.07130356   -113.09225020   -113.08296139
      2.5   6.00   -113.10064269   -113.07187583   -113.08945936   -113.08305915
      2.5   7.00   -113.09258169   -113.07815576   -113.08800463   -113.08273282
      2.5   8.00   -113.09254632   -113.08128607   -113.09184989   -113.08198250
      2.5   9.00   -113.09217987   -113.08165852   -113.09206093   -113.08177746
      2.5  10.00   -113.09210593   -113.08167943   -113.09208737   -113.08169800
      2.5  12.00   -113.09211497   -113.08163908   -113.09211466   -113.08163939
      2.5  14.00   -113.09211081   -113.08161774   -113.09211081   -113.08161774
      2.5  16.00   -113.09202751   -113.08160746   -113.09202751   -113.08160746
      2.5  18.00   -113.09206180   -113.08160202   -113.09206180   -113.08160202
      2.5  20.00   -113.09208792   -113.08159891   -113.09208792   -113.08159891
                     
      2.6   0.20   -112.57618865   -112.31051049   -112.57618830   -112.31051084
      2.6   0.60   -112.79098170   -112.55775347   -112.78992825   -112.55880692
      2.6   1.00   -112.98093399   -112.78436859   -112.97815069   -112.78715190
      2.6   1.40   -113.11213791   -112.93361480   -113.10860515   -112.93714756
      2.6   1.60   -113.15393961   -112.97893988   -113.14799266   -112.98488684
      2.6   1.80   -113.18164367   -113.00842383   -113.17306971   -113.01699779
      2.6   2.00   -113.19768173   -113.02570675   -113.18656204   -113.03682644
      2.6   2.10   -113.20215547   -113.03088562   -113.18995737   -113.04308373
      2.6   2.20   -113.20469307   -113.03429811   -113.19157824   -113.04741294
      2.6   2.30   -113.20558940   -113.03630945   -113.19174165   -113.05015720
      2.6   2.40   -113.20511307   -113.03725197   -113.19074921   -113.05161583
      2.6   2.50   -113.20350472   -113.03742592   -113.18887030   -113.05206034
      2.6   2.60   -113.20097701   -113.03710069   -113.18619463   -113.05188306
      2.6   2.70   -113.19771557   -113.03651447   -113.18299158   -113.05123847
      2.6   2.80   -113.19388075   -113.03587126   -113.17934494   -113.05040707
      2.6   2.90   -113.18960966   -113.03533594   -113.17540857   -113.04953703
      2.6   3.00   -113.18501852   -113.03502849   -113.17127604   -113.04877097
      2.6   3.10   -113.18020494   -113.03502025   -113.16691918   -113.04830601
      2.6   3.20   -113.17525025   -113.03533422   -113.16242267   -113.04816180
      2.6   3.30   -113.17022153   -113.03595219   -113.15783490   -113.04833882
      2.6   3.40   -113.16517332   -113.03682655   -113.15319953   -113.04880033
      2.6   3.50   -113.16014951   -113.03789378   -113.14855404   -113.04948924
      2.6   3.60   -113.15518492   -113.03908653   -113.14393482   -113.05033663
      2.6   3.70   -113.15030683   -113.04034227   -113.13936215   -113.05128695
      2.6   3.80   -113.14553623   -113.04160811   -113.13485010   -113.05229425
      2.6   3.90   -113.14088907   -113.04284260   -113.13044004   -113.05329163
      2.6   4.00   -113.13637708   -113.04401554   -113.12612205   -113.05427057
      2.6   4.10   -113.13200882   -113.04510653   -113.12195632   -113.05515903
      2.6   4.20   -113.12778975   -113.04610359   -113.11790128   -113.05599206
      2.6   4.40   -113.11981162   -113.04779756   -113.11017895   -113.05743022
      2.6   4.60   -113.11244959   -113.04910115   -113.10302276   -113.05852798
      2.6   4.80   -113.10569053   -113.05005662   -113.09641089   -113.05933625
      2.6   5.00   -113.09950759   -113.05071922   -113.09033341   -113.05989340
      2.6   5.20   -113.09386541   -113.05114165   -113.08476779   -113.06023927
      2.6   5.40   -113.08872445   -113.05136484   -113.07961996   -113.06046933
      2.6   5.60   -113.08404602   -113.05141153   -113.07484771   -113.06060984
      2.6   5.80   -113.07979926   -113.05128236   -113.07038955   -113.06069208
      2.6   6.00   -113.07597052   -113.05095345   -113.06618038   -113.06074360
      2.6   7.00   -113.06398487   -113.04505270   -113.06079522   -113.04824235
      2.6   8.00   -113.06120368   -113.03757307   -113.06070649   -113.03807026
      2.6   9.00   -113.06065977   -113.03474803   -113.06058899   -113.03481880
      2.6  10.00   -113.05948093   -113.03402816   -113.05947156   -113.03403753
      2.6  12.00   -113.06871226   -113.05851108   -113.06871197   -113.05851137
      2.6  14.00   -113.06877121   -113.05848696   -113.06877120   -113.05848696
      2.6  16.00   -113.06864909   -113.05847662   -113.06864909   -113.05847662
      2.6  18.00   -113.06869081   -113.05847112   -113.06869081   -113.05847112
      2.6  20.00   -113.06872257   -113.05846799   -113.06872257   -113.05846799
                     
      2.7   0.20   -112.64922380   -112.41180719   -112.54969716   -112.51133383
      2.7   0.60   -112.83102697   -112.61224944   -112.76283652   -112.68043990
      2.7   1.00   -112.99275593   -112.80650161   -112.99273939   -112.80651815
      2.7   1.40   -113.10558360   -112.93720984   -113.10222096   -112.94057248
      2.7   1.60   -113.14175572   -112.97734422   -113.13470275   -112.98439719
      2.7   1.80   -113.16567801   -113.00344476   -113.15441001   -113.01471276
      2.7   2.00   -113.17929910   -113.01851450   -113.16371417   -113.03409943
      2.7   2.10   -113.18293836   -113.02286293   -113.16530141   -113.04049987
      2.7   2.20   -113.18482930   -113.02556039   -113.16528651   -113.04510318
      2.7   2.30   -113.18522925   -113.02693110   -113.16391235   -113.04824799
      2.7   2.40   -113.18437578   -113.02727289   -113.16145355   -113.05019511
      2.7   2.50   -113.18248425   -113.02685751   -113.15815732   -113.05118444
      2.7   2.60   -113.17974693   -113.02593176   -113.15421448   -113.05146421
      2.7   2.70   -113.17633321   -113.02471768   -113.14981425   -113.05123664
      2.7   2.80   -113.17239048   -113.02341146   -113.14507450   -113.05072744
      2.7   2.90   -113.16804551   -113.02218030   -113.14013772   -113.05008810
      2.7   3.00   -113.16340621   -113.02115629   -113.13509632   -113.04946617
      2.7   3.10   -113.15856349   -113.02043106   -113.13004021   -113.04895434
      2.7   3.20   -113.15359318   -113.02005240   -113.12506500   -113.04858058
      2.7   3.30   -113.14855782   -113.02002569   -113.12018900   -113.04839452
      2.7   3.40   -113.14350835   -113.02032113   -113.11545073   -113.04837874
      2.7   3.50   -113.13848570   -113.02088505   -113.11084073   -113.04853002
      2.7   3.60   -113.13352232   -113.02165230   -113.10640286   -113.04877177
      2.7   3.70   -113.12864354   -113.02255670   -113.10214221   -113.04905802
      2.7   3.80   -113.12386880   -113.02353813   -113.09805944   -113.04934750
      2.7   3.90   -113.11921278   -113.02454633   -113.09415328   -113.04960583
      2.7   4.00   -113.11468623   -113.02554198   -113.09040935   -113.04981887
      2.7   4.10   -113.11029674   -113.02649627   -113.08683880   -113.04995421
      2.7   4.20   -113.10604930   -113.02738943   -113.08342845   -113.05001028
      2.7   4.40   -113.09799031   -113.02894925   -113.07710874   -113.04983081
      2.7   4.60   -113.09051322   -113.03018448   -113.07129590   -113.04940180
      2.7   4.80   -113.08360309   -113.03111015   -113.06600815   -113.04870509
      2.7   5.00   -113.07723330   -113.03176477   -113.06115345   -113.04784463
      2.7   5.20   -113.07137124   -113.03219271   -113.05669050   -113.04687345
      2.7   5.40   -113.06598445   -113.03243405   -113.05258011   -113.04583839
      2.7   5.60   -113.06104710   -113.03251865   -113.04877488   -113.04479088
      2.7   5.80   -113.05654784   -113.03246316   -113.04524720   -113.04376379
      2.7   6.00   -113.05249642   -113.03226957   -113.04278953   -113.04197647
      2.7   7.00   -113.04015219   -113.02889448   -113.03903947   -113.03000720
      2.7   8.00   -113.03749871   -113.02511681   -113.03745163   -113.02516389
      2.7   9.00   -113.03699529   -113.02394184   -113.03699376   -113.02394338
      2.7  10.00   -113.03686341   -113.02367736   -113.03686336   -113.02367741
      2.7  12.00   -113.03679038   -113.02357849   -113.03679038   -113.02357849
      2.7  14.00   -113.03676626   -113.02355326   -113.03676626   -113.02355326
      2.7  16.00   -113.03675499   -113.02354177   -113.03675499   -113.02354177
      2.7  18.00   -113.03674907   -113.02353579   -113.03674907   -113.02353579
      2.7  20.00   -113.03674573   -113.02353243   -113.03674573   -113.02353243
                     
      2.8   0.20   -112.71084436   -112.49995038   -112.69095380   -112.51984094
      2.8   0.60   -112.86457139   -112.66284996   -112.77251794   -112.75490342
      2.8   1.00   -113.00173205   -112.82611399   -112.94317866   -112.88466739
      2.8   1.40   -113.09806940   -112.93911824   -113.09644536   -112.94074227
      2.8   1.60   -113.12903357   -112.97417932   -113.12500798   -112.97820490
      2.8   1.80   -113.14938858   -112.99693585   -113.14239192   -113.00393250
      2.8   2.00   -113.16069027   -113.00981877   -113.15044314   -113.02006589
      2.8   2.10   -113.16352065   -113.01335757   -113.15165424   -113.02522398
      2.8   2.20   -113.16478269   -113.01537014   -113.15136955   -113.02878327
      2.8   2.30   -113.16470001   -113.01614112   -113.14986312   -113.03097801
      2.8   2.40   -113.16348171   -113.01593494   -113.14727647   -113.03214019
      2.8   2.50   -113.16131953   -113.01499517   -113.14390560   -113.03240910
      2.8   2.60   -113.15838628   -113.01354510   -113.14006476   -113.03186662
      2.8   2.70   -113.15483560   -113.01178878   -113.13556800   -113.03105638
      2.8   2.80   -113.15080218   -113.00991044   -113.13078319   -113.02992943
      2.8   2.90   -113.14640262   -113.00807301   -113.12572292   -113.02875271
      2.8   3.00   -113.14173671   -113.00641374   -113.12059080   -113.02755965
      2.8   3.10   -113.13688875   -113.00503833   -113.11549909   -113.02642799
      2.8   3.20   -113.13192925   -113.00401532   -113.11038183   -113.02556275
      2.8   3.30   -113.12691639   -113.00337321   -113.10533595   -113.02495364
      2.8   3.40   -113.12189758   -113.00310276   -113.10039517   -113.02460518
      2.8   3.50   -113.11691084   -113.00316462   -113.09569187   -113.02438359
      2.8   3.60   -113.11198623   -113.00350050   -113.09112988   -113.02435685
      2.8   3.70   -113.10714715   -113.00404441   -113.08670873   -113.02448282
      2.8   3.80   -113.10241148   -113.00473177   -113.08248673   -113.02465652
      2.8   3.90   -113.09779265   -113.00550527   -113.07842928   -113.02486864
      2.8   4.00   -113.09330042   -113.00631749   -113.07456720   -113.02505072
      2.8   4.10   -113.08894159   -113.00713170   -113.07086714   -113.02520615
      2.8   4.20   -113.08472068   -113.00792085   -113.06734023   -113.02530129
      2.8   4.40   -113.07670091   -113.00935608   -113.06079426   -113.02526273
      2.8   4.60   -113.06924416   -113.01054677   -113.05476268   -113.02502825
      2.8   4.80   -113.06233755   -113.01148185   -113.04930412   -113.02451528
      2.8   5.00   -113.05595927   -113.01218415   -113.04435052   -113.02379290
      2.8   5.20   -113.05008441   -113.01269038   -113.03982351   -113.02295127
      2.8   5.40   -113.04469105   -113.01304002   -113.03570546   -113.02202561
      2.8   5.60   -113.03976362   -113.01326895   -113.03197589   -113.02105668
      2.8   5.80   -113.03529605   -113.01340725   -113.02862010   -113.02008320
      2.8   6.00   -113.03174098   -113.01324041   -113.02586075   -113.01912064
      2.8   7.00   -113.01825086   -113.01331678   -113.01603348   -113.01553415
      2.8   8.00   -113.01429051   -113.01267791   -113.01408978   -113.01287864
      2.8   9.00   -113.01369047   -113.01211979   -113.01368252   -113.01212774
      2.8  10.00   -113.01061329   -113.00810323   -113.01060515   -113.00811137
      2.8  12.00   -113.01049303   -113.00793951   -113.01049294   -113.00793960
      2.8  14.00   -113.01046764   -113.00790876   -113.01046752   -113.00790889
      2.8  16.00   -113.01045582   -113.00788641   -113.01045582   -113.00788641
      2.8  18.00   -113.01044957   -113.00787462   -113.01044956   -113.00787464
      2.8  20.00   -113.01044608   -113.00786751   -113.01044605   -113.00786754
                     
      2.9   0.20   -112.76284644   -112.57619002   -112.68381205   -112.65522441
      2.9   0.60   -112.89257842   -112.71036280   -112.81389075   -112.78905048
      2.9   1.00   -113.00845131   -112.84423663   -113.00745458   -112.84523336
      2.9   1.40   -113.09006162   -112.94021816   -113.08972523   -112.94055455
      2.9   1.60   -113.11624874   -112.97028218   -113.11445555   -112.97207537
      2.9   1.80   -113.13327353   -112.98970429   -113.12924918   -112.99372864
      2.9   2.00   -113.14237513   -113.00040057   -113.13570628   -113.00706941
      2.9   2.10   -113.14443079   -113.00313780   -113.13645817   -113.01111041
      2.9   2.20   -113.14508828   -113.00448227   -113.13577742   -113.01379313
      2.9   2.30   -113.14454133   -113.00468084   -113.13393806   -113.01528411
      2.9   2.40   -113.14297332   -113.00396539   -113.13112902   -113.01580968
      2.9   2.50   -113.14055428   -113.00255150   -113.12756434   -113.01554144
      2.9   2.60   -113.13743890   -113.00063877   -113.12341420   -113.01466347
      2.9   2.70   -113.13376577   -112.99841124   -113.11882461   -113.01335240
      2.9   2.80   -113.12965734   -112.99603795   -113.11391892   -113.01177638
      2.9   2.90   -113.12522031   -112.99367298   -113.10882883   -113.01006446
      2.9   3.00   -113.12054643   -112.99145294   -113.10360500   -113.00839437
      2.9   3.10   -113.11571370   -112.98949100   -113.09841030   -113.00679440
      2.9   3.20   -113.11078744   -112.98787216   -113.09326454   -113.00539506
      2.9   3.30   -113.10582168   -112.98664606   -113.08821301   -113.00425472
      2.9   3.40   -113.10086046   -112.98582512   -113.08332325   -113.00336233
      2.9   3.50   -113.09593911   -112.98538767   -113.07856330   -113.00276349
      2.9   3.60   -113.09108548   -112.98528640   -113.07397224   -113.00239963
      2.9   3.70   -113.08632115   -112.98545914   -113.06956634   -113.00221396
      2.9   3.80   -113.08166260   -112.98583947   -113.06534489   -113.00215719
      2.9   3.90   -113.07712212   -112.98636453   -113.06131085   -113.00217581
      2.9   4.00   -113.07270867   -112.98697966   -113.05745398   -113.00223435
      2.9   4.10   -113.06842854   -112.98764030   -113.05377220   -113.00229664
      2.9   4.20   -113.06428590   -112.98831200   -113.05026056   -113.00233733
      2.9   4.40   -113.05642153   -112.98959519   -113.04372338   -113.00229334
      2.9   4.60   -113.04912123   -112.99070998   -113.03781630   -113.00201491
      2.9   4.80   -113.04237848   -112.99161485   -113.03245551   -113.00153782
      2.9   5.00   -113.03618166   -112.99231102   -113.02761631   -113.00087637
      2.9   5.20   -113.03051971   -112.99281961   -113.02325179   -113.00008753
      2.9   5.40   -113.02538580   -112.99316794   -113.01935560   -112.99919815
      2.9   5.60   -113.02077925   -112.99338233   -113.01590365   -112.99825793
      2.9   5.80   -113.01670410   -112.99348485   -113.01288095   -112.99730801
      2.9   6.00   -113.01316504   -112.99349293   -113.01026774   -112.99639022
      2.9   7.00   -113.00292625   -112.99261634   -113.00256148   -112.99298111
      2.9   8.00   -113.00029233   -112.99166742   -113.00027447   -112.99168527
      2.9   9.00   -112.99972577   -112.99131795   -112.99972513   -112.99131858
      2.9  10.00   -112.99958023   -112.99120594   -112.99958021   -112.99120596
      2.9  12.00   -112.99950263   -112.99113678   -112.99950262   -112.99113678
      2.9  14.00   -112.99947755   -112.99111287   -112.99947755   -112.99111287
      2.9  16.00   -112.99946598   -112.99110165   -112.99946598   -112.99110165
      2.9  18.00   -112.99945997   -112.99109576   -112.99945997   -112.99109576
      2.9  20.00   -112.99945658   -112.99109243   -112.99945658   -112.99109243  
                   
      3.0   0.20   -112.80667102   -112.64195788   -112.74720666   -112.70142224
      3.0   0.60   -112.91581098   -112.75344889   -112.83867909   -112.83058078
      3.0   1.00   -113.01332994   -112.86148622   -113.01102613   -112.86379003
      3.0   1.40   -113.08185237   -112.94117252   -113.08185218   -112.94117272
      3.0   1.60   -113.10369228   -112.96629723   -113.10313870   -112.96685080
      3.0   1.80   -113.11763835   -112.98237012   -113.11571392   -112.98429455
      3.0   2.00   -113.12467619   -112.99085375   -113.12088538   -112.99464457
      3.0   2.10   -113.12599850   -112.99278412   -113.12119932   -112.99758330
      3.0   2.20   -113.12608166   -112.99346420   -113.12024247   -112.99930339
      3.0   2.30   -113.12509312   -112.99310477   -113.11822568   -112.99997221
      3.0   2.40   -113.12319339   -112.99190608   -113.11532271   -112.99977676
      3.0   2.50   -113.12053285   -112.99005637   -113.11171545   -112.99887377
      3.0   2.60   -113.11724945   -112.98773088   -113.10752800   -112.99745233
      3.0   2.70   -113.11346777   -112.98509239   -113.10292564   -112.99563452
      3.0   2.80   -113.10929857   -112.98229251   -113.09802642   -112.99356467
      3.0   2.90   -113.10483903   -112.97947218   -113.09293539   -112.99137582
      3.0   3.00   -113.10017317   -112.97676140   -113.08775967   -112.98917490
      3.0   3.10   -113.09537274   -112.97427579   -113.08254337   -112.98710515
      3.0   3.20   -113.09049805   -112.97211114   -113.07738838   -112.98522081
      3.0   3.30   -113.08559922   -112.97033494   -113.07232700   -112.98360716
      3.0   3.40   -113.08071713   -112.96898182   -113.06741510   -112.98228386
      3.0   3.50   -113.07588461   -112.96805044   -113.06263998   -112.98129507
      3.0   3.60   -113.07112754   -112.96750824   -113.05802647   -112.98060932
      3.0   3.70   -113.06646592   -112.96730067   -113.05360990   -112.98015669
      3.0   3.80   -113.06191494   -112.96736216   -113.04938183   -112.97989527
      3.0   3.90   -113.05748596   -112.96762593   -113.04534667   -112.97976522
      3.0   4.00   -113.05318725   -112.96803068   -113.04149227   -112.97972566
      3.0   4.10   -113.04902475   -112.96852419   -113.03781879   -112.97973015
      3.0   4.20   -113.04500247   -112.96906437   -113.03432145   -112.97974539
      3.0   4.40   -113.03738810   -112.97016384   -113.02783388   -112.97971805
      3.0   4.60   -113.03035422   -112.97116353   -113.02198634   -112.97953141
      3.0   4.80   -113.02390243   -112.97198794   -113.01675739   -112.97913298
      3.0   5.00   -113.01803202   -112.97261354   -113.01205895   -112.97858661
      3.0   5.20   -113.01274386   -112.97304339   -113.00788002   -112.97790723
      3.0   5.40   -113.00804112   -112.97329196   -113.00420629   -112.97712679
      3.0   5.60   -113.00392723   -112.97337806   -113.00101094   -112.97629435
      3.0   5.80   -113.00040033   -112.97332272   -112.99826933   -112.97545372
      3.0   6.00   -112.99744649   -112.97314990   -112.99595435   -112.97464205
      3.0   7.00   -112.98960441   -112.97157559   -112.98947535   -112.97170465
      3.0   8.00   -112.98765436   -112.97060582   -112.98764876   -112.97061142
      3.0   9.00   -112.98719834   -112.97029193   -112.98719814   -112.97029213
      3.0  10.00   -112.98707016   -112.97018829   -112.98707015   -112.97018830
      3.0  12.00   -112.98699545   -112.97012087   -112.98699545   -112.97012087
      3.0  14.00   -112.98697037   -112.97009706   -112.98697037   -112.97009706
      3.0  16.00   -112.98695878   -112.97008587   -112.98695878   -112.97008587
      3.0  18.00   -112.98695274   -112.97007999   -112.98695274   -112.97007999
      3.0  20.00   -112.98694935   -112.97007666   -112.98694935   -112.97007666 
                    
      3.1   0.20   -112.84349617   -112.69853931   -112.80001413   -112.74202135
      3.1   0.60   -112.93500352   -112.79125935   -112.86536553   -112.86089734
      3.1   1.00   -113.01666285   -112.87807917   -112.96976981   -112.92497222
      3.1   1.40   -113.07361639   -112.94244239   -113.07338538   -112.94267339
      3.1   1.60   -113.09153014   -112.96271219   -113.09149583   -112.96274650
      3.1   1.80   -113.10265575   -112.97541568   -113.10201357   -112.97605786
      3.1   2.00   -113.10777808   -112.98163975   -113.10598336   -112.98343447
      3.1   2.10   -113.10841419   -112.98274469   -113.10592469   -112.98523419
      3.1   2.20   -113.10795818   -112.98275017   -113.10472783   -112.98598052
      3.1   2.30   -113.10655469   -112.98183314   -113.10255342   -112.98583441
      3.1   2.40   -113.10434405   -112.98016403   -113.09957298   -112.98493510
      3.1   2.50   -113.10145894   -112.97790456   -113.09592606   -112.98343744
      3.1   2.60   -113.09802216   -112.97520603   -113.09175061   -112.98147758
      3.1   2.70   -113.09414536   -112.97220928   -113.08718211   -112.97917253
      3.1   2.80   -113.08992845   -112.96904590   -113.08232656   -112.97664779
      3.1   2.90   -113.08545952   -112.96583992   -113.07727759   -112.97402185
      3.1   3.00   -113.08081522   -112.96270919   -113.07215221   -112.97137219
      3.1   3.10   -113.07606122   -112.95976509   -113.06699890   -112.96882741
      3.1   3.20   -113.07125301   -112.95710799   -113.06188073   -112.96648027
      3.1   3.30   -113.06643675   -112.95482018   -113.05686949   -112.96438744
      3.1   3.40   -113.06165036   -112.95295697   -113.05196192   -112.96264541
      3.1   3.50   -113.05692440   -112.95153958   -113.04721021   -112.96125378
      3.1   3.60   -113.05228300   -112.95055490   -113.04262846   -112.96020944
      3.1   3.70   -113.04774475   -112.94995989   -113.03822575   -112.95947890
      3.1   3.80   -113.04332376   -112.94969322   -113.03402172   -112.95899526
      3.1   3.90   -113.03903050   -112.94968605   -113.03001397   -112.95870258
      3.1   4.00   -113.03487269   -112.94987123   -113.02619058   -112.95855334
      3.1   4.10   -113.03085583   -112.95018891   -113.02255270   -112.95849204
      3.1   4.20   -113.02698391   -112.95058915   -113.01909558   -112.95847748
      3.1   4.40   -113.01968513   -112.95148752   -113.01270304   -112.95846961
      3.1   4.60   -113.01298992   -112.95235214   -113.00697457   -112.95836749
      3.1   4.80   -113.00690550   -112.95307316   -113.00188852   -112.95809014
      3.1   5.00   -113.00143697   -112.95360474   -112.99736603   -112.95767567
      3.1   5.20   -112.99658818   -112.95393672   -112.99338805   -112.95713685
      3.1   5.40   -112.99235946   -112.95407902   -112.98993611   -112.95650237
      3.1   5.60   -112.98874259   -112.95405316   -112.98698190   -112.95581385
      3.1   5.80   -112.98571543   -112.95388923   -112.98448979   -112.95511487
      3.1   6.00   -112.98323839   -112.95362336   -112.98241906   -112.95444269
      3.1   7.00   -112.97687966   -112.95197953   -112.97681911   -112.95204009
      3.1   8.00   -112.97528131   -112.95113857   -112.97527881   -112.95114106
      3.1   9.00   -112.97488689   -112.95086491   -112.97488680   -112.95086500
      3.1  10.00   -112.97476881   -112.95076911   -112.97476880   -112.95076912
      3.1  12.00   -112.97469584   -112.95070331   -112.97469584   -112.95070331
      3.1  14.00   -112.97467077   -112.95067959   -112.97467077   -112.95067959
      3.1  16.00   -112.97465915   -112.95066842   -112.97465915   -112.95066842
      3.1  18.00   -112.97465310   -112.95066255   -112.97465310   -112.95066255
      3.1  20.00   -112.97464971   -112.95065923   -112.97464971   -112.95065923  
                   
      3.2   0.20   -112.87430722   -112.74705991   -112.84397337   -112.77739375
      3.2   0.60   -112.95072963   -112.82407686   -112.89448073   -112.88032576
      3.2   1.00   -113.01866049   -112.89395295   -112.97191133   -112.94070212
      3.2   1.40   -113.06545178   -112.94429824   -113.06448537   -112.94526465
      3.2   1.60   -113.07984606   -112.95987740   -113.07973188   -112.95999158
      3.2   1.80   -113.08841053   -112.96921902   -113.08834135   -112.96928820
      3.2   2.00   -113.09177297   -112.97313001   -113.09118991   -112.97371307
      3.2   2.10   -113.09177417   -112.97338003   -113.09078472   -112.97436949
      3.2   2.20   -113.09081795   -112.97268656   -113.08937260   -112.97413191
      3.2   2.30   -113.08902934   -112.97119653   -113.08707139   -112.97315449
      3.2   2.40   -113.08653095   -112.96905368   -113.08403076   -112.97155387
      3.2   2.50   -113.08343978   -112.96639553   -113.08038135   -112.96945396
      3.2   2.60   -113.07986500   -112.96335107   -113.07625196   -112.96696410
      3.2   2.70   -113.07590639   -112.96004005   -113.07174338   -112.96420306
      3.2   2.80   -113.07165385   -112.95657279   -113.06696241   -112.96126423
      3.2   2.90   -113.06718710   -112.95305250   -113.06202623   -112.95821338
      3.2   3.00   -113.06257596   -112.94957870   -113.05699787   -112.95515679
      3.2   3.10   -113.05788025   -112.94625007   -113.05192775   -112.95220257
      3.2   3.20   -113.05315063   -112.94316408   -113.04687532   -112.94943938
      3.2   3.30   -113.04842945   -112.94041137   -113.04193123   -112.94690958
      3.2   3.40   -113.04375158   -112.93806609   -113.03708659   -112.94473108
      3.2   3.50   -113.03914538   -112.93617440   -113.03238891   -112.94293086
      3.2   3.60   -113.03463337   -112.93474665   -113.02786075   -112.94151927
      3.2   3.70   -113.03023297   -112.93375755   -113.02351612   -112.94047441
      3.2   3.80   -113.02595735   -112.93315437   -113.01936689   -112.93974484
      3.2   3.90   -113.02181615   -112.93286880   -113.01540864   -112.93927631
      3.2   4.00   -113.01781644   -112.93282890   -113.01163876   -112.93900658
      3.2   4.10   -113.01396337   -112.93296742   -113.00805727   -112.93887352
      3.2   4.20   -113.01026058   -112.93322600   -113.00465993   -112.93882666
      3.2   4.40   -113.00331603   -112.93392359   -112.99839904   -112.93884058
      3.2   4.60   -112.99699711   -112.93465728   -112.99281871   -112.93883568
      3.2   4.80   -112.99131202   -112.93528410   -112.98788618   -112.93870993
      3.2   5.00   -112.98626490   -112.93573917   -112.98355255   -112.93845153
      3.2   5.20   -112.98185420   -112.93600432   -112.97979093   -112.93806759
      3.2   5.40   -112.97806898   -112.93608913   -112.97655401   -112.93760410
      3.2   5.60   -112.97488460   -112.93601983   -112.97381900   -112.93708544
      3.2   5.80   -112.97226033   -112.93583231   -112.97154193   -112.93655071
      3.2   6.00   -112.97014037   -112.93556616   -112.96967323   -112.93603330
      3.2   7.00   -112.96476520   -112.93413402   -112.96473330   -112.93416592
      3.2   8.00   -112.96338926   -112.93343952   -112.96338796   -112.93344081
      3.2   9.00   -112.96303488   -112.93320232   -112.96303483   -112.93320236
      3.2  10.00   -112.96292348   -112.93311339   -112.96292348   -112.93311339
      3.2  12.00   -112.96285171   -112.93304903   -112.96285171   -112.93304903
      3.2  14.00   -112.96282664   -112.93302540   -112.96282664   -112.93302540
      3.2  16.00   -112.96281501   -112.93301426   -112.96281501   -112.93301426
      3.2  18.00   -112.96280895   -112.93300840   -112.96280895   -112.93300840
      3.2  20.00   -112.96280555   -112.93300508   -112.96280555   -112.93300508                    
