1.6      1.40 -111.19920967 -111.11584243 -110.70916539 -110.79253264
1.6      1.60 -111.98651895 -111.90771263 -111.48875012 -111.56755644
1.6      1.80 -112.45712936 -112.38129267 -111.95493126 -112.03076795
1.6      2.00 -112.72752822 -112.65237591 -112.22246494 -112.29761725
1.6      2.10 -112.81379173 -112.73801745 -112.30790536 -112.38367964
1.6      2.20 -112.87714844 -112.79998487 -112.37087614 -112.44803971
1.6      2.30 -112.92290141 -112.84357414 -112.41670180 -112.49602907
1.6      2.40 -112.95515982 -112.87279918 -112.44951088 -112.53187151
1.6      2.50 -112.97709537 -112.89102700 -112.47249778 -112.55856615
1.6      2.60 -112.99114619 -112.90068688 -112.48813453 -112.57859384
1.6      2.70 -112.99918088 -112.90411142 -112.49834169 -112.59341115
1.6      2.80 -113.00263246 -112.90275471 -112.50462523 -112.60450298
1.6      2.90 -113.00260780 -112.89868721 -112.50818390 -112.61210450
1.6      3.00 -112.99997002 -112.89223274 -112.50999509 -112.61773237
1.6      3.10 -112.99539682 -112.88435414 -112.51089284 -112.62193553
1.6      3.20 -112.98942276 -112.87569574 -112.51165916 -112.62538617
1.6      3.30 -112.98247095 -112.86696302 -112.51319547 -112.62870341
1.6      3.40 -112.97488210 -112.85897911 -112.51709568 -112.63299868
1.6      3.50 -112.96688930 -112.85578474 -112.52710593 -112.63821050
1.6      3.60 -112.95857533 -112.84990565 -112.53660429 -112.64527398
1.6      3.70 -112.95014695 -112.84316184 -112.54779917 -112.65478428
1.6      3.80 -112.94172236 -112.83700658 -112.56001526 -112.66473105
1.6      3.90 -112.93341720 -112.83133869 -112.57271877 -112.67479728
1.6      4.00 -112.92530576 -112.82620757 -112.58553334 -112.68463153
1.6      4.10 -112.91743049 -112.82158912 -112.59818773 -112.69402910
1.6      4.20 -112.90981620 -112.81743783 -112.61049104 -112.70286941
1.6      4.40 -112.89542230 -112.81034795 -112.63357304 -112.71864739
1.6      4.60 -112.88217320 -112.80455016 -112.65423467 -112.73185770
1.6      4.80 -112.87006042 -112.79978264 -112.67235777 -112.74263555
1.6      5.00 -112.85904421 -112.79584968 -112.68804627 -112.75124080
1.6      5.20 -112.84906875 -112.79247772 -112.70150857 -112.75809959
1.6      5.40 -112.84007097 -112.78959117 -112.71299172 -112.76347151
1.6      5.60 -112.83198518 -112.78709608 -112.72274528 -112.76763438
1.6      5.80 -112.82474565 -112.78492782 -112.73100321 -112.77082104
1.6      6.00 -112.81828764 -112.78302620 -112.73797558 -112.77323702
1.6      7.00 -112.79563848 -112.77865347 -112.75918085 -112.77616586
1.6      8.00 -112.78461712 -112.77965644 -112.76701991 -112.77198059
1.6      9.00 -112.78070996 -112.77975316 -112.76835919 -112.76931599
1.6     10.00 -112.77986396 -112.77972113 -112.76744975 -112.76759259
1.6     12.00 -112.77967218 -112.77966977 -112.76559295 -112.76559536
1.6     14.00 -112.77965120 -112.77965118 -112.76447927 -112.76447929
1.6     16.00 -112.77964398 -112.77964398 -112.76367557 -112.76367557
1.6     18.00 -112.77964101 -112.77964101 -112.76326211 -112.76326211
1.6     20.00 -112.77963977 -112.77963977 -112.76297891 -112.76297891
          
1.7      1.40 -111.21016275 -111.12695899 -110.77242995 -110.85563371
1.7      1.60 -112.03328568 -111.95301541 -111.58109289 -111.66136315
1.7      1.80 -112.54174338 -112.46568280 -112.08159792 -112.15765850
1.7      2.00 -112.83996220 -112.76580675 -112.37445685 -112.44861229
1.7      2.10 -112.93644499 -112.86212752 -112.46903802 -112.54335548
1.7      2.20 -113.00800346 -112.93288247 -112.53918443 -112.61430542
1.7      2.30 -113.06028400 -112.98351548 -112.59053382 -112.66730235
1.7      2.40 -113.09770156 -113.01851738 -112.62749712 -112.70668130
1.7      2.50 -113.12369160 -113.04136604 -112.65351099 -112.73583655
1.7      2.60 -113.14091716 -113.05469506 -112.67124923 -112.75747133
1.7      2.70 -113.15143533 -113.06078120 -112.68279486 -112.77344898
1.7      2.80 -113.15682921 -113.06157004 -112.68977927 -112.78503844
1.7      2.90 -113.15831797 -113.05866421 -112.69349392 -112.79314768
1.7      3.00 -113.15685116 -113.05326137 -112.69497853 -112.79856832
1.7      3.10 -113.15317513 -113.04664774 -112.69509492 -112.80162231
1.7      3.20 -113.14787710 -113.03879183 -112.69459682 -112.80368209
1.7      3.30 -113.14141892 -113.03061971 -112.69420960 -112.80500881
1.7      3.40 -113.13416410 -113.02258028 -112.69475248 -112.80633630
1.7      3.50 -113.12640080 -113.01546403 -112.69733386 -112.80827063
1.7      3.60 -113.11834900 -113.00995259 -112.70297119 -112.81136760
1.7      3.70 -113.11013415 -113.00438675 -112.71052568 -112.81627308
1.7      3.80 -113.10188164 -112.99831058 -112.71983286 -112.82340392
1.7      3.90 -113.09368150 -112.99246304 -112.73054241 -112.83176086
1.7      4.00 -113.08560365 -112.98711047 -112.74203028 -112.84052346
1.7      4.10 -113.07770775 -112.98226749 -112.75382186 -112.84926211
1.7      4.20 -113.07003846 -112.97791559 -112.76558599 -112.85770886
1.7      4.40 -113.05548531 -112.97050305 -112.78820188 -112.87318414
1.7      4.60 -113.04205631 -112.96454313 -112.80885343 -112.88636661
1.7      4.80 -113.02976528 -112.95968518 -112.82718027 -112.89726037
1.7      5.00 -113.01857982 -112.95571631 -112.84316234 -112.90602584
1.7      5.20 -113.00844600 -112.95233707 -112.85694471 -112.91305364
1.7      5.40 -112.99930058 -112.94947416 -112.86874302 -112.91856944
1.7      5.60 -112.99107705 -112.94701335 -112.87879268 -112.92285639
1.7      5.80 -112.98370840 -112.94487807 -112.88732254 -112.92615286
1.7      6.00 -112.97712852 -112.94301710 -112.89454261 -112.92865403
1.7      7.00 -112.95390278 -112.93637761 -112.91674560 -112.93427077
1.7      8.00 -112.94205058 -112.93531108 -112.92563605 -112.93237556
1.7      9.00 -112.93699666 -112.93540918 -112.92826055 -112.92984803
1.7     10.00 -112.93562094 -112.93537389 -112.92798031 -112.92822737
1.7     12.00 -112.93532227 -112.93531829 -112.92636332 -112.92636730
1.7     14.00 -112.93529778 -112.93529775 -112.92533645 -112.92533649
1.7     16.00 -112.93528950 -112.93528950 -112.92459558 -112.92459558
1.7     18.00 -112.93528585 -112.93528585 -112.92422208 -112.92422208
1.7     20.00 -112.93528417 -112.93528417 -112.92396759 -112.92396759
          
1.8      1.40 -111.18253575 -111.10209559 -110.79465683 -110.87509699
1.8      1.60 -112.02574458 -111.94711313 -111.61878969 -111.69742113
1.8      1.80 -112.56781301 -112.49372360 -112.14994881 -112.22403821
1.8      2.00 -112.89341865 -112.82230133 -112.46803131 -112.53914863
1.8      2.10 -113.00033246 -112.92957191 -112.57211081 -112.64287137
1.8      2.20 -113.08038008 -113.00935618 -112.64986448 -112.72088839
1.8      2.30 -113.13948829 -113.06750816 -112.70718450 -112.77916463
1.8      2.40 -113.18234945 -113.10871062 -112.74873813 -112.82237696
1.8      2.50 -113.21264883 -113.13667072 -112.77819381 -112.85417192
1.8      2.60 -113.23326665 -113.15436689 -112.79842426 -112.87732403
1.8      2.70 -113.24644654 -113.16286574 -112.81167739 -112.89525820
1.8      2.80 -113.25393002 -113.16576462 -112.81971662 -112.90788203
1.8      2.90 -113.25705907 -113.16436255 -112.82393209 -112.91662861
1.8      3.00 -113.25686848 -113.16035382 -112.82542892 -112.92194358
1.8      3.10 -113.25417497 -113.15403353 -112.82510203 -112.92524347
1.8      3.20 -113.24962502 -113.14681545 -112.82370233 -112.92651190
1.8      3.30 -113.24372630 -113.13902611 -112.82189649 -112.92659668
1.8      3.40 -113.23687660 -113.13118720 -112.82032757 -112.92601698
1.8      3.50 -113.22938876 -113.12385873 -112.81966774 -112.92519776
1.8      3.60 -113.22151254 -113.11736533 -112.82056484 -112.92471205
1.8      3.70 -113.21344132 -113.11126185 -112.82344192 -112.92562139
1.8      3.80 -113.20529731 -113.10481951 -112.82869266 -112.92917046
1.8      3.90 -113.19716711 -113.09839342 -112.83623909 -112.93501278
1.8      4.00 -113.18913273 -113.09243683 -112.84538742 -112.94208333
1.8      4.10 -113.18125816 -113.08707196 -112.85550808 -112.94969427
1.8      4.20 -113.17358658 -113.08232345 -112.86612485 -112.95738798
1.8      4.40 -113.15896597 -113.07441330 -112.88749968 -112.97205235
1.8      4.60 -113.14541762 -113.06812181 -112.90771807 -112.98501387
1.8      4.80 -113.13298779 -113.06315000 -112.92600693 -112.99584471
1.8      5.00 -113.12166166 -113.05902292 -112.94213696 -113.00477569
1.8      5.20 -113.11139307 -113.05561008 -112.95614655 -113.01192955
1.8      5.40 -113.10212176 -113.05272317 -112.96819690 -113.01759549
1.8      5.60 -113.09378208 -113.05027548 -112.97849623 -113.02200283
1.8      5.80 -113.08630705 -113.04817609 -112.98726073 -113.02539169
1.8      6.00 -113.07963017 -113.04635404 -112.99469549 -113.02797161
1.8      7.00 -113.05602085 -113.03994161 -113.01769908 -113.03377832
1.8      8.00 -113.04375219 -113.03613451 -113.02723627 -113.03485395
1.8      9.00 -113.03784155 -113.03495323 -113.03086508 -113.03375340
1.8     10.00 -113.03549926 -113.03491498 -113.03165824 -113.03224253
1.8     12.00 -113.03486432 -113.03485568 -113.03052198 -113.03053062
1.8     14.00 -113.03483370 -113.03483363 -113.02959151 -113.02959157
1.8     16.00 -113.03482461 -113.03482461 -113.02891756 -113.02891756
1.8     18.00 -113.03482048 -113.03482048 -113.02858645 -113.02858645
1.8     20.00 -113.03481849 -113.03481849 -113.02836241 -113.02836241
          
1.9      1.40 -111.13857899 -111.05105121 -110.79579135 -110.88331913
1.9      1.60 -111.98319177 -111.90810409 -111.61933048 -111.69441815
1.9      1.80 -112.55258095 -112.48257189 -112.17589709 -112.24590615
1.9      2.00 -112.90426561 -112.83802628 -112.51851289 -112.58475222
1.9      2.10 -113.02162562 -112.95638131 -112.63234498 -112.69758929
1.9      2.20 -113.11033846 -113.04542735 -112.71809401 -112.78300512
1.9      2.30 -113.17651308 -113.11104212 -112.78181621 -112.84728717
1.9      2.40 -113.22506870 -113.15850199 -112.82838991 -112.89495662
1.9      2.50 -113.25991599 -113.19168726 -112.86169526 -112.92992399
1.9      2.60 -113.28413965 -113.21345396 -112.88479760 -112.95548329
1.9      2.70 -113.30016177 -113.22550928 -112.90011134 -112.97476384
1.9      2.80 -113.30988026 -113.23104211 -112.90954097 -112.98837912
1.9      2.90 -113.31477469 -113.23112890 -112.91459535 -112.99824114
1.9      3.00 -113.31597297 -113.22808112 -112.91646368 -113.00435554
1.9      3.10 -113.31435088 -113.22311790 -112.91608114 -113.00731412
1.9      3.20 -113.31061965 -113.21667699 -112.91422104 -113.00816370
1.9      3.30 -113.30534054 -113.20942083 -112.91155056 -113.00747028
1.9      3.40 -113.29895145 -113.20196894 -112.90867016 -113.00565266
1.9      3.50 -113.29179506 -113.19496133 -112.90613071 -113.00296444
1.9      3.60 -113.28414224 -113.18872131 -112.90434060 -112.99976153
1.9      3.70 -113.27620446 -113.18277953 -112.90354087 -112.99696580
1.9      3.80 -113.26813386 -113.17587373 -112.90443442 -112.99669454
1.9      3.90 -113.26004856 -113.16813901 -112.90762598 -112.99953552
1.9      4.00 -113.25204446 -113.16058170 -112.91309410 -113.00455687
1.9      4.10 -113.24418624 -113.15363059 -112.92053998 -113.01109563
1.9      4.20 -113.23650934 -113.14766552 -112.92928143 -113.01812525
1.9      4.40 -113.22183002 -113.13824712 -112.94818760 -113.03177051
1.9      4.60 -113.20819229 -113.13123185 -112.96720362 -113.04416406
1.9      4.80 -113.19565422 -113.12583276 -112.98503112 -113.05485258
1.9      5.00 -113.18421264 -113.12159439 -113.00107074 -113.06368899
1.9      5.20 -113.17383014 -113.11810393 -113.01516619 -113.07089240
1.9      5.40 -113.16445128 -113.11521288 -113.02737965 -113.07661805
1.9      5.60 -113.15601277 -113.11279416 -113.03786903 -113.08108764
1.9      5.80 -113.14844867 -113.11072643 -113.04682512 -113.08454735
1.9      6.00 -113.14169289 -113.10894442 -113.05444070 -113.08718916
1.9      7.00 -113.11783211 -113.10277924 -113.07809298 -113.09314585
1.9      8.00 -113.10546421 -113.09918630 -113.08796417 -113.09424207
1.9      9.00 -113.09940194 -113.09697504 -113.09191109 -113.09433799
1.9     10.00 -113.09647771 -113.09556854 -113.09338565 -113.09429482
1.9     12.00 -113.09434908 -113.09423110 -113.09389614 -113.09401411
1.9     14.00 -113.09420799 -113.09420761 -113.09317066 -113.09317104
1.9     16.00 -113.09419795 -113.09419795 -113.09256677 -113.09256677
1.9     18.00 -113.09419347 -113.09419346 -113.09227987 -113.09227987
1.9     20.00 -113.09419123 -113.09419123 -113.09208757 -113.09208758
          
2.0      1.40 -111.09671832 -111.02444931 -110.79487304 -110.86714205
2.0      1.60 -111.92095767 -111.85145593 -111.59684767 -111.66634941
2.0      1.80 -112.50928813 -112.44529119 -112.17159360 -112.23559054
2.0      2.00 -112.88471751 -112.82532430 -112.53721098 -112.59660420
2.0      2.10 -113.01228264 -112.95433061 -112.66088685 -112.71883888
2.0      2.20 -113.10968182 -113.05265167 -112.75495758 -112.81198773
2.0      2.30 -113.18307081 -113.12616530 -112.82551461 -112.88242011
2.0      2.40 -113.23751973 -113.18009874 -112.87757508 -112.93499608
2.0      2.50 -113.27712438 -113.21867964 -112.91519323 -112.97363798
2.0      2.60 -113.30515373 -113.24483411 -112.94160649 -113.00192611
2.0      2.70 -113.32419767 -113.26075062 -112.95939046 -113.02283751
2.0      2.80 -113.33630117 -113.26928177 -112.97059371 -113.03761310
2.0      2.90 -113.34308050 -113.27153861 -112.97686161 -113.04840351
2.0      3.00 -113.34578781 -113.26899990 -112.97952445 -113.05631236
2.0      3.10 -113.34533057 -113.26521866 -112.97953056 -113.05964247
2.0      3.20 -113.34248758 -113.25992697 -112.97766584 -113.06022645
2.0      3.30 -113.33788478 -113.25362127 -112.97464330 -113.05890681
2.0      3.40 -113.33200385 -113.24690418 -112.97107259 -113.05617226
2.0      3.50 -113.32522043 -113.24041153 -112.96746009 -113.05226899
2.0      3.60 -113.31782872 -113.23445671 -112.96412680 -113.04749881
2.0      3.70 -113.31005890 -113.22839093 -112.96134732 -113.04301529
2.0      3.80 -113.30208410 -113.22138596 -112.95973453 -113.04043267
2.0      3.90 -113.29403736 -113.21349513 -112.95979486 -113.04033709
2.0      4.00 -113.28602703 -113.20520796 -112.96154880 -113.04236787
2.0      4.10 -113.27813758 -113.19705833 -112.96480323 -113.04588248
2.0      4.20 -113.27043171 -113.18920194 -112.96941819 -113.05064796
2.0      4.40 -113.25573535 -113.17593458 -112.98284527 -113.06264604
2.0      4.60 -113.24204460 -113.16691861 -112.99975830 -113.07488429
2.0      4.80 -113.22940518 -113.16055043 -113.01636079 -113.08521554
2.0      5.00 -113.21785920 -113.15572645 -113.03186243 -113.09399518
2.0      5.20 -113.20737509 -113.15197683 -113.04579495 -113.10119320
2.0      5.40 -113.19790062 -113.14895353 -113.05802731 -113.10697439
2.0      5.60 -113.18937471 -113.14646755 -113.06861826 -113.11152542
2.0      5.80 -113.18173278 -113.14438107 -113.07770837 -113.11506008
2.0      6.00 -113.17490951 -113.14260299 -113.08546476 -113.11777128
2.0      7.00 -113.15087365 -113.13659185 -113.10964584 -113.12392764
2.0      8.00 -113.13857785 -113.13317241 -113.11967788 -113.12508332
2.0      9.00 -113.13277990 -113.13110316 -113.12351725 -113.12519399
2.0     10.00 -113.13021353 -113.12980803 -113.12474937 -113.12515487
2.0     12.00 -113.12842287 -113.12841071 -113.12507984 -113.12509200
2.0     14.00 -113.12766457 -113.12766442 -113.12506779 -113.12506794
2.0     16.00 -113.12713192 -113.12713192 -113.12505777 -113.12505777
2.0     18.00 -113.12689046 -113.12689046 -113.12505294 -113.12505294
2.0     20.00 -113.12673078 -113.12673078 -113.12505048 -113.12505048
          
2.1      1.40 -111.06876437 -111.00085781 -110.80230565 -110.87021222
2.1      1.60 -111.85137136 -111.78713221 -111.56300234 -111.62724150
2.1      1.80 -112.44834564 -112.39066685 -112.14661200 -112.20429079
2.1      2.00 -112.84404952 -112.79136118 -112.53251780 -112.58520615
2.1      2.10 -112.98126954 -112.93054166 -112.66581935 -112.71654723
2.1      2.20 -113.08717732 -113.03784146 -112.76835181 -112.81768767
2.1      2.30 -113.16780417 -113.11930225 -112.84607979 -112.89458170
2.1      2.40 -113.22826948 -113.18008728 -112.90406566 -112.95224786
2.1      2.50 -113.27279522 -113.22397163 -112.94648149 -112.99530508
2.1      2.60 -113.30480244 -113.25478653 -112.97670778 -113.02672369
2.1      2.70 -113.32703363 -113.27522905 -112.99745780 -113.04926238
2.1      2.80 -113.34167229 -113.28667890 -113.01091569 -113.06590908
2.1      2.90 -113.35045701 -113.29167385 -113.01885746 -113.07764063
2.1      3.00 -113.35478994 -113.29049032 -113.02282926 -113.08712888
2.1      3.10 -113.35558961 -113.28775996 -113.02375838 -113.09158803
2.1      3.20 -113.35369977 -113.28396154 -113.02233198 -113.09207021
2.1      3.30 -113.34982812 -113.27874425 -113.01936494 -113.09044880
2.1      3.40 -113.34450083 -113.27263315 -113.01547277 -113.08734045
2.1      3.50 -113.33812934 -113.26616931 -113.01114329 -113.08310332
2.1      3.60 -113.33103765 -113.25950101 -113.00676537 -113.07830201
2.1      3.70 -113.32347904 -113.25262966 -113.00270989 -113.07355927
2.1      3.80 -113.31564566 -113.24534583 -112.99942740 -113.06972722
2.1      3.90 -113.30768221 -113.23753431 -112.99737536 -113.06752326
2.1      4.00 -113.29970434 -113.22932617 -112.99678904 -113.06716721
2.1      4.10 -113.29180545 -113.22098329 -112.99758840 -113.06841056
2.1      4.20 -113.28405563 -113.21274489 -112.99952352 -113.07083426
2.1      4.40 -113.26918855 -113.19745263 -113.00589952 -113.07763544
2.1      4.60 -113.25535857 -113.18434478 -113.01524952 -113.08626332
2.1      4.80 -113.24271086 -113.17526832 -113.02888026 -113.09632280
2.1      5.00 -113.23110581 -113.16962452 -113.04351934 -113.10500063
2.1      5.20 -113.22052646 -113.16532687 -113.05683133 -113.11203093
2.1      5.40 -113.21096159 -113.16206100 -113.06881408 -113.11771467
2.1      5.60 -113.20235363 -113.15943879 -113.07935425 -113.12226909
2.1      5.80 -113.19463908 -113.15731649 -113.08848813 -113.12581071
2.1      6.00 -113.18775338 -113.15553650 -113.09632914 -113.12854602
2.1      7.00 -113.16357145 -113.14970886 -113.12093085 -113.13479344
2.1      8.00 -113.15140100 -113.14649780 -113.13106159 -113.13596478
2.1      9.00 -113.14593015 -113.14458954 -113.13473075 -113.13607136
2.1     10.00 -113.14369398 -113.14341543 -113.13574945 -113.13602800
2.1     12.00 -113.14218854 -113.14218171 -113.13595451 -113.13596134
2.1     14.00 -113.14154926 -113.14154919 -113.13593591 -113.13593599
2.1     16.00 -113.14107385 -113.14107385 -113.13592523 -113.13592523
2.1     18.00 -113.14087849 -113.14087849 -113.13592004 -113.13592004
2.1     20.00 -113.14075189 -113.14075189 -113.13591734 -113.13591734
          
2.13      1.40 -111.06428471 -110.99784449 -110.80815769 -110.87459791
2.13      1.60 -111.82907409 -111.76675571 -111.55131190 -111.61363028
2.13      1.80 -112.42637596 -112.37053979 -112.13548741 -112.19132358
2.13      2.00 -112.82767944 -112.77735669 -112.52712918 -112.57745193
2.13      2.10 -112.96783602 -112.91961097 -112.66341449 -112.71163955
2.13      2.20 -113.07640945 -113.02976341 -112.76865097 -112.81529701
2.13      2.30 -113.15934862 -113.11379232 -112.84872204 -112.89427834
2.13      2.40 -113.22176288 -113.17649072 -112.90868128 -112.95395344
2.13      2.50 -113.26789928 -113.22226587 -112.95272549 -112.99835890
2.13      2.60 -113.30121848 -113.25463236 -112.98427367 -113.03085979
2.13      2.70 -113.32450703 -113.27635985 -113.00608007 -113.05422725
2.13      2.80 -113.33999154 -113.28905093 -113.02036552 -113.07130613
2.13      2.90 -113.34944754 -113.29485960 -113.02894460 -113.08353254
2.13      3.00 -113.35432313 -113.29433214 -113.03342102 -113.09341201
2.13      3.10 -113.35554772 -113.29213563 -113.03473442 -113.09814650
2.13      3.20 -113.35397889 -113.28881590 -113.03350831 -113.09867131
2.13      3.30 -113.35035556 -113.28368573 -113.03060793 -113.09727777
2.13      3.40 -113.34521837 -113.27766918 -113.02665339 -113.09420257
2.13      3.50 -113.33899066 -113.27104346 -113.02214809 -113.09009530
2.13      3.60 -113.33200590 -113.26412456 -113.01750522 -113.08538656
2.13      3.70 -113.32452431 -113.25700155 -113.01311219 -113.08063494
2.13      3.80 -113.31674445 -113.24959977 -113.00938246 -113.07652713
2.13      3.90 -113.30881572 -113.24177711 -113.00675226 -113.07379087
2.13      4.00 -113.30085591 -113.23360032 -113.00551495 -113.07277054
2.13      4.10 -113.29296103 -113.22529111 -113.00567109 -113.07334101
2.13      4.20 -113.28520458 -113.21705745 -113.00699775 -113.07514488
2.13      4.40 -113.27030027 -113.20143498 -113.01211438 -113.08097966
2.13      4.60 -113.25639948 -113.18784804 -113.01957702 -113.08812845
2.13      4.80 -113.24365130 -113.17713981 -113.03000794 -113.09651942
2.13      5.00 -113.23208798 -113.17087417 -113.04424344 -113.10545726
2.13      5.20 -113.22149457 -113.16642136 -113.05736780 -113.11244101
2.13      5.40 -113.21190261 -113.16302366 -113.06918373 -113.11806268
2.13      5.60 -113.20326897 -113.16033802 -113.07965508 -113.12258603
2.13      5.80 -113.19553149 -113.15818192 -113.08877339 -113.12612296
2.13      6.00 -113.18862597 -113.15639409 -113.09662442 -113.12885630
2.13      7.00 -113.16439697 -113.15061659 -113.12133641 -113.13511678
2.13      8.00 -113.15226514 -113.14747149 -113.13149754 -113.13629118
2.13      9.00 -113.14688905 -113.14561402 -113.13512202 -113.13639705
2.13     10.00 -113.14473651 -113.14447859 -113.13609473 -113.13635264
2.13     12.00 -113.14330344 -113.14329729 -113.13627884 -113.13628498
2.13     14.00 -113.14269584 -113.14269578 -113.13625922 -113.13625929
2.13     16.00 -113.14224460 -113.14224460 -113.13624834 -113.13624834
2.13     18.00 -113.14206414 -113.14206414 -113.13624304 -113.13624304
2.13     20.00 -113.14194823 -113.14194823 -113.13624026 -113.13624026
          
2.2      1.40 -111.06338900 -111.00018101 -110.82736772 -110.89057571
2.2      1.60 -111.78429509 -111.72573211 -111.52737859 -111.58594157
2.2      1.80 -112.37811533 -112.32642604 -112.10878149 -112.16047079
2.2      2.00 -112.78945159 -112.74330110 -112.51090894 -112.55705942
2.2      2.10 -112.93542509 -112.89155833 -112.65317708 -112.69704384
2.2      2.20 -113.04942828 -113.00742595 -112.76398314 -112.80598547
2.2      2.30 -113.13716290 -113.09673944 -112.84896917 -112.88939264
2.2      2.40 -113.20366940 -113.16388213 -112.91312310 -112.95291037
2.2      2.50 -113.25321863 -113.21360843 -112.96066910 -113.00027929
2.2      2.60 -113.28933717 -113.24931397 -112.99509010 -113.03511330
2.2      2.70 -113.31489243 -113.27366319 -113.01922549 -113.06045474
2.2      2.80 -113.33219613 -113.28878291 -113.03536397 -113.07877719
2.2      2.90 -113.34309993 -113.29664032 -113.04538517 -113.09184477
2.2      3.00 -113.34912518 -113.29778266 -113.05093341 -113.10227594
2.2      3.10 -113.35129487 -113.29580474 -113.05311366 -113.10860379
2.2      3.20 -113.35042813 -113.29337299 -113.05236213 -113.10941727
2.2      3.30 -113.34735103 -113.28902611 -113.04968121 -113.10800613
2.2      3.40 -113.34263426 -113.28325075 -113.04571677 -113.10510028
2.2      3.50 -113.33672604 -113.27655577 -113.04099266 -113.10116293
2.2      3.60 -113.32997954 -113.26933772 -113.03595207 -113.09659389
2.2      3.70 -113.32267109 -113.26186044 -113.03098656 -113.09179720
2.2      3.80 -113.31501355 -113.25421903 -113.02646666 -113.08726119
2.2      3.90 -113.30716746 -113.24638116 -113.02277914 -113.08356545
2.2      4.00 -113.29925584 -113.23829152 -113.02028522 -113.08124955
2.2      4.10 -113.29137863 -113.23008116 -113.01916245 -113.08045992
2.2      4.20 -113.28361588 -113.22192304 -113.01931268 -113.08100551
2.2      4.40 -113.26865124 -113.20618693 -113.02235487 -113.08481917
2.2      4.60 -113.25464134 -113.19197966 -113.02746657 -113.09012826
2.2      4.80 -113.24170943 -113.17961266 -113.03381679 -113.09591356
2.2      5.00 -113.22992909 -113.16983230 -113.04200323 -113.10210002
2.2      5.20 -113.21941291 -113.16443687 -113.05433235 -113.10930839
2.2      5.40 -113.20983495 -113.16107124 -113.06624464 -113.11500836
2.2      5.60 -113.20115637 -113.15821690 -113.07648378 -113.11942326
2.2      5.80 -113.19337289 -113.15596338 -113.08549997 -113.12290948
2.2      6.00 -113.18642620 -113.15413738 -113.09333155 -113.12562038
2.2      7.00 -113.16209270 -113.14841205 -113.11822436 -113.13190502
2.2      8.00 -113.15002774 -113.14539593 -113.12845669 -113.13308850
2.2      9.00 -113.14482412 -113.14364452 -113.13201287 -113.13319247
2.2     10.00 -113.14281950 -113.14259001 -113.13291644 -113.13314593
2.2     12.00 -113.14152360 -113.14151833 -113.13307100 -113.13307626
2.2     14.00 -113.14101725 -113.14101719 -113.13304978 -113.13304983
2.2     16.00 -113.14058178 -113.14058178 -113.13303849 -113.13303849
2.2     18.00 -113.14043262 -113.14043261 -113.13303295 -113.13303295
2.2     20.00 -113.14033915 -113.14033915 -113.13303001 -113.13303001
          
2.3      1.40 -111.08480049 -111.02627737 -110.87467436 -110.93319748
2.3      1.60 -111.72737250 -111.67442196 -111.49762596 -111.55057650
2.3      1.80 -112.30540685 -112.25953208 -112.06467175 -112.11054653
2.3      2.00 -112.72661383 -112.68662920 -112.47766261 -112.51764724
2.3      2.10 -112.88006217 -112.84227871 -112.62777470 -112.66555817
2.3      2.20 -113.00148372 -112.96600127 -112.74630775 -112.78179020
2.3      2.30 -113.09601918 -113.06211049 -112.83835567 -112.87226436
2.3      2.40 -113.16847646 -113.13568517 -112.90868311 -112.94147440
2.3      2.50 -113.22307887 -113.19089364 -112.96147193 -112.99365716
2.3      2.60 -113.26339949 -113.23139249 -113.00025830 -113.03226530
2.3      2.70 -113.29239321 -113.25992242 -113.02796939 -113.06044018
2.3      2.80 -113.31247348 -113.27882787 -113.04699361 -113.08063922
2.3      2.90 -113.32559706 -113.28962746 -113.05928481 -113.09525441
2.3      3.00 -113.33334301 -113.29410242 -113.06645447 -113.10569507
2.3      3.10 -113.33703166 -113.29146956 -113.06999125 -113.11555335
2.3      3.20 -113.33726905 -113.29025042 -113.07012936 -113.11714799
2.3      3.30 -113.33505306 -113.28675941 -113.06802066 -113.11631431
2.3      3.40 -113.33100060 -113.28151698 -113.06434044 -113.11382406
2.3      3.50 -113.32559812 -113.27504621 -113.05962929 -113.11018120
2.3      3.60 -113.31922978 -113.26780471 -113.05434413 -113.10576921
2.3      3.70 -113.31219826 -113.26013166 -113.04887387 -113.10094048
2.3      3.80 -113.30473905 -113.25227211 -113.04356305 -113.09602999
2.3      3.90 -113.29703188 -113.24432995 -113.03873824 -113.09144018
2.3      4.00 -113.28921133 -113.23633781 -113.03474222 -113.08761574
2.3      4.10 -113.28138102 -113.22830989 -113.03190495 -113.08497608
2.3      4.20 -113.27362642 -113.22026363 -113.03038747 -113.08375026
2.3      4.40 -113.25859993 -113.20462301 -113.03074965 -113.08472657
2.3      4.60 -113.24446974 -113.19020666 -113.03381667 -113.08807975
2.3      4.80 -113.23137574 -113.17732154 -113.03792670 -113.09198091
2.3      5.00 -113.21935734 -113.16597440 -113.04236857 -113.09575150
2.3      5.20 -113.20841113 -113.15631361 -113.04715233 -113.09924985
2.3      5.40 -113.19854835 -113.14876829 -113.05302117 -113.10280124
2.3      5.60 -113.19000597 -113.14559612 -113.06291589 -113.10732573
2.3      5.80 -113.18241985 -113.14471205 -113.07334909 -113.11105690
2.3      6.00 -113.17544692 -113.14291123 -113.08112050 -113.11365619
2.3      7.00 -113.15095482 -113.13723363 -113.10611684 -113.11983803
2.3      8.00 -113.13893754 -113.13439956 -113.11648363 -113.12102161
2.3      9.00 -113.13391519 -113.13280195 -113.12000776 -113.12112101
2.3     10.00 -113.13207527 -113.13186551 -113.12086138 -113.12107113
2.3     12.00 -113.13095791 -113.13095325 -113.12099398 -113.12099865
2.3     14.00 -113.13056351 -113.13056346 -113.12097115 -113.12097120
2.3     16.00 -113.13018763 -113.13018763 -113.12095935 -113.12095935
2.3     18.00 -113.13008421 -113.13008421 -113.12095349 -113.12095349
2.3     20.00 -113.13002355 -113.13002355 -113.12095032 -113.12095032
          
2.4      1.40 -111.13359316 -111.07957610 -110.94538141 -110.99939847
2.4      1.60 -111.68612465 -111.63843449 -111.47949322 -111.52718339
2.4      1.80 -112.23576831 -112.19532299 -112.01982546 -112.06027078
2.4      2.00 -112.66012539 -112.62558481 -112.43723455 -112.47177513
2.4      2.10 -112.81938547 -112.78737991 -112.59363755 -112.62564311
2.4      2.20 -112.94726268 -112.91724344 -112.71902419 -112.74904343
2.4      2.30 -113.04809144 -113.01967917 -112.81769666 -112.84610893
2.4      2.40 -113.12627372 -113.09911512 -112.89402457 -112.92118317
2.4      2.50 -113.18586990 -113.15969453 -112.95203670 -112.97821208
2.4      2.60 -113.23042664 -113.20470622 -112.99524993 -113.02097036
2.4      2.70 -113.26294148 -113.23728855 -113.02663712 -113.05229005
2.4      2.80 -113.28589912 -113.25971968 -113.04866196 -113.07484140
2.4      2.90 -113.30133967 -113.27374535 -113.06334887 -113.09094319
2.4      3.00 -113.31091603 -113.28108674 -113.07235250 -113.10218179
2.4      3.10 -113.31617065 -113.27873807 -113.07733617 -113.11476875
2.4      3.20 -113.31758786 -113.27862782 -113.07857928 -113.11753933
2.4      3.30 -113.31629482 -113.27627027 -113.07725991 -113.11728445
2.4      3.40 -113.31295736 -113.27173488 -113.07409857 -113.11532105
2.4      3.50 -113.30810065 -113.26573472 -113.06966076 -113.11202669
2.4      3.60 -113.30214200 -113.25876089 -113.06441403 -113.10779513
2.4      3.70 -113.29541159 -113.25118042 -113.05875191 -113.10298307
2.4      3.80 -113.28816874 -113.24323886 -113.05301178 -113.09794167
2.4      3.90 -113.28061408 -113.23523597 -113.04749202 -113.09287013
2.4      4.00 -113.27289894 -113.22724677 -113.04247955 -113.08813171
2.4      4.10 -113.26513523 -113.21931795 -113.03828794 -113.08410523
2.4      4.20 -113.25740944 -113.21139824 -113.03522766 -113.08123886
2.4      4.40 -113.24234850 -113.19591701 -113.03285393 -113.07928541
2.4      4.60 -113.22811677 -113.18151233 -113.03413367 -113.08073810
2.4      4.80 -113.21489269 -113.16843948 -113.03703789 -113.08349111
2.4      5.00 -113.20272686 -113.15691629 -113.04034317 -113.08615374
2.4      5.20 -113.19160595 -113.14658179 -113.04354482 -113.08856897
2.4      5.40 -113.18148598 -113.13752305 -113.04654704 -113.09050997
2.4      5.60 -113.17231446 -113.12966941 -113.04949087 -113.09213592
2.4      5.80 -113.16405286 -113.12314458 -113.05272581 -113.09363409
2.4      6.00 -113.15673444 -113.11850004 -113.05703649 -113.09527089
2.4      7.00 -113.13344948 -113.11945597 -113.08795088 -113.10194439
2.4      8.00 -113.12142065 -113.11682465 -113.09849753 -113.10309353
2.4      9.00 -113.11649341 -113.11538232 -113.10207187 -113.10318296
2.4     10.00 -113.11476904 -113.11456276 -113.10292265 -113.10312893
2.4     12.00 -113.11381078 -113.11380625 -113.10304916 -113.10305369
2.4     14.00 -113.11351823 -113.11351819 -113.10302532 -113.10302536
2.4     16.00 -113.11320932 -113.11320932 -113.10301306 -113.10301306
2.4     18.00 -113.11315067 -113.11315067 -113.10300691 -113.10300691
2.4     20.00 -113.11312209 -113.11312209 -113.10300355 -113.10300355
          
2.5      1.40 -111.20751785 -111.15755374 -111.03787272 -111.08783683
2.5      1.60 -111.66400585 -111.62062882 -111.47684161 -111.52021864
2.5      1.80 -112.17363746 -112.13785544 -111.97886180 -112.01464383
2.5      2.00 -112.59374048 -112.56391450 -112.39344683 -112.42327281
2.5      2.10 -112.75678335 -112.72936983 -112.55419440 -112.58160792
2.5      2.20 -112.88985933 -112.86456990 -112.68525039 -112.71053982
2.5      2.30 -112.99625542 -112.97254823 -112.78988288 -112.81359007
2.5      2.40 -113.07978247 -113.05741413 -112.87188241 -112.89425074
2.5      2.50 -113.14420708 -113.12288960 -112.93499455 -112.95631204
2.5      2.60 -113.19296255 -113.17234635 -112.98263166 -113.00324786
2.5      2.70 -113.22903380 -113.20869502 -113.01775885 -113.03809763
2.5      2.80 -113.25494293 -113.23451937 -113.04288518 -113.06330874
2.5      2.90 -113.27278774 -113.25163144 -113.06009374 -113.08125004
2.5      3.00 -113.28429670 -113.26168046 -113.07110115 -113.09371739
2.5      3.10 -113.29085660 -113.26625741 -113.07730315 -113.10190234
2.5      3.20 -113.29381908 -113.26152573 -113.08016321 -113.11245656
2.5      3.30 -113.29351051 -113.26010123 -113.07978660 -113.11319587
2.5      3.40 -113.29094006 -113.25657961 -113.07730452 -113.11166497
2.5      3.50 -113.28667245 -113.25133793 -113.07331058 -113.10864510
2.5      3.60 -113.28115851 -113.24477905 -113.06829170 -113.10467116
2.5      3.70 -113.27475669 -113.23742977 -113.06265276 -113.09997968
2.5      3.80 -113.26775051 -113.22963202 -113.05673489 -113.09485337
2.5      3.90 -113.26036173 -113.22160464 -113.05083084 -113.08958794
2.5      4.00 -113.25276073 -113.21359382 -113.04519881 -113.08436572
2.5      4.10 -113.24507402 -113.20559410 -113.04009372 -113.07957364
2.5      4.20 -113.23739370 -113.19777325 -113.03580786 -113.07542831
2.5      4.40 -113.22232965 -113.18248450 -113.03071283 -113.07055798
2.5      4.60 -113.20801066 -113.16812895 -113.03003108 -113.06991279
2.5      4.80 -113.19466603 -113.15503435 -113.03181158 -113.07144326
2.5      5.00 -113.18236854 -113.14334743 -113.03443613 -113.07345724
2.5      5.20 -113.17111208 -113.13298809 -113.03708843 -113.07521242
2.5      5.40 -113.16085101 -113.12370976 -113.03945314 -113.07659439
2.5      5.60 -113.15152045 -113.11540124 -113.04146252 -113.07758173
2.5      5.80 -113.14304857 -113.10798439 -113.04316023 -113.07822442
2.5      6.00 -113.13536319 -113.10131402 -113.04463433 -113.07868350
2.5      7.00 -113.11141906 -113.09595339 -113.06540224 -113.08086792
2.5      8.00 -113.09984735 -113.09502449 -113.07691269 -113.08173555
2.5      9.00 -113.09496644 -113.09380029 -113.08062624 -113.08179238
2.5     10.00 -113.09332376 -113.09310818 -113.08151430 -113.08172988
2.5     12.00 -113.09251092 -113.09250623 -113.08164652 -113.08165121
2.5     14.00 -113.09231118 -113.09231113 -113.08162206 -113.08162211
2.5     16.00 -113.09207198 -113.09207198 -113.08160943 -113.08160943
2.5     18.00 -113.09205661 -113.09205661 -113.08160304 -113.08160304
2.5     20.00 -113.09205905 -113.09205905 -113.08159952 -113.08159952
          
2.6      1.40 -111.30239903 -111.25648938 -111.14858589 -111.19449554
2.6      1.60 -111.66234606 -111.62312238 -111.49101254 -111.53023622
2.6      1.80 -112.12215999 -112.09304641 -111.94444645 -111.97356003
2.6      2.00 -112.53054300 -112.50483955 -112.34958852 -112.37529196
2.6      2.10 -112.69502556 -112.67163843 -112.51238673 -112.53577386
2.6      2.20 -112.83176035 -112.81037736 -112.64762606 -112.66900905
2.6      2.30 -112.94277254 -112.92304148 -112.75732016 -112.77705121
2.6      2.40 -113.03109711 -113.01269362 -112.84449294 -112.86289643
2.6      2.50 -113.10006645 -113.08273644 -112.91246559 -112.92979560
2.6      2.60 -113.15290141 -113.13636355 -112.96444764 -112.98098550
2.6      2.70 -113.19250862 -113.17639053 -113.00333311 -113.01945120
2.6      2.80 -113.22140637 -113.20546853 -113.03163186 -113.04756969
2.6      2.90 -113.24172397 -113.22554236 -113.05146489 -113.06764649
2.6      3.00 -113.25524082 -113.23818807 -113.06460284 -113.08165559
2.6      3.10 -113.26341359 -113.24496423 -113.07249419 -113.09094354
2.6      3.20 -113.26772227 -113.24125832 -113.07673950 -113.10320345
2.6      3.30 -113.26846022 -113.24102340 -113.07742782 -113.10486464
2.6      3.40 -113.26671020 -113.23828364 -113.07574854 -113.10417510
2.6      3.50 -113.26307692 -113.23366938 -113.07232706 -113.10173459
2.6      3.60 -113.25804543 -113.22760965 -113.06767474 -113.09811052
2.6      3.70 -113.25200299 -113.22061438 -113.06221329 -113.09360190
2.6      3.80 -113.24525739 -113.21301276 -113.05629470 -113.08853933
2.6      3.90 -113.23805163 -113.20510306 -113.05021532 -113.08316389
2.6      4.00 -113.23057483 -113.19710770 -113.04422912 -113.07769624
2.6      4.10 -113.22297085 -113.18921054 -113.03856058 -113.07232089
2.6      4.20 -113.21534443 -113.18144318 -113.03344027 -113.06734151
2.6      4.40 -113.20030873 -113.16627007 -113.02595354 -113.05999221
2.6      4.60 -113.18592197 -113.15191234 -113.02309576 -113.05710540
2.6      4.80 -113.17246489 -113.13883690 -113.02358254 -113.05721053
2.6      5.00 -113.16004120 -113.12716362 -113.02553451 -113.05841209
2.6      5.20 -113.14865716 -113.11676251 -113.02782421 -113.05971887
2.6      5.40 -113.13827151 -113.10744677 -113.02994669 -113.06077143
2.6      5.60 -113.12882022 -113.09909816 -113.03172766 -113.06144973
2.6      5.80 -113.12022902 -113.09157283 -113.03314550 -113.06180169
2.6      6.00 -113.11242194 -113.08474154 -113.03424030 -113.06192069
2.6      7.00 -113.08290274 -113.06125959 -113.03664087 -113.05828402
2.6      8.00 -113.06701401 -113.06104254 -113.03596568 -113.04193714
2.6      9.00 -113.06997603 -113.06847775 -113.05737192 -113.05887020
2.6     10.00 -113.06935602 -113.06911305 -113.05838747 -113.05863045
2.6     12.00 -113.06883593 -113.06883075 -113.05851753 -113.05852271
2.6     14.00 -113.06873759 -113.06873753 -113.05849219 -113.05849225
2.6     16.00 -113.06855927 -113.06855927 -113.05847924 -113.05847924
2.6     18.00 -113.06857818 -113.06857818 -113.05847266 -113.05847266
2.6     20.00 -113.06860862 -113.06860862 -113.05846902 -113.05846902
          
2.7      1.40 -111.41304667 -111.37766373 -111.27283209 -111.30821504
2.7      1.60 -111.68141563 -111.62996349 -111.52444312 -111.57589526
2.7      1.80 -112.08440347 -112.01297181 -111.92253551 -111.99396716
2.7      2.00 -112.47303948 -112.39736369 -112.30848026 -112.38415605
2.7      2.10 -112.63638969 -112.56719793 -112.47076241 -112.53995416
2.7      2.20 -112.77499343 -112.71170802 -112.60841938 -112.67170479
2.7      2.30 -112.88945133 -112.83155646 -112.72203865 -112.77993353
2.7      2.40 -112.98185362 -112.92862684 -112.81370302 -112.86692980
2.7      2.50 -113.05495654 -113.00591083 -112.88616409 -112.93520980
2.7      2.60 -113.11166147 -113.06628328 -112.94231838 -112.98769656
2.7      2.70 -113.15472164 -113.11263638 -112.98491497 -113.02700023
2.7      2.80 -113.18660186 -113.14753412 -113.01641369 -113.05548143
2.7      2.90 -113.20943241 -113.17306467 -113.03894330 -113.07531104
2.7      3.00 -113.22501724 -113.19117961 -113.05430474 -113.08814236
2.7      3.10 -113.23487853 -113.20328999 -113.06401186 -113.09560039
2.7      3.20 -113.24055619 -113.20870791 -113.06970747 -113.10155575
2.7      3.30 -113.24240204 -113.21192734 -113.07156630 -113.10204100
2.7      3.40 -113.24152588 -113.21236224 -113.07079306 -113.09995670
2.7      3.50 -113.23857311 -113.21064534 -113.06804824 -113.09597600
2.7      3.60 -113.23406338 -113.20735229 -113.06387167 -113.09058275
2.7      3.70 -113.22841311 -113.20289014 -113.05870644 -113.08422942
2.7      3.80 -113.22195500 -113.19756407 -113.05291805 -113.07730899
2.7      3.90 -113.21495312 -113.19165483 -113.04681241 -113.07011070
2.7      4.00 -113.20761514 -113.18536989 -113.04064774 -113.06289299
2.7      4.10 -113.20010171 -113.17886191 -113.03464411 -113.05588391
2.7      4.20 -113.19253319 -113.17224577 -113.02900021 -113.04928764
2.7      4.40 -113.17754848 -113.15914039 -113.01969136 -113.03809945
2.7      4.60 -113.16312113 -113.14674704 -113.01459205 -113.03096613
2.7      4.80 -113.14956445 -113.13535112 -113.01354168 -113.02775501
2.7      5.00 -113.13702187 -113.12486458 -113.01468584 -113.02684312
2.7      5.20 -113.12551615 -113.11521826 -113.01659111 -113.02688899
2.7      5.40 -113.11501274 -113.10631253 -113.01853618 -113.02723639
2.7      5.60 -113.10545014 -113.09812072 -113.02023033 -113.02755975
2.7      5.80 -113.09675552 -113.09056560 -113.02159310 -113.02778302
2.7      6.00 -113.08885356 -113.08364542 -113.02263642 -113.02784456
2.7      7.00 -113.05906388 -113.05718599 -113.02472756 -113.02660545
2.7      8.00 -113.04329040 -113.04298260 -113.02451651 -113.02482431
2.7      9.00 -113.03821667 -113.03819955 -113.02394878 -113.02396590
2.7     10.00 -113.03711240 -113.03711184 -113.02370692 -113.02370748
2.7     12.00 -113.03681517 -113.03681517 -113.02358814 -113.02358814
2.7     14.00 -113.03677473 -113.03677473 -113.02355685 -113.02355685
2.7     16.00 -113.03675899 -113.03675899 -113.02354348 -113.02354348
2.7     18.00 -113.03675118 -113.03675118 -113.02353670 -113.02353670
2.7     20.00 -113.03674692 -113.03674692 -113.02353295 -113.02353295
          
2.8      1.40 -111.53403616 -111.50431675 -111.40551075 -111.43523015
2.8      1.60 -111.71905211 -111.68415277 -111.57398467 -111.60888401
2.8      1.80 -112.06099515 -112.01315872 -111.91184386 -111.95968029
2.8      2.00 -112.42320476 -112.36291702 -112.27249534 -112.33278309
2.8      2.10 -112.58273614 -112.51668314 -112.43152893 -112.49758194
2.8      2.20 -112.72122480 -112.64982882 -112.56960463 -112.64100060
2.8      2.30 -112.83775970 -112.76196468 -112.68578518 -112.76158019
2.8      2.40 -112.93335014 -112.86179657 -112.78106841 -112.85262197
2.8      2.50 -113.01004296 -112.94227839 -112.85749701 -112.92526159
2.8      2.60 -113.07031079 -113.00606800 -112.91754309 -112.98178588
2.8      2.70 -113.11667186 -113.05592238 -112.96372554 -113.02447502
2.8      2.80 -113.15148044 -113.09384027 -112.99839838 -113.05603854
2.8      2.90 -113.17683036 -113.12224969 -113.02365748 -113.07823814
2.8      3.00 -113.19452893 -113.14277482 -113.04131162 -113.09306574
2.8      3.10 -113.20639504 -113.16487484 -113.05325881 -113.09477901
2.8      3.20 -113.21320639 -113.17402377 -113.06012621 -113.09930883
2.8      3.30 -113.21621744 -113.17904514 -113.06324627 -113.10041858
2.8      3.40 -113.21626711 -113.18091091 -113.06346790 -113.09882410
2.8      3.50 -113.21404113 -113.18037720 -113.06148746 -113.09515140
2.8      3.60 -113.21009354 -113.17800321 -113.05787543 -113.08996575
2.8      3.70 -113.20487019 -113.17420475 -113.05309877 -113.08376422
2.8      3.80 -113.19872872 -113.16947727 -113.04754133 -113.07679277
2.8      3.90 -113.19195450 -113.16407387 -113.04152150 -113.06940213
2.8      4.00 -113.18477366 -113.15821556 -113.03530538 -113.06186349
2.8      4.10 -113.17736322 -113.15209419 -113.02911739 -113.05438642
2.8      4.20 -113.16985886 -113.14583368 -113.02314915 -113.04717433
2.8      4.40 -113.15493682 -113.13331720 -113.01259920 -113.03421882
2.8      4.60 -113.14049980 -113.12147862 -113.00544261 -113.02446378
2.8      4.80 -113.12686428 -113.11037686 -113.00262874 -113.01911617
2.8      5.00 -113.11421599 -113.10016870 -113.00276491 -113.01681220
2.8      5.20 -113.10259989 -113.09072684 -113.00418222 -113.01605527
2.8      5.40 -113.09198998 -113.08198741 -113.00591535 -113.01591793
2.8      5.60 -113.08232847 -113.07391548 -113.00753131 -113.01594430
2.8      5.80 -113.07354442 -113.06649583 -113.00887697 -113.01592556
2.8      6.00 -113.06556444 -113.05967379 -113.00992871 -113.01581936
2.8      7.00 -113.03563595 -113.03346299 -113.01214761 -113.01432057
2.8      8.00 -113.02001001 -113.01948796 -113.01232522 -113.01284727
2.8      9.00 -113.01492306 -113.01486170 -113.01213799 -113.01219935
2.8     10.00 -113.01381392 -113.01380931 -113.01198382 -113.01198842
2.8     12.00 -113.01351735 -113.01351693 -113.01187487 -113.01187530
2.8     14.00 -113.01046464 -113.01046461 -113.00803208 -113.00803210
2.8     16.00 -113.01045374 -113.01045363 -113.00797928 -113.00797939
2.8     18.00 -113.01044833 -113.01044825 -113.00794787 -113.00794794
2.8     20.00 -113.01044524 -113.01044512 -113.00792564 -113.00792576
          
2.9      1.40 -111.66028685 -111.63545371 -111.54173992 -111.56657306
2.9      1.60 -111.77275976 -111.74634213 -111.63816265 -111.66458028
2.9      1.80 -112.05256634 -112.01454709 -111.91435908 -111.95237833
2.9      2.00 -112.38250226 -112.33322611 -112.24355105 -112.29282721
2.9      2.10 -112.53555017 -112.48107222 -112.39657456 -112.45105252
2.9      2.20 -112.67182227 -112.61257438 -112.53290776 -112.59215566
2.9      2.30 -112.78890301 -112.72516876 -112.65008665 -112.71382090
2.9      2.40 -112.88663436 -112.81878790 -112.74792956 -112.81577602
2.9      2.50 -112.96624130 -112.89926780 -112.82765238 -112.89462588
2.9      2.60 -113.02966291 -112.96624046 -112.89119104 -112.95461348
2.9      2.70 -113.07909777 -113.01889294 -112.94074668 -113.00095152
2.9      2.80 -113.11672690 -113.05962684 -112.97850324 -113.03560330
2.9      2.90 -113.14439547 -113.08615699 -113.00462915 -113.06286763
2.9      3.00 -113.16453248 -113.12052264 -113.02667144 -113.07068129
2.9      3.10 -113.17797034 -113.13671134 -113.04028101 -113.08154001
2.9      3.20 -113.18628150 -113.14720892 -113.04879668 -113.08786926
2.9      3.30 -113.19050771 -113.15335283 -113.05325451 -113.09040938
2.9      3.40 -113.19153244 -113.15613107 -113.05454435 -113.08994571
2.9      3.50 -113.19007855 -113.15636131 -113.05340268 -113.08711992
2.9      3.60 -113.18673375 -113.15453412 -113.05042946 -113.08262908
2.9      3.70 -113.18197297 -113.15128465 -113.04611773 -113.07680604
2.9      3.80 -113.17617891 -113.14688393 -113.04087126 -113.07016624
2.9      3.90 -113.16965843 -113.14168794 -113.03502386 -113.06299434
2.9      4.00 -113.16265613 -113.13595860 -113.02885226 -113.05554979
2.9      4.10 -113.15536508 -113.12992371 -113.02258854 -113.04802990
2.9      4.20 -113.14793559 -113.12371965 -113.01642777 -113.04064370
2.9      4.40 -113.13308488 -113.11118834 -113.00507308 -113.02696961
2.9      4.60 -113.11866458 -113.09920105 -112.99625837 -113.01572190
2.9      4.80 -113.10498006 -113.08802138 -112.99155638 -113.00851506
2.9      5.00 -113.09224711 -113.07773129 -112.99045371 -113.00496953
2.9      5.20 -113.08054057 -113.06823103 -112.99122990 -113.00353944
2.9      5.40 -113.06984593 -113.05946230 -112.99266647 -113.00305010
2.9      5.60 -113.06011042 -113.05136090 -112.99415916 -113.00290868
2.9      5.80 -113.05126636 -113.04389165 -112.99546251 -113.00283723
2.9      6.00 -113.04324356 -113.03701944 -112.99650573 -113.00272985
2.9      7.00 -113.01357015 -113.01068270 -112.99860242 -113.00148986
2.9      8.00 -113.00095459 -113.00033389 -112.99630557 -112.99692627
2.9      9.00 -112.99982601 -112.99981329 -112.99245537 -112.99246810
2.9     10.00 -112.99962698 -112.99962674 -112.99145157 -112.99145181
2.9     12.00 -112.99815947 -112.99815944 -112.98633178 -112.98633181
2.9     14.00 -112.99813384 -112.99813384 -112.98623607 -112.98623607
2.9     16.00 -112.99812341 -112.99812341 -112.98618917 -112.98618917
2.9     18.00 -112.99811820 -112.99811820 -112.98615972 -112.98615972
2.9     20.00 -112.99811538 -112.99811537 -112.98614000 -112.98614001
          
3.0      1.40 -111.78741092 -111.76805033 -111.67735662 -111.69671720
3.0      1.60 -111.83927720 -111.82194684 -111.71409983 -111.73143018
3.0      1.80 -112.05735842 -112.02306605 -111.92717579 -111.96146816
3.0      2.00 -112.35189574 -112.31392748 -112.22308297 -112.26105123
3.0      2.10 -112.49596264 -112.45327163 -112.36746212 -112.41015313
3.0      2.20 -112.62789251 -112.58079412 -112.49982680 -112.54692519
3.0      2.30 -112.74387615 -112.69269716 -112.61629284 -112.66747184
3.0      2.40 -112.84256605 -112.78760525 -112.71547003 -112.77043084
3.0      2.50 -112.92428569 -112.86585546 -112.79766007 -112.85609030
3.0      2.60 -112.99034839 -112.92874471 -112.86416730 -112.92577098
3.0      2.70 -113.04255061 -112.98121184 -112.91678739 -112.97812616
3.0      2.80 -113.08283487 -113.02458509 -112.95746505 -113.01571484
3.0      2.90 -113.11290044 -113.05448264 -112.98650798 -113.04492578
3.0      3.00 -113.13504707 -113.09032916 -113.01045591 -113.05517383
3.0      3.10 -113.15034267 -113.10802832 -113.02612406 -113.06843840
3.0      3.20 -113.16018281 -113.11993322 -113.03633101 -113.07658061
3.0      3.30 -113.16566643 -113.12731769 -113.04218219 -113.08053092
3.0      3.40 -113.16771088 -113.13108606 -113.04460370 -113.08122852
3.0      3.50 -113.16707304 -113.13203866 -113.04436143 -113.07939581
3.0      3.60 -113.16437139 -113.13077803 -113.04209008 -113.07568344
3.0      3.70 -113.16010955 -113.12792565 -113.03830663 -113.07049053
3.0      3.80 -113.15469493 -113.12387116 -113.03343687 -113.06426064
3.0      3.90 -113.14845597 -113.11894834 -113.02783120 -113.05733883
3.0      4.00 -113.14165583 -113.11339896 -113.02177935 -113.05003622
3.0      4.10 -113.13450368 -113.10745844 -113.01552268 -113.04256793
3.0      4.20 -113.12716410 -113.10132299 -113.00926259 -113.03510371
3.0      4.40 -113.11239858 -113.08895161 -112.99738794 -113.02083491
3.0      4.60 -113.09801149 -113.07694050 -112.98738190 -113.00845288
3.0      4.80 -113.08431412 -113.06575982 -112.98084724 -112.99940154
3.0      5.00 -113.07152617 -113.05546085 -112.97827950 -112.99434482
3.0      5.20 -113.05975847 -113.04600681 -112.97822325 -112.99197492
3.0      5.40 -113.04901355 -113.03727225 -112.97924033 -112.99098163
3.0      5.60 -113.03924666 -113.02921768 -112.98052739 -112.99055637
3.0      5.80 -113.03039689 -113.02178538 -112.98172166 -112.99033316
3.0      6.00 -113.02240308 -113.01494509 -112.98268716 -112.99014515
3.0      7.00 -112.99439750 -112.98886407 -112.98332626 -112.98885968
3.0      8.00 -112.98795730 -112.98779133 -112.97542764 -112.97559361
3.0      9.00 -112.98731040 -112.98730578 -112.97138652 -112.97139114
3.0     10.00 -112.98712341 -112.98712334 -112.97042886 -112.97042893
3.0     12.00 -112.98700994 -112.98700992 -112.97014837 -112.97014839
3.0     14.00 -112.98564386 -112.98564386 -112.96574376 -112.96574376
3.0     16.00 -112.98563360 -112.98563360 -112.96570137 -112.96570137
3.0     18.00 -112.98562862 -112.98562862 -112.96567528 -112.96567528
3.0     20.00 -112.98562598 -112.98562597 -112.96565785 -112.96565785
          
3.1      1.40 -111.91184720 -111.89934689 -111.80905000 -111.82155031
3.1      1.60 -111.91513176 -111.90835596 -111.79863675 -111.80541254
3.1      1.80 -112.07736353 -112.06086219 -111.95796020 -111.97446154
3.1      2.00 -112.33186321 -112.30078998 -112.21201865 -112.24309189
3.1      2.10 -112.46475939 -112.42794410 -112.34540447 -112.38221977
3.1      2.20 -112.59030091 -112.54817163 -112.47162391 -112.51375319
3.1      2.30 -112.70349675 -112.65655538 -112.58558682 -112.63252819
3.1      2.40 -112.80186103 -112.75054988 -112.68474163 -112.73605278
3.1      2.50 -112.88477973 -112.82952201 -112.76843476 -112.82369248
3.1      2.60 -112.95240561 -112.89617402 -112.83613216 -112.89236375
3.1      2.70 -113.00689879 -112.94909482 -112.89060991 -112.94841387
3.1      2.80 -113.04961986 -112.99662744 -112.93357864 -112.98657107
3.1      2.90 -113.08252120 -113.03766703 -112.96886522 -113.01371938
3.1      3.00 -113.10666009 -113.06405883 -112.99360287 -113.03620413
3.1      3.10 -113.12377416 -113.08313378 -113.01128001 -113.05192039
3.1      3.20 -113.13516086 -113.09628875 -113.02319659 -113.06206870
3.1      3.30 -113.14193541 -113.10467329 -113.03047836 -113.06774048
3.1      3.40 -113.14503954 -113.10927843 -113.03407879 -113.06983989
3.1      3.50 -113.14525858 -113.11088856 -113.03478997 -113.06916000
3.1      3.60 -113.14323987 -113.11017599 -113.03327273 -113.06633661
3.1      3.70 -113.13951366 -113.10765966 -113.03007075 -113.06192475
3.1      3.80 -113.13451137 -113.10382392 -113.02563263 -113.05632008
3.1      3.90 -113.12858305 -113.09903338 -113.02032582 -113.04987548
3.1      4.00 -113.12201044 -113.09355345 -113.01445448 -113.04291147
3.1      4.10 -113.11501913 -113.08762654 -113.00827010 -113.03566269
3.1      4.20 -113.10778746 -113.08144334 -113.00198293 -113.02832706
3.1      4.40 -113.09312963 -113.06886350 -112.98977458 -113.01404070
3.1      4.60 -113.07878545 -113.05661595 -112.97896583 -113.00113532
3.1      4.80 -113.06511018 -113.04511758 -112.97085901 -112.99085161
3.1      5.00 -113.05230528 -113.03461590 -112.96665821 -112.98434759
3.1      5.20 -113.04051395 -113.02507324 -112.96555077 -112.98099148
3.1      5.40 -113.02976463 -113.01636865 -112.96599032 -112.97938630
3.1      5.60 -113.02002667 -113.00834034 -112.96695601 -112.97864235
3.1      5.80 -113.01125372 -113.00095019 -112.96793702 -112.97824056
3.1      6.00 -113.00340606 -112.99415458 -112.96870450 -112.97795598
3.1      7.00 -112.97917591 -112.97654439 -112.96585041 -112.96848193
3.1      8.00 -112.97557960 -112.97548871 -112.95573171 -112.95582259
3.1      9.00 -112.97501529 -112.97501230 -112.95190270 -112.95190569
3.1     10.00 -112.97482865 -112.97482856 -112.95100317 -112.95100326
3.1     12.00 -112.97471194 -112.97471194 -112.95073169 -112.95073169
3.1     14.00 -112.97467684 -112.97467684 -112.95068941 -112.95068941
3.1     16.00 -112.97466200 -112.97466200 -112.95067302 -112.95067302
3.1     18.00 -112.97465459 -112.97465459 -112.95066495 -112.95066495
3.1     20.00 -112.97465054 -112.97465054 -112.95066058 -112.95066058
          
3.2      1.40 -112.03092329 -112.02014756 -111.93448473 -111.94526047
3.2      1.60 -111.99270851 -111.95635432 -111.88699276 -111.92334695
3.2      1.80 -112.10522150 -112.06082627 -111.99230101 -112.03669624
3.2      2.00 -112.31852809 -112.27034043 -112.20377369 -112.25196135
3.2      2.10 -112.43854541 -112.38952152 -112.32453680 -112.37356068
3.2      2.20 -112.55967790 -112.52644525 -112.44930608 -112.48253872
3.2      2.30 -112.66842139 -112.63018988 -112.55897934 -112.59721086
3.2      2.40 -112.76511778 -112.72243613 -112.65667323 -112.69935487
3.2      2.50 -112.84823178 -112.80138871 -112.74079276 -112.78763583
3.2      2.60 -112.91764342 -112.86721350 -112.81118168 -112.86161160
3.2      2.70 -112.97056648 -112.92190354 -112.86429544 -112.91295838
3.2      2.80 -113.01861980 -112.97167419 -112.91393616 -112.96088177
3.2      2.90 -113.05339416 -113.00911609 -112.94956807 -112.99384614
3.2      3.00 -113.07952662 -113.03749568 -112.97650038 -113.01853132
3.2      3.10 -113.09842365 -113.05837060 -112.99613809 -113.03619115
3.2      3.20 -113.11135854 -113.07305768 -113.00976131 -113.04806217
3.2      3.30 -113.11944660 -113.08275826 -113.01849557 -113.05518391
3.2      3.40 -113.12364450 -113.08843897 -113.02330446 -113.05850999
3.2      3.50 -113.12475844 -113.09090764 -113.02500828 -113.05885908
3.2      3.60 -113.12346086 -113.09086738 -113.02428899 -113.05688246
3.2      3.70 -113.12030646 -113.08887013 -113.02171497 -113.05315130
3.2      3.80 -113.11575014 -113.08539378 -113.01775493 -113.04811129
3.2      3.90 -113.11016275 -113.08084926 -113.01279467 -113.04210817
3.2      4.00 -113.10384447 -113.07550902 -113.00715436 -113.03548981
3.2      4.10 -113.09703728 -113.06964519 -113.00109667 -113.02848876
3.2      4.20 -113.08993406 -113.06346191 -112.99484038 -113.02131253
3.2      4.40 -113.07541395 -113.05071000 -112.98243363 -113.00713758
3.2      4.60 -113.06112429 -113.03823189 -112.97107761 -112.99397002
3.2      4.80 -113.04749560 -113.02640385 -112.96178772 -112.98287947
3.2      5.00 -113.03471774 -113.01555535 -112.95592221 -112.97508460
3.2      5.20 -113.02294575 -113.00578451 -112.95353930 -112.97070054
3.2      5.40 -113.01224461 -112.99702358 -112.95321273 -112.96843376
3.2      5.60 -113.00260681 -112.98900177 -112.95371333 -112.96731837
3.2      5.80 -112.99401089 -112.98165157 -112.95434966 -112.96670897
3.2      6.00 -112.98645487 -112.97492401 -112.95476624 -112.96629710
3.2      7.00 -112.96632615 -112.96473076 -112.94816992 -112.94976532
3.2      8.00 -112.96372080 -112.96365813 -112.93773526 -112.93779793
3.2      9.00 -112.96318000 -112.96317783 -112.93417875 -112.93418091
3.2     10.00 -112.96298981 -112.96298974 -112.93334029 -112.93334036
3.2     12.00 -112.96286935 -112.96286935 -112.93307831 -112.93307831
3.2     14.00 -112.96283327 -112.96283327 -112.93303559 -112.93303559
3.2     16.00 -112.96281811 -112.96281811 -112.93301901 -112.93301901
3.2     18.00 -112.96281056 -112.96281056 -112.93301087 -112.93301087
3.2     20.00 -112.96280644 -112.96280644 -112.93300647 -112.93300647
          
