1.6   1.40   -111.20519666   -110.82540340   -111.20515535   -110.82544471
1.6   1.60   -112.14062831   -111.75707472   -112.14058155   -111.75712148
1.6   1.80   -112.57941069   -112.19263859   -112.57927233   -112.19277695
1.6   2.00   -112.78226490   -112.39520428   -112.78201549   -112.39545369
1.6   2.10   -112.83621627   -112.45053743   -112.83592412   -112.45082958
1.6   2.20   -112.87054779   -112.48831604   -112.87020041   -112.48866342
1.6   2.30   -112.89089129   -112.51595578   -112.89047811   -112.51636896
1.6   2.40   -112.90133711   -112.53997659   -112.90088814   -112.54042556
1.6   2.50   -112.90516266   -112.56429954   -112.90467854   -112.56478365
1.6   2.60   -112.90442424   -112.58814962   -112.90390638   -112.58866747
1.6   2.70   -112.90055285   -112.61061660   -112.89999967   -112.61116978
1.6   2.80   -112.89459250   -112.63128117   -112.89399943   -112.63187425
1.6   2.90   -112.88730323   -112.64999143   -112.88666694   -112.65062772
1.6   3.00   -112.87923809   -112.66674714   -112.87855636   -112.66742886
1.6   3.10   -112.87079834   -112.68163412   -112.87004420   -112.68238827
1.6   3.20   -112.86227325   -112.69478327   -112.86147049   -112.69558604
1.6   3.30   -112.85386881   -112.70634494   -112.85300914   -112.70720461
1.6   3.40   -112.84572965   -112.71647358   -112.84480826   -112.71739496
1.6   3.50   -112.83795531   -112.72531905   -112.83696844   -112.72630592
1.6   3.60   -112.83061231   -112.73302193   -112.82955464   -112.73407960
1.6   3.70   -112.82374297   -112.73971114   -112.82260605   -112.74084806
1.6   3.80   -112.81737179   -112.74550294   -112.81614626   -112.74672847
1.6   3.90   -112.81151010   -112.75050079   -112.81018373   -112.75182716
1.6   4.00   -112.80615968   -112.75479556   -112.80471635   -112.75623888
1.6   4.10   -112.80131573   -112.75846582   -112.79973330   -112.76004825
1.6   4.20   -112.79696973   -112.76157791   -112.79521761   -112.76333003
1.6   4.40   -112.78973801   -112.76632688   -112.78749658   -112.76856831
1.6   4.60   -112.78445884   -112.76927704   -112.78134079   -112.77239508
1.6   4.80   -112.78129506   -112.77036883   -112.77650975   -112.77515414
1.6   5.00   -112.78016593   -112.76970738   -112.77710764   -112.77276567
1.6   5.20   -112.78013715   -112.76820710   -112.77845958   -112.76988468
1.6   5.40   -112.78037927   -112.76665583   -112.77936346   -112.76767164
1.6   5.60   -112.78058962   -112.76530788   -112.77993482   -112.76596267
1.6   5.80   -112.78069868   -112.76418996   -112.78026104   -112.76462759
1.6   6.00   -112.78070992   -112.76327166   -112.78041130   -112.76357028
1.6   7.00   -112.78020912   -112.76073876   -112.78016037   -112.76078752
1.6   8.00   -112.77989604   -112.76006795   -112.77988824   -112.76007574
1.6   9.00   -112.77978201   -112.76003803   -112.77978089   -112.76003915
1.6  10.00   -112.77973244   -112.76017825   -112.77973231   -112.76017838
1.6  12.00   -112.77969016   -112.76047548   -112.77969016   -112.76047548
1.6  14.00   -112.77967198   -112.76057450   -112.77967198   -112.76057450
1.6  16.00   -112.77966231   -112.76081701   -112.77966231   -112.76081701
1.6  18.00   -112.77965664   -112.76100396   -112.77965664   -112.76100396
1.6  20.00   -112.77965304   -112.76114899   -112.77965304   -112.76114899

1.7   1.40   -111.08805991   -110.73061364   -111.08805308   -110.73062046
1.7   1.60   -112.17336507   -111.81201009   -112.17336285   -111.81201232
1.7   1.80   -112.68196846   -112.31718702   -112.68182299   -112.31733248
1.7   2.00   -112.91872557   -112.55251128   -112.91826546   -112.55297138
1.7   2.10   -112.98256302   -112.61646816   -112.98197184   -112.61705934
1.7   2.20   -113.02394148   -112.65887354   -113.02320364   -112.65961138
1.7   2.30   -113.04943416   -112.68693991   -113.04855440   -112.68781968
1.7   2.40   -113.06365985   -112.70659874   -113.06266238   -112.70759621
1.7   2.50   -113.06982685   -112.72314900   -113.06867007   -112.72430579
1.7   2.60   -113.07052958   -112.74106884   -113.06927811   -112.74232031
1.7   2.70   -113.06764676   -112.76070521   -113.06625624   -112.76209572
1.7   2.80   -113.06233625   -112.78026210   -113.06080661   -112.78179173
1.7   2.90   -113.05543643   -112.79869572   -113.05376779   -112.80036435
1.7   3.00   -113.04756673   -112.81556760   -113.04576403   -112.81737029
1.7   3.10   -113.03918179   -112.83074878   -113.03720685   -112.83272371
1.7   3.20   -113.03061205   -112.84426197   -113.02850966   -112.84636436
1.7   3.30   -113.02209477   -112.85620225   -113.01985602   -112.85844100
1.7   3.40   -113.01379766   -112.86669591   -113.01142068   -112.86907289
1.7   3.50   -113.00583698   -112.87587910   -113.00331915   -112.87839693
1.7   3.60   -112.99829111   -112.88388658   -112.99562753   -112.88655015
1.7   3.70   -112.99121059   -112.89084598   -112.98839608   -112.89366049
1.7   3.80   -112.98462540   -112.89687502   -112.98165346   -112.89984696
1.7   3.90   -112.97855017   -112.90208044   -112.97541268   -112.90521793
1.7   4.00   -112.97298793   -112.90655790   -112.96967509   -112.90987074
1.7   4.10   -112.96793298   -112.91039240   -112.96443405   -112.91389132
1.7   4.20   -112.96337296   -112.91365898   -112.95967152   -112.91736042
1.7   4.40   -112.95566516   -112.91874310   -112.95149966   -112.92290860
1.7   4.60   -112.94969043   -112.92223961   -112.94495438   -112.92697566
1.7   4.80   -112.94524739   -112.92446949   -112.93979516   -112.92992172
1.7   5.00   -112.94211714   -112.92568428   -112.93578238   -112.93201904
1.7   5.20   -112.94004841   -112.92611890   -112.93348485   -112.93268246
1.7   5.40   -112.93875082   -112.92602411   -112.93448073   -112.93029421
1.7   5.60   -112.93794088   -112.92563676   -112.93512983   -112.92844781
1.7   5.80   -112.93740455   -112.92512880   -112.93552568   -112.92700767
1.7   6.00   -112.93701363   -112.92459907   -112.93574090   -112.92587180
1.7   7.00   -112.93591817   -112.92266404   -112.93571873   -112.92286349
1.7   8.00   -112.93554212   -112.92193001   -112.93551082   -112.92196131
1.7   9.00   -112.93542033   -112.92176522   -112.93541577   -112.92176978
1.7  10.00   -112.93537033   -112.92179321   -112.93536975   -112.92179379
1.7  12.00   -112.93532911   -112.92193339   -112.93532911   -112.92193340
1.7  14.00   -112.93531183   -112.92194438   -112.93531183   -112.92194438
1.7  16.00   -112.93530279   -112.92212739   -112.93530279   -112.92212739
1.7  18.00   -112.93529754   -112.92227327   -112.93529754   -112.92227327
1.7  20.00   -112.93529427   -112.92238880   -112.93529427   -112.92238880

1.8   1.40   -110.87405164   -110.53605274   -110.87394277   -110.53616162
1.8   1.60   -112.13060367   -111.78852197   -112.13053681   -111.78858884
1.8   1.80   -112.71929822   -112.37382804   -112.71908943   -112.37403683
1.8   2.00   -112.99472578   -112.64702067   -112.99403374   -112.64771271
1.8   2.10   -113.06984239   -112.72166429   -113.06888434   -112.72262234
1.8   2.20   -113.11922115   -112.77107032   -113.11797295   -112.77231852
1.8   2.30   -113.15040784   -112.80302216   -113.14892088   -112.80450913
1.8   2.40   -113.16873137   -112.82332393   -113.16693574   -112.82511955
1.8   2.50   -113.17796213   -112.83672359   -113.17588918   -112.83879654
1.8   2.60   -113.18070867   -112.84758844   -113.17839735   -112.84989976
1.8   2.70   -113.17894093   -112.85997019   -113.17638480   -112.86252632
1.8   2.80   -113.17433874   -112.87552754   -113.17154195   -112.87832432
1.8   2.90   -113.16789051   -112.89225460   -113.16483837   -112.89530674
1.8   3.00   -113.16026865   -112.90853707   -113.15697588   -112.91182984
1.8   3.10   -113.15197541   -112.92365031   -113.14844691   -112.92717881
1.8   3.20   -113.14338210   -112.93733607   -113.13962808   -112.94109009
1.8   3.30   -113.13475858   -112.94955408   -113.13078467   -112.95352800
1.8   3.40   -113.12629724   -112.96036369   -113.12210514   -112.96455578
1.8   3.50   -113.11813237   -112.96986764   -113.11372777   -112.97427225
1.8   3.60   -113.11035513   -112.97818462   -113.10574420   -112.98279555
1.8   3.70   -113.10302477   -112.98543545   -113.09820938   -112.99025084
1.8   3.80   -113.09617690   -112.99173633   -113.09116153   -112.99675170
1.8   3.90   -113.08982945   -112.99719556   -113.08461791   -113.00240711
1.8   4.00   -113.08398699   -113.00191234   -113.07858541   -113.00731392
1.8   4.10   -113.07864381   -113.00597651   -113.07305916   -113.01156116
1.8   4.20   -113.07378627   -113.00946891   -113.06802803   -113.01522715
1.8   4.40   -113.06544435   -113.01502021   -113.05935441   -113.02111014
1.8   4.60   -113.05875381   -113.01905537   -113.05236903   -113.02544015
1.8   4.80   -113.05346839   -113.02195791   -113.04683546   -113.02859083
1.8   5.00   -113.04933425   -113.02402383   -113.04251195   -113.03084613
1.8   5.20   -113.04611474   -113.02547756   -113.03915645   -113.03243585
1.8   5.40   -113.04360615   -113.02648499   -113.03656273   -113.03352841
1.8   5.60   -113.04164399   -113.02716509   -113.03455226   -113.03425682
1.8   5.80   -113.04010238   -113.02760172   -113.03472078   -113.03298333
1.8   6.00   -113.03888886   -113.02785543   -113.03499707   -113.03174723
1.8   7.00   -113.03586611   -113.02775292   -113.03517984   -113.02843919
1.8   8.00   -113.03513498   -113.02720990   -113.03502846   -113.02731643
1.8   9.00   -113.03495912   -113.02693952   -113.03494367   -113.02695497
1.8  10.00   -113.03490155   -113.02685268   -113.03489954   -113.02685469
1.8  12.00   -113.03485981   -113.02682620   -113.03485979   -113.02682621
1.8  14.00   -113.03484309   -113.02674399   -113.03484309   -113.02674399
1.8  16.00   -113.03483446   -113.02686360   -113.03483446   -113.02686360
1.8  18.00   -113.03482952   -113.02696582   -113.03482952   -113.02696582
1.8  20.00   -113.03482646   -113.02704998   -113.03482646   -113.02704998

1.9   1.40   -110.57415309   -110.25272773   -110.57388390   -110.25299693
1.9   1.60   -112.02541005   -111.69969980   -112.02521704   -111.69989281
1.9   1.80   -112.70563194   -112.37684723   -112.70539468   -112.37660998
1.9   2.00   -113.02518352   -112.69342720   -113.02434964   -112.69426108
1.9   2.10   -113.11316520   -112.78062874   -113.11190995   -112.78188399
1.9   2.20   -113.17166439   -112.83867837   -113.16994912   -112.84039365
1.9   2.30   -113.20932991   -112.87631938   -113.20719038   -112.87845892
1.9   2.40   -113.23225642   -112.89983277   -113.22963348   -112.90245571
1.9   2.50   -113.24477132   -112.91391128   -113.24167905   -112.91700354
1.9   2.60   -113.24994916   -112.92237728   -113.24641264   -112.92591381
1.9   2.70   -113.24992583   -112.92881511   -113.24601795   -112.93272299
1.9   2.80   -113.24621083   -112.93668953   -113.24199606   -112.94090429
1.9   2.90   -113.24023784   -112.94848860   -113.23566924   -112.95305719
1.9   3.00   -113.23289822   -112.96256436   -113.22798272   -112.96747985
1.9   3.10   -113.22473039   -112.97683928   -113.21947268   -112.98209699
1.9   3.20   -113.21613755   -112.99031989   -113.21054736   -112.99591008
1.9   3.30   -113.20741986   -113.00262591   -113.20151649   -113.00852928
1.9   3.40   -113.19879497   -113.01365788   -113.19259673   -113.01985611
1.9   3.50   -113.19041648   -113.02344174   -113.18393959   -113.02991862
1.9   3.60   -113.18238967   -113.03205830   -113.17565552   -113.03879245
1.9   3.70   -113.17478374   -113.03961000   -113.16780733   -113.04658642
1.9   3.80   -113.16764113   -113.04620481   -113.16044169   -113.05340425
1.9   3.90   -113.16098433   -113.05194830   -113.15358269   -113.05934993
1.9   4.00   -113.15482086   -113.05693995   -113.14723749   -113.06452332
1.9   4.10   -113.14914694   -113.06127151   -113.14140718   -113.06901127
1.9   4.20   -113.14395016   -113.06502649   -113.13608490   -113.07289174
1.9   4.40   -113.13490737   -113.07110017   -113.12687432   -113.07913322
1.9   4.60   -113.12749038   -113.07567073   -113.11941867   -113.08374245
1.9   4.80   -113.12145904   -113.07913401   -113.11347798   -113.08711507
1.9   5.00   -113.11656831   -113.08178773   -113.10881491   -113.08954113
1.9   5.20   -113.11259288   -113.08384946   -113.10517716   -113.09126518
1.9   5.40   -113.10934134   -113.08547428   -113.10235540   -113.09246022
1.9   5.60   -113.10666014   -113.08677061   -113.10016060   -113.09327015
1.9   5.80   -113.10443118   -113.08781396   -113.09844398   -113.09380116
1.9   6.00   -113.10256626   -113.08865805   -113.09708982   -113.09413449
1.9   7.00   -113.09691552   -113.09099275   -113.09449325   -113.09341502
1.9   8.00   -113.09487812   -113.09155524   -113.09438824   -113.09204511
1.9   9.00   -113.09438361   -113.09143049   -113.09431156   -113.09150254
1.9  10.00   -113.09427808   -113.09126251   -113.09426883   -113.09127176
1.9  12.00   -113.09422981   -113.09106827   -113.09422972   -113.09106835
1.9  14.00   -113.09421346   -113.09089000   -113.09421346   -113.09089000
1.9  16.00   -113.09420516   -113.09094368   -113.09420516   -113.09094368
1.9  18.00   -113.09420044   -113.09100053   -113.09420044   -113.09100053
1.9  20.00   -113.09419755   -113.09105210   -113.09419755   -113.09105210

2.0   1.40   -110.19526620   -109.88786092   -110.19484438   -109.88828274
2.0   1.60   -111.86637802   -111.55439573   -111.86603992   -111.55473383
2.0   1.80   -112.64887389   -112.33345400   -112.64862450   -112.33370339
2.0   2.00   -113.02067186   -112.70240188   -113.01982042   -112.70325332
2.0   2.10   -113.12331310   -112.80409477   -113.12186710   -112.80554076
2.0   2.20   -113.19220258   -112.87229738   -113.19010553   -112.87439443
2.0   2.30   -113.23725245   -112.91695022   -113.23452021   -112.91968247
2.0   2.40   -113.26542462   -112.94509165   -113.26201394   -112.94850234
2.0   2.50   -113.28165576   -112.96180671   -113.27756506   -112.96589741
2.0   2.60   -113.28946475   -112.97090163   -113.28470951   -112.97565687
2.0   2.70   -113.29136015   -112.97546973   -113.28598590   -112.98084398
2.0   2.80   -113.28909534   -112.97845090   -113.28320323   -112.98434300
2.0   2.90   -113.28384677   -112.98276334   -113.27757246   -112.98903764
2.0   3.00   -113.27679319   -112.99124261   -113.27012779   -112.99790801
2.0   3.10   -113.26876610   -113.00291511   -113.26167126   -113.01000995
2.0   3.20   -113.26019644   -113.01536869   -113.25267196   -113.02289316
2.0   3.30   -113.25140295   -113.02737041   -113.24347484   -113.03529851
2.0   3.40   -113.24262485   -113.03843183   -113.23433010   -113.04672658
2.0   3.50   -113.23403506   -113.04840107   -113.22540226   -113.05703388
2.0   3.60   -113.22575402   -113.05727453   -113.21681239   -113.06621616
2.0   3.70   -113.21786220   -113.06511312   -113.20864128   -113.07433404
2.0   3.80   -113.21041022   -113.07200429   -113.20095431   -113.08146020
2.0   3.90   -113.20342645   -113.07804380   -113.19377346   -113.08769679
2.0   4.00   -113.19692275   -113.08332686   -113.18711090   -113.09313870
2.0   4.10   -113.19089865   -113.08794393   -113.18096689   -113.09787569
2.0   4.20   -113.18534448   -113.09197868   -113.17533988   -113.10198328
2.0   4.40   -113.17557492   -113.09859782   -113.16556841   -113.10860433
2.0   4.60   -113.16743031   -113.10369997   -113.15761413   -113.11351615
2.0   4.80   -113.16068816   -113.10768217   -113.15124163   -113.11712870
2.0   5.00   -113.15511937   -113.11083749   -113.14621699   -113.11973987
2.0   5.20   -113.15051143   -113.11337545   -113.14228335   -113.12160352
2.0   5.40   -113.14668173   -113.11544332   -113.13921641   -113.12290864
2.0   5.60   -113.14348149   -113.11714453   -113.13682129   -113.12380473
2.0   5.80   -113.14079290   -113.11855290   -113.13494175   -113.12440405
2.0   6.00   -113.13852440   -113.11972303   -113.13345486   -113.12479256
2.0   7.00   -113.13144357   -113.12321652   -113.12935617   -113.12530392
2.0   8.00   -113.12838487   -113.12456855   -113.12771741   -113.12523601
2.0   9.00   -113.12714552   -113.12500615   -113.12698585   -113.12516582
2.0  10.00   -113.12664900   -113.12509607   -113.12662079   -113.12512428
2.0  12.00   -113.12626027   -113.12508553   -113.12625989   -113.12508590
2.0  14.00   -113.12596331   -113.12507016   -113.12596331   -113.12507016
2.0  16.00   -113.12594971   -113.12506224   -113.12594971   -113.12506224
2.0  18.00   -113.12596028   -113.12505779   -113.12596028   -113.12505779
2.0  20.00   -113.12597862   -113.12505510   -113.12597862   -113.12505510

2.1   1.40   -109.74185915   -109.44647270   -109.74130725   -109.44702460
2.1   1.60   -111.65886921   -111.35841287   -111.65839570   -111.35888638
2.1   1.80   -112.55960334   -112.25551368   -112.55923370   -112.25588333
2.1   2.00   -112.98857232   -112.68174021   -112.98786142   -112.68245110
2.1   2.10   -113.10794307   -112.79993845   -113.10647021   -112.80141131
2.1   2.20   -113.18865466   -112.87984292   -113.18632314   -112.88217444
2.1   2.30   -113.24211209   -112.93272829   -113.23892498   -112.93591540
2.1   2.40   -113.27626550   -112.96656907   -113.27218209   -112.97065249
2.1   2.50   -113.29673974   -112.98705193   -113.29174726   -112.99204441
2.1   2.60   -113.30754239   -112.99830407   -113.30165484   -113.00419162
2.1   2.70   -113.31153944   -113.00342142   -113.30478842   -113.01017244
2.1   2.80   -113.31078181   -113.00491968   -113.30322779   -113.01247370
2.1   2.90   -113.30671321   -113.00521602   -113.29845075   -113.01347849
2.1   3.00   -113.30026442   -113.00677161   -113.29158868   -113.01544734
2.1   3.10   -113.29237277   -113.01241509   -113.28330618   -113.02148167
2.1   3.20   -113.28382801   -113.02196979   -113.27429589   -113.03150191
2.1   3.30   -113.27497523   -113.03280977   -113.26498984   -113.04279516
2.1   3.40   -113.26606071   -113.04349756   -113.25563204   -113.05392624
2.1   3.50   -113.25727177   -113.05345444   -113.24644602   -113.06428019
2.1   3.60   -113.24874336   -113.06248534   -113.23756608   -113.07366262
2.1   3.70   -113.24056801   -113.07056151   -113.22909032   -113.08203919
2.1   3.80   -113.23280556   -113.07772637   -113.22107743   -113.08945449
2.1   3.90   -113.22549137   -113.08405356   -113.21357348   -113.09597145
2.1   4.00   -113.21864266   -113.08962720   -113.20659006   -113.10167980
2.1   4.10   -113.21226323   -113.09453229   -113.20013363   -113.10666189
2.1   4.20   -113.20634704   -113.09885005   -113.19419509   -113.11100200
2.1   4.40   -113.19584596   -113.10601695   -113.18382637   -113.11803655
2.1   4.60   -113.18697918   -113.11164151   -113.17535105   -113.12326964
2.1   4.80   -113.17954489   -113.11611919   -113.16853418   -113.12712990
2.1   5.00   -113.17333058   -113.11973862   -113.16312679   -113.12994241
2.1   5.20   -113.16813522   -113.12270293   -113.15887686   -113.13196129
2.1   5.40   -113.16378265   -113.12515345   -113.15554938   -113.13338672
2.1   5.60   -113.16012637   -113.12718994   -113.15294257   -113.13437375
2.1   5.80   -113.15704763   -113.12888516   -113.15088969   -113.13504310
2.1   6.00   -113.15445126   -113.13029465   -113.14926009   -113.13548582
2.1   7.00   -113.14645905   -113.13437063   -113.14469836   -113.13613132
2.1   8.00   -113.14322049   -113.13567309   -113.14280108   -113.13609250
2.1   9.00   -113.14192835   -113.13595072   -113.14185184   -113.13602723
2.1  10.00   -113.14136247   -113.13597517   -113.14135090   -113.13598674
2.1  12.00   -113.14081161   -113.13594902   -113.14081147   -113.13594916
2.1  14.00   -113.14041746   -113.13593406   -113.14041746   -113.13593406
2.1  16.00   -113.14033630   -113.13592659   -113.14033630   -113.13592659
2.1  18.00   -113.14030041   -113.13592247   -113.14030041   -113.13592247
2.1  20.00   -113.14028537   -113.13592001   -113.14028537   -113.13592001

2.13      1.40 -109.58048246 -109.28866586 -109.57989530 -109.28925301    0.01307657
2.13      1.60 -111.58223966 -111.28512666 -111.58172204 -111.28564428    0.01239057
2.13      1.80 -112.52427432 -112.22343947 -112.52387366 -112.22384013    0.01097138
2.13      2.00 -112.97335595 -112.66986356 -112.97284939 -112.67037012   -0.01238872
2.13      2.10 -113.09849383 -112.79371785 -113.09709055 -112.79512114   -0.02063294
2.13      2.20 -113.18334832 -112.87773922 -113.18100683 -112.88008070   -0.02664765
2.13      2.30 -113.23975324 -112.93353925 -113.23648460 -112.93680789   -0.03146774
2.13      2.40 -113.27600567 -112.96942762 -113.27170060 -112.97373269   -0.03607363
2.13      2.50 -113.29797134 -112.99131546 -113.29269449 -112.99659231   -0.03987896
2.13      2.60 -113.30982796 -113.00347138 -113.30357963 -113.00971970   -0.04330329
2.13      2.70 -113.31456370 -113.00905687 -113.30737616 -113.01624442   -0.04630533
2.13      2.80 -113.31432029 -113.01055632 -113.30632442 -113.01855219   -0.04863049
2.13      2.90 -113.31062352 -113.01021567 -113.30180277 -113.01903641   -0.05071503
2.13      3.00 -113.30448629 -113.01038843 -113.29512171 -113.01975301   -0.05163727
2.13      3.10 -113.29668569 -113.01361987 -113.28696272 -113.02334284   -0.05155291
2.13      3.20 -113.28814212 -113.02154185 -113.27798420 -113.03169977   -0.05103841
2.13      3.30 -113.27927077 -113.03167274 -113.26863584 -113.04230767   -0.05020046
2.13      3.40 -113.27031570 -113.04208862 -113.25921559 -113.05318873   -0.04909310
2.13      3.50 -113.26146614 -113.05196945 -113.24994926 -113.06348633   -0.04775049
2.13      3.60 -113.25286092 -113.06101487 -113.24096764 -113.07290815   -0.04626260
2.13      3.70 -113.24459627 -113.06914853 -113.23239535 -113.08134945   -0.04462916
2.13      3.80 -113.23673520 -113.07639126 -113.22427889 -113.08884757   -0.04292009
2.13      3.90 -113.22931548 -113.08280543 -113.21667048 -113.09545043   -0.04114272
2.13      4.00 -113.22235622 -113.08846937 -113.20958313 -113.10124245   -0.03933187
2.13      4.10 -113.21586275 -113.09346515 -113.20302382 -113.10630408   -0.03750489
2.13      4.20 -113.20983031 -113.09787247 -113.19698504 -113.11071774   -0.03568092
2.13      4.40 -113.19909461 -113.10521274 -113.18642291 -113.11788444   -0.03207913
2.13      4.60 -113.18999698 -113.11100164 -113.17777520 -113.12322343   -0.02856733
2.13      4.80 -113.18234259 -113.11563398 -113.17080735 -113.12716922   -0.02522772
2.13      5.00 -113.17592425 -113.11939726 -113.16527197 -113.13004953   -0.02210588
2.13      5.20 -113.17054437 -113.12249294 -113.16091616 -113.13212115   -0.01923400
2.13      5.40 -113.16602850 -113.12506072 -113.15750253 -113.13358669   -0.01663123
2.13      5.60 -113.16223033 -113.12719925 -113.15482545 -113.13460413   -0.01430275
2.13      5.80 -113.15903061 -113.12898105 -113.15271501 -113.13529665   -0.01224313
2.13      6.00 -113.15633273 -113.13046203 -113.15103788 -113.13575688   -0.01043772
2.13      7.00 -113.14805625 -113.13470826 -113.14632153 -113.13644298   -0.00448841
2.13      8.00 -113.14472935 -113.13601374 -113.14433086 -113.13641223   -0.00182051
2.13      9.00 -113.14339064 -113.13627713 -113.14331948 -113.13634829   -0.00070792
2.13     10.00 -113.14278544 -113.13629742 -113.14277474 -113.13630812   -0.00026321
2.13     12.00 -113.14221060 -113.13627074 -113.14221048 -113.13627087   -0.00002749
2.13     14.00 -113.14175303 -113.13625599 -113.14175303 -113.13625599   -0.00000157
2.13     16.00 -113.14165020 -113.13624868 -113.14165020 -113.13624868    0.00000000
2.13     18.00 -113.14159940 -113.13624467 -113.14159940 -113.13624467   -0.00000005
2.13     20.00 -113.14157369 -113.13624229 -113.14157369 -113.13624229   -0.00000005

2.2   1.40   -109.21749535   -108.93292604   -109.21695995   -108.93346144
2.2   1.60   -111.40595674   -111.11546643   -111.40547106   -111.11595211
2.2   1.80   -112.44023155   -112.14576672   -112.43982539   -112.14617289
2.2   2.00   -112.93426624   -112.63705515   -112.93376486   -112.63755654
2.2   2.10   -113.07243217   -112.77396537   -113.07129208   -112.77510547
2.2   2.20   -113.16657881   -112.86722933   -113.16438254   -112.86942560
2.2   2.30   -113.22959372   -112.92959189   -113.22616816   -112.93301745
2.2   2.40   -113.27055709   -112.97012104   -113.26593804   -112.97474009
2.2   2.50   -113.29587438   -112.99524227   -113.29011925   -113.00099740
2.2   2.60   -113.31010372   -113.00956386   -113.30324953   -113.01641804
2.2   2.70   -113.31650542   -113.01644341   -113.30855343   -113.02439540
2.2   2.80   -113.31741907   -113.01840636   -113.30850985   -113.02731557
2.2   2.90   -113.31452631   -113.01750760   -113.30459177   -113.02744214
2.2   3.00   -113.30901924   -113.01573895   -113.29824396   -113.02651423
2.2   3.10   -113.30164368   -113.01519577   -113.29052839   -113.02631107
2.2   3.20   -113.29311667   -113.01847164   -113.28165952   -113.02992879
2.2   3.30   -113.28419581   -113.02619697   -113.27227663   -113.03811615
2.2   3.40   -113.27515747   -113.03563006   -113.26272084   -113.04806669
2.2   3.50   -113.26618591   -113.04516348   -113.25328912   -113.05806027
2.2   3.60   -113.25742465   -113.05414777   -113.24411745   -113.06745496
2.2   3.70   -113.24897697   -113.06235440   -113.23532951   -113.07600186
2.2   3.80   -113.24091227   -113.06973404   -113.22699286   -113.08365345
2.2   3.90   -113.23327357   -113.07631491   -113.21914989   -113.09043858
2.2   4.00   -113.22608422   -113.08215812   -113.21183787   -113.09640448
2.2   4.10   -113.21935292   -113.08733679   -113.20505564   -113.10163407
2.2   4.20   -113.21307774   -113.09192604   -113.19880261   -113.10620117
2.2   4.40   -113.20185166   -113.09961926   -113.18782929   -113.11364164
2.2   4.60   -113.19227161   -113.10574231   -113.17880095   -113.11921296
2.2   4.80   -113.18415770   -113.11068868   -113.17150102   -113.12334536
2.2   5.00   -113.17731419   -113.11474439   -113.16568420   -113.12637438
2.2   5.20   -113.17155052   -113.11810804   -113.16109376   -113.12856480
2.2   5.40   -113.16669525   -113.12091597   -113.15749303   -113.13011820
2.2   5.60   -113.16260232   -113.12326442   -113.15466444   -113.13120230
2.2   5.80   -113.15915058   -113.12522500   -113.15243106   -113.13194452
2.2   6.00   -113.15624034   -113.12685424   -113.15065245   -113.13244213
2.2   7.00   -113.14735059   -113.13146723   -113.14560685   -113.13321097
2.2   8.00   -113.14380185   -113.13281268   -113.14341887   -113.13319566
2.2   9.00   -113.14234383   -113.13306735   -113.14227697   -113.13313421
2.2  10.00   -113.14165055   -113.13308461   -113.14164053   -113.13309463
2.2  12.00   -113.14095854   -113.13305786   -113.14095842   -113.13305798
2.2  14.00   -113.14043500   -113.13304359   -113.14043500   -113.13304359
2.2  16.00   -113.14028694   -113.13303662   -113.14028694   -113.13303662
2.2  18.00   -113.14020504   -113.13303287   -113.14020504   -113.13303287
2.2  20.00   -113.14015700   -113.13303066   -113.14015700   -113.13303066

2.3   1.40   -108.62643331   -108.35260238   -108.62603002   -108.35300568
2.3   1.60   -111.10920445   -110.82808451   -111.10875670   -110.82853226
2.3   1.80   -112.29334974   -112.00764530   -112.29295024   -112.00804480
2.3   2.00   -112.85953151   -112.57083723   -112.85919205   -112.57117668
2.3   2.10   -113.02048349   -112.73074458   -113.02003266   -112.73119541
2.3   2.20   -113.12988141   -112.83903479   -113.12800422   -112.84091199
2.3   2.30   -113.20374166   -112.91219798   -113.20054161   -112.91539803
2.3   2.40   -113.25244377   -112.96041764   -113.24777169   -112.96508972
2.3   2.50   -113.28327833   -112.99097851   -113.27724720   -112.99700963
2.3   2.60   -113.30142555   -113.00907686   -113.29408071   -113.01642169
2.3   2.70   -113.31058907   -113.01845697   -113.30191838   -113.02712765
2.3   2.80   -113.31342758   -113.02185681   -113.30346262   -113.03182177
2.3   2.90   -113.31185617   -113.02134209   -113.30059534   -113.03260292
2.3   3.00   -113.30725734   -113.01859587   -113.29484038   -113.03101284
2.3   3.10   -113.30061704   -113.01525798   -113.28741383   -113.02846119
2.3   3.20   -113.29254075   -113.01312574   -113.27887545   -113.02679103
2.3   3.30   -113.28354842   -113.01442771   -113.26965553   -113.02832060
2.3   3.40   -113.27436668   -113.02055332   -113.26003414   -113.03488586
2.3   3.50   -113.26522095   -113.02875027   -113.25038781   -113.04358342
2.3   3.60   -113.25624247   -113.03726237   -113.24096306   -113.05254179
2.3   3.70   -113.24753795   -113.04538298   -113.23188472   -113.06103621
2.3   3.80   -113.23918445   -113.05285689   -113.22323539   -113.06880595
2.3   3.90   -113.23123255   -113.05961754   -113.21506328   -113.07578681
2.3   4.00   -113.22371189   -113.06567970   -113.20742483   -113.08196677
2.3   4.10   -113.21663644   -113.07109290   -113.20031219   -113.08741715
2.3   4.20   -113.21000867   -113.07592007   -113.19372977   -113.09219898
2.3   4.40   -113.19806720   -113.08407801   -113.18211255   -113.10003266
2.3   4.60   -113.18778038   -113.09064008   -113.17247863   -113.10594182
2.3   4.80   -113.17899190   -113.09599991   -113.16464230   -113.11034951
2.3   5.00   -113.17152458   -113.10044582   -113.15836756   -113.11360284
2.3   5.20   -113.16519937   -113.10417506   -113.15340171   -113.11597271
2.3   5.40   -113.15984909   -113.10731902   -113.14950525   -113.11766286
2.3   5.60   -113.15532660   -113.10996816   -113.14644525   -113.11884951
2.3   5.80   -113.15150640   -113.11219008   -113.14402899   -113.11966748
2.3   6.00   -113.14828322   -113.11404011   -113.14210248   -113.12022086
2.3   7.00   -113.13844725   -113.11924218   -113.13658494   -113.12110449
2.3   8.00   -113.13450986   -113.12071003   -113.13411199   -113.12110790
2.3   9.00   -113.13284936   -113.12098044   -113.13278063   -113.12104917
2.3  10.00   -113.13202137   -113.12099993   -113.13201104   -113.12101027
2.3  12.00   -113.13117017   -113.12097438   -113.13117004   -113.12097451
2.3  14.00   -113.13054135   -113.12096079   -113.13054135   -113.12096079
2.3  16.00   -113.13032793   -113.12095435   -113.13032793   -113.12095435
2.3  18.00   -113.13020114   -113.12095093   -113.13020114   -113.12095093
2.3  20.00   -113.13012086   -113.12094897   -113.13012086   -113.12094897

2.4   1.40   -107.97549619   -107.71377781   -107.97524280   -107.71403119
2.4   1.60   -110.76934691   -110.49854644   -110.76900408   -110.49888927
2.4   1.80   -112.12029432   -111.84397741   -112.11994734   -111.84432440
2.4   2.00   -112.76958606   -112.48986927   -112.76930412   -112.49015122
2.4   2.10   -112.95320142   -112.67235728   -112.95312877   -112.67242993
2.4   2.20   -113.08125551   -112.79936445   -113.08001190   -112.80060805
2.4   2.30   -113.16741482   -112.88480316   -113.16457447   -112.88764351
2.4   2.40   -113.22489271   -112.94178806   -113.22051030   -112.94617047
2.4   2.50   -113.26199826   -112.97860337   -113.25607929   -112.98452234
2.4   2.60   -113.28461372   -113.00112918   -113.27715144   -113.00859145
2.4   2.70   -113.29694204   -113.01358165   -113.28796622   -113.02255747
2.4   2.80   -113.30200037   -113.01901095   -113.29150681   -113.02950451
2.4   2.90   -113.30196207   -113.01965473   -113.28999322   -113.03162358
2.4   3.00   -113.29839847   -113.01720608   -113.28506828   -113.03053628
2.4   3.10   -113.29244812   -113.01304488   -113.27788724   -113.02760576
2.4   3.20   -113.28492512   -113.00850879   -113.26937765   -113.02405627
2.4   3.30   -113.27632672   -113.00509427   -113.26033024   -113.02109075
2.4   3.40   -113.26701730   -113.00463559   -113.25099736   -113.02065553
2.4   3.50   -113.25766131   -113.00916919   -113.24126193   -113.02556857
2.4   3.60   -113.24846631   -113.01618069   -113.23162050   -113.03302650
2.4   3.70   -113.23951694   -113.02373364   -113.22227373   -113.04097684
2.4   3.80   -113.23088832   -113.03104834   -113.21330630   -113.04863036
2.4   3.90   -113.22263559   -113.03783718   -113.20482745   -113.05564532
2.4   4.00   -113.21479386   -113.04401410   -113.19684263   -113.06196533
2.4   4.10   -113.20738202   -113.04957951   -113.18939861   -113.06756293
2.4   4.20   -113.20040677   -113.05457131   -113.18246961   -113.07250847
2.4   4.40   -113.18775134   -113.06305183   -113.17012687   -113.08067630
2.4   4.60   -113.17674684   -113.06990640   -113.15978649   -113.08686675
2.4   4.80   -113.16726237   -113.07553544   -113.15126940   -113.09152841
2.4   5.00   -113.15914568   -113.08024603   -113.14440135   -113.09499036
2.4   5.20   -113.15223861   -113.08424958   -113.13895609   -113.09753210
2.4   5.40   -113.14638538   -113.08767820   -113.13470132   -113.09936227
2.4   5.60   -113.14143804   -113.09061030   -113.13138963   -113.10065871
2.4   5.80   -113.13726194   -113.09309737   -113.12880493   -113.10155437
2.4   6.00   -113.13373980   -113.09518256   -113.12676059   -113.10216177
2.4   7.00   -113.12297206   -113.10106533   -113.12089495   -113.10314244
2.4   8.00   -113.11861739   -113.10271544   -113.11817664   -113.10315619
2.4   9.00   -113.11674355   -113.10302180   -113.11666742   -113.10309793
2.4  10.00   -113.11578099   -113.10304773   -113.11576946   -113.10305927
2.4  12.00   -113.11476711   -113.10302406   -113.11476696   -113.10302421
2.4  14.00   -113.11404849   -113.10301115   -113.11404849   -113.10301115
2.4  16.00   -113.11377211   -113.10300514   -113.11377211   -113.10300514
2.4  18.00   -113.11360205   -113.10300205   -113.11360205   -113.10300205
2.4  20.00   -113.11349071   -113.10300034   -113.11349071   -113.10300034

2.5   1.40   -107.27636021   -107.02946041   -107.27631406   -107.02950656
2.5   1.60   -110.38696381   -110.12972727   -110.38686773   -110.12982336
2.5   1.80   -111.92124029   -111.65617385   -111.92118532   -111.65622882
2.5   2.00   -112.66426385   -112.39742261   -112.66418395   -112.39750251
2.5   2.10   -112.87565386   -112.60775942   -112.87558520   -112.60782808
2.5   2.20   -113.02225403   -112.75265403   -113.02224491   -112.75266315
2.5   2.30   -113.12278117   -112.85548560   -113.12065689   -112.85760988
2.5   2.40   -113.19017513   -112.92308286   -113.18645162   -112.92680637
2.5   2.50   -113.23437875   -112.96740705   -113.22909360   -112.97269220
2.5   2.60   -113.26206340   -112.99542371   -113.25517349   -113.00231362
2.5   2.70   -113.27798908   -113.00999712   -113.26979969   -113.01818651
2.5   2.80   -113.28559582   -113.01781989   -113.27586697   -113.02754874
2.5   2.90   -113.28730739   -113.01954883   -113.27607386   -113.03078236
2.5   3.00   -113.28499153   -113.01862018   -113.27239481   -113.03121690
2.5   3.10   -113.27982453   -113.01411259   -113.26572541   -113.02821171
2.5   3.20   -113.27278457   -113.00821123   -113.25747986   -113.02351595
2.5   3.30   -113.26454742   -113.00212056   -113.24818377   -113.01848421
2.5   3.40   -113.25552759   -112.99695423   -113.23871295   -113.01376887
2.5   3.50   -113.24602193   -112.99425427   -113.22910652   -113.01116968
2.5   3.60   -113.23655294   -112.99649783   -113.21922891   -113.01382186
2.5   3.70   -113.22734160   -113.00195008   -113.20954817   -113.01974351
2.5   3.80   -113.21844048   -113.00838583   -113.20022989   -113.02659642
2.5   3.90   -113.20989503   -113.01482045   -113.19140724   -113.03330824
2.5   4.00   -113.20174041   -113.02087655   -113.18308738   -113.03952958
2.5   4.10   -113.19399805   -113.02642373   -113.17525235   -113.04516943
2.5   4.20   -113.18667735   -113.03143630   -113.16795253   -113.05016112
2.5   4.40   -113.17329475   -113.03996064   -113.15480241   -113.05845298
2.5   4.60   -113.16152486   -113.04679058   -113.14353699   -113.06477845
2.5   4.80   -113.15124684   -113.05231699   -113.13402107   -113.06954276
2.5   5.00   -113.14232231   -113.05688061   -113.12609121   -113.07311171
2.5   5.20   -113.13461978   -113.06075074   -113.11960651   -113.07576402
2.5   5.40   -113.12803204   -113.06412898   -113.11444492   -113.07771610
2.5   5.60   -113.12247852   -113.06715290   -113.11050596   -113.07912546
2.5   5.80   -113.11788866   -113.06988954   -113.10766449   -113.08011371
2.5   6.00   -113.11415495   -113.07232594   -113.10570047   -113.08078042
2.5   7.00   -113.10309063   -113.07934493   -113.10066387   -113.08177169
2.5   8.00   -113.09847913   -113.08124900   -113.09796920   -113.08175894
2.5   9.00   -113.09642829   -113.08160374   -113.09633998   -113.08169205
2.5  10.00   -113.09534089   -113.08163837   -113.09532738   -113.08165188
2.5  12.00   -113.09417445   -113.08161692   -113.09417427   -113.08161710
2.5  14.00   -113.09339590   -113.08160460   -113.09339590   -113.08160460
2.5  16.00   -113.09303981   -113.08159901   -113.09303981   -113.08159901
2.5  18.00   -113.09282861   -113.08159621   -113.09282861   -113.08159621
2.5  20.00   -113.09268774   -113.08159471   -113.09268774   -113.08159471

2.6   1.40   -106.54729918   -106.31820374   -106.54719111   -106.31831182
2.6   1.60   -109.96350391   -109.72746795   -109.95916208   -109.73180978
2.6   1.80   -111.69798567   -111.45789889   -111.69762739   -111.45825717
2.6   2.00   -112.54482450   -112.30329047   -112.54478204   -112.30333293
2.6   2.10   -112.78682980   -112.54506683   -112.78682213   -112.54507450
2.6   2.20   -112.95469375   -112.71300615   -112.95413079   -112.71356911
2.6   2.30   -113.07034408   -112.82887742   -113.06854236   -112.83067914
2.6   2.40   -113.14895050   -112.90778614   -113.14563155   -112.91110509
2.6   2.50   -113.20120685   -112.96043787   -113.19635761   -112.96528711
2.6   2.60   -113.23466905   -112.99437588   -113.22832137   -113.00072356
2.6   2.70   -113.25473122   -113.01498138   -113.24675407   -113.02295854
2.6   2.80   -113.26526520   -113.02611718   -113.25580081   -113.03558158
2.6   2.90   -113.26906065   -113.03056890   -113.25805728   -113.04157227
2.6   3.00   -113.26813346   -113.03035477   -113.25561386   -113.04287436
2.6   3.10   -113.26394562   -113.02694685   -113.25001376   -113.04087872
2.6   3.20   -113.25756182   -113.02143233   -113.24219348   -113.03680067
2.6   3.30   -113.24975980   -113.01463436   -113.23317400   -113.03122015
2.6   3.40   -113.24110881   -113.00720835   -113.22354461   -113.02477254
2.6   3.50   -113.23202183   -112.99788845   -113.21465432   -113.01525596
2.6   3.60   -113.22238266   -112.98943304   -113.20542569   -113.00639001
2.6   3.70   -113.21285459   -112.98783989   -113.19566670   -113.00502779
2.6   3.80   -113.20365762   -112.99073315   -113.18606785   -113.00832291
2.6   3.90   -113.19482064   -112.99550708   -113.17690725   -113.01342047
2.6   4.00   -113.18636540   -113.00076647   -113.16823430   -113.01889756
2.6   4.10   -113.17830931   -113.00591164   -113.16007609   -113.02414486
2.6   4.20   -113.17066164   -113.01070264   -113.15241654   -113.02894775
2.6   4.40   -113.15658699   -113.01895808   -113.13857226   -113.03697281
2.6   4.60   -113.14407112   -113.02550069   -113.12642807   -113.04314374
2.6   4.80   -113.13297591   -113.03060652   -113.11584033   -113.04774209
2.6   5.00   -113.12312508   -113.03457722   -113.10657485   -113.05112745
2.6   5.20   -113.11432318   -113.03766278   -113.09834587   -113.05364009
2.6   5.40   -113.10636761   -113.04003989   -113.09091289   -113.05549461
2.6   5.60   -113.09906649   -113.04181008   -113.08402155   -113.05685502
2.6   5.80   -113.09225682   -113.04299732   -113.07734280   -113.05791133
2.6   6.00   -113.08591141   -113.04359887   -113.07078867   -113.05872162
2.6   7.00   -113.06599433   -113.04021865   -113.06042028   -113.04579269
2.6   8.00   -113.07256723   -113.05805774   -113.07170325   -113.05892172
2.6   9.00   -113.07299012   -113.05852972   -113.07287571   -113.05864412
2.6  10.00   -113.07286159   -113.05314633   -113.07285370   -113.05315421
2.6  12.00   -113.07154662   -113.05318704   -113.07154652   -113.05318713
2.6  14.00   -113.07085810   -113.05323837   -113.07085810   -113.05323837
2.6  16.00   -113.07025534   -113.05327509   -113.07025534   -113.05327509
2.6  18.00   -113.06999980   -113.05330123   -113.06999980   -113.05330123
2.6  20.00   -113.06982695   -113.05332109   -113.06982695   -113.05332109

2.7   1.40   -105.82017157   -105.61022469   -105.80689122   -105.62350504
2.7   1.60   -109.50024683   -109.28683998   -109.44245520   -109.34463161
2.7   1.80   -111.44536611   -111.23071531   -111.34177648   -111.33430495
2.7   2.00   -112.40702588   -112.18982382   -112.34372476   -112.25312494
2.7   2.10   -112.68384384   -112.46656912   -112.61879556   -112.53161740
2.7   2.20   -112.87653481   -112.65939322   -112.81058601   -112.72534202
2.7   2.30   -113.01127047   -112.79694726   -112.95375473   -112.85446300
2.7   2.40   -113.10254216   -112.88866521   -113.04518023   -112.94602714
2.7   2.50   -113.16390430   -112.95051655   -113.10834415   -113.00607670
2.7   2.60   -113.20391146   -112.99105315   -113.15053940   -113.04442521
2.7   2.70   -113.22866658   -113.01637005   -113.17693494   -113.06810169
2.7   2.80   -113.24254913   -113.03084025   -113.19318902   -113.08020036
2.7   2.90   -113.24871485   -113.03761559   -113.20128133   -113.08504912
2.7   3.00   -113.24944386   -113.03897624   -113.20375163   -113.08466847
2.7   3.10   -113.24638838   -113.03657844   -113.20248096   -113.08048586
2.7   3.20   -113.24075013   -113.03163337   -113.19825861   -113.07412489
2.7   3.30   -113.23340625   -113.02503641   -113.19211955   -113.06632311
2.7   3.40   -113.22499793   -113.01746111   -113.18456102   -113.05789802
2.7   3.50   -113.21599262   -113.00943436   -113.17629057   -113.04913641
2.7   3.60   -113.20672838   -113.00141506   -113.16710605   -113.04103739
2.7   3.70   -113.19680604   -112.98583767   -113.13845758   -113.04418614
2.7   3.80   -113.18778824   -112.98368731   -113.13218214   -113.03929341
2.7   3.90   -113.17864335   -112.98364772   -113.12536702   -113.03692406
2.7   4.00   -113.16990426   -112.98652037   -113.12036122   -113.03606341
2.7   4.10   -113.16156656   -112.99045733   -113.11609209   -113.03593180
2.7   4.20   -113.15363336   -112.99461174   -113.11212414   -113.03612096
2.7   4.40   -113.13897553   -113.00231120   -113.10454091   -113.03674582
2.7   4.60   -113.12586655   -113.00862251   -113.09721301   -113.03727605
2.7   4.80   -113.11417131   -113.01354902   -113.09018776   -113.03753257
2.7   5.00   -113.10370967   -113.01730777   -113.08345180   -113.03756563
2.7   5.20   -113.09428018   -113.02013389   -113.07723941   -113.03717466
2.7   5.40   -113.08568852   -113.02222856   -113.07144085   -113.03647623
2.7   5.60   -113.07778866   -113.02374762   -113.06608045   -113.03545582
2.7   5.80   -113.07052750   -113.02480665   -113.06116826   -113.03416589
2.7   6.00   -113.06394293   -113.02549381   -113.05672995   -113.03270679
2.7   7.00   -113.04333817   -113.02553152   -113.04239140   -113.02647829
2.7   8.00   -113.03796477   -113.02418144   -113.03792975   -113.02421646
2.7   9.00   -113.03702635   -113.02373852   -113.03702563   -113.02373923
2.7  10.00   -113.03684855   -113.02362893   -113.03684854   -113.02362894
2.7  12.00   -113.03034671   -113.02212773   -113.03034671   -113.02212773
2.7  14.00   -113.03039078   -113.02211378   -113.03039078   -113.02211378
2.7  16.00   -113.03042346   -113.02210955   -113.03042346   -113.02210955
2.7  18.00   -113.03044721   -113.02210774   -113.03044721   -113.02210774
2.7  20.00   -113.03046479   -113.02210694   -113.03046479   -113.02210694
               
2.8   1.40   -105.13059924   -104.94045999   -105.11116708   -104.95989214
2.8   1.60   -109.00257523   -108.81271220   -108.94545686   -108.86983057
2.8   1.80   -111.16664235   -110.97703574   -111.08495691   -111.05872118
2.8   2.00   -112.25633060   -112.06686947   -112.21953674   -112.10366333
2.8   2.10   -112.57173172   -112.38249927   -112.53287666   -112.42135434
2.8   2.20   -112.79271297   -112.60408681   -112.75678036   -112.64001942
2.8   2.30   -112.94584793   -112.75770498   -112.90156677   -112.80198614
2.8   2.40   -113.05137467   -112.86372196   -113.00549116   -112.90960547
2.8   2.50   -113.12300401   -112.93584322   -113.07805249   -112.98079474
2.8   2.60   -113.17040713   -112.98374930   -113.12697185   -113.02718457
2.8   2.70   -113.20048130   -113.01433485   -113.15866508   -113.05615108
2.8   2.80   -113.21817462   -113.03254441   -113.17824783   -113.07247120
2.8   2.90   -113.22705298   -113.04194130   -113.18863001   -113.08036426
2.8   3.00   -113.22969338   -113.04510222   -113.19266720   -113.08212840
2.8   3.10   -113.22796250   -113.04389595   -113.19222172   -113.07963673
2.8   3.20   -113.22321666   -113.03968414   -113.18862702   -113.07427378
2.8   3.30   -113.21644509   -113.03346571   -113.18292671   -113.06698409
2.8   3.40   -113.20837125   -113.02597979   -113.17537529   -113.05897575
2.8   3.50   -113.19952343   -113.01778097   -113.16737328   -113.04993112
2.8   3.60   -113.19028530   -113.00929730   -113.15882531   -113.04075729
2.8   3.70   -113.18093198   -113.00088806   -113.14993857   -113.03188148
2.8   3.80   -113.17165705   -112.99289115   -113.14036183   -113.02418637
2.8   3.90   -113.16226430   -112.98106837   -113.12390048   -113.01943218
2.8   4.00   -113.15318421   -112.97809360   -113.11633905   -113.01493876
2.8   4.10   -113.14456130   -112.97916431   -113.11041017   -113.01331545
2.8   4.20   -113.13635902   -112.98183150   -113.10506851   -113.01312201
2.8   4.40   -113.12117737   -112.98827459   -113.09519163   -113.01426034
2.8   4.60   -113.10756136   -112.99417635   -113.08599919   -113.01573852
2.8   4.80   -113.09538662   -112.99896430   -113.07744974   -113.01690119
2.8   5.00   -113.08448360   -113.00267354   -113.06944490   -113.01771224
2.8   5.20   -113.07465987   -113.00547537   -113.06208927   -113.01804597
2.8   5.40   -113.06572635   -113.00755351   -113.05525800   -113.01802187
2.8   5.60   -113.05753998   -113.00906991   -113.04888047   -113.01772942
2.8   5.80   -113.05003774   -113.01015791   -113.04298021   -113.01721544
2.8   6.00   -113.04325015   -113.01092259   -113.03761255   -113.01656019
2.8   7.00   -113.02137574   -113.01223062   -113.02014380   -113.01346256
2.8   8.00   -113.01491285   -113.01216838   -113.01480253   -113.01227871
2.8   9.00   -113.01375747   -113.01198932   -113.01375347   -113.01199332
2.8  10.00   -113.01051278   -113.00778278   -113.01051193   -113.00778363
2.8  12.00   -113.01045913   -113.00766475   -113.01045913   -113.00766475
2.8  14.00   -113.01044757   -113.00770257   -113.01044757   -113.00770257
2.8  16.00   -113.01044280   -113.00773163   -113.01044279   -113.00773163
2.8  18.00   -113.01044052   -113.00775256   -113.01044051   -113.00775256
2.8  20.00   -113.01043938   -113.00776819   -113.01043937   -113.00776820

2.9   1.40   -104.53245526   -104.36171668   -104.51997088   -104.37420105
2.9   1.60   -108.47479535   -108.30006244   -108.40836767   -108.36649012
2.9   1.80   -110.86070328   -110.69445857   -110.76966883   -110.78549301
2.9   2.00   -112.08785208   -111.92039085   -111.95086505   -112.05737787
2.9   2.10   -112.44733637   -112.28262559   -112.40401480   -112.32594715
2.9   2.20   -112.69870669   -112.53440776   -112.66744456   -112.56566988
2.9   2.30   -112.87408452   -112.71033927   -112.84036139   -112.74406241
2.9   2.40   -112.99537288   -112.83204069   -112.95716627   -112.87024730
2.9   2.50   -113.07868446   -112.91587459   -113.04093308   -112.95362597
2.9   2.60   -113.13454597   -112.97223778   -113.09789899   -113.00888476
2.9   2.70   -113.17063299   -113.00876728   -113.13510953   -113.04429074
2.9   2.80   -113.19264864   -113.03121296   -113.15871657   -113.06514504
2.9   2.90   -113.20461769   -113.04359901   -113.17189224   -113.07632445
2.9   3.00   -113.20944980   -113.04883568   -113.17787326   -113.08041223
2.9   3.10   -113.20925272   -113.04903286   -113.17869458   -113.07959099
2.9   3.20   -113.20555698   -113.04572501   -113.17592347   -113.07535853
2.9   3.30   -113.19947798   -113.04003392   -113.17069218   -113.06881973
2.9   3.40   -113.19183131   -113.03278506   -113.16367999   -113.06093639
2.9   3.50   -113.18321377   -113.02458975   -113.15574172   -113.05206180
2.9   3.60   -113.17406020   -113.01590511   -113.14719040   -113.04277490
2.9   3.70   -113.16468449   -113.00708052   -113.13827943   -113.03348559
2.9   3.80   -113.15530954   -112.99840197   -113.12935711   -113.02435440
2.9   3.90   -113.14609016   -112.99013306   -113.12037615   -113.01584706
2.9   4.00   -113.13696659   -112.97893265   -113.10823279   -113.00766645
2.9   4.10   -113.12795704   -112.97273162   -113.09976931   -113.00091936
2.9   4.20   -113.11946167   -112.97210340   -113.09331139   -112.99825368
2.9   4.40   -113.10376449   -112.97582659   -113.08183119   -112.99775988
2.9   4.60   -113.08967083   -112.98081629   -113.07141467   -112.99907245
2.9   4.80   -113.07705543   -112.98526178   -113.06181844   -113.00049877
2.9   5.00   -113.06576110   -112.98883923   -113.05297544   -113.00162489
2.9   5.20   -113.05560677   -112.99159074   -113.04488488   -113.00231263
2.9   5.40   -113.04641247   -112.99364534   -113.03739421   -113.00266361
2.9   5.60   -113.03803263   -112.99513992   -113.03042560   -113.00274696
2.9   5.80   -113.03039340   -112.99619556   -113.02397749   -113.00261147
2.9   6.00   -113.02350242   -112.99691036   -113.01808002   -113.00233275
2.9   7.00   -113.00248651   -112.99672445   -113.00060235   -112.99860861
2.9   8.00   -112.99986490   -112.99256615   -112.99983593   -112.99259512
2.9   9.00   -112.99962101   -112.99142191   -112.99962052   -112.99142240
2.9  10.00   -112.99817803   -112.98600630   -112.99817796   -112.98600636
2.9  12.00   -112.99813393   -112.98591368   -112.99813393   -112.98591368
2.9  14.00   -112.99812162   -112.98594517   -112.99812162   -112.98594517
2.9  16.00   -112.99811622   -112.98596968   -112.99811622   -112.98596968
2.9  18.00   -112.99811355   -112.98598783   -112.99811355   -112.98598783
2.9  20.00   -112.99811212   -112.98600145   -112.99811212   -112.98600145

3.0   1.40   -104.08744158   -103.93051585   -104.08452911   -103.93342832
3.0   1.60   -107.94136753   -107.79195066   -107.91232633   -107.82099186
3.0   1.80   -110.52827755   -110.38354276   -110.47694755   -110.43487276
3.0   2.00   -111.90367829   -111.76035201   -111.86451897   -111.79951133
3.0   2.10   -112.30926019   -112.16652179   -112.28157949   -112.19420249
3.0   2.20   -112.59537762   -112.45346163   -112.56168148   -112.48715777
3.0   2.30   -112.79578654   -112.65434097   -112.77098558   -112.67914192
3.0   2.40   -112.93496890   -112.79402889   -112.90315467   -112.82584311
3.0   2.50   -113.03110081   -112.89058328   -112.99856067   -112.92312342
3.0   2.60   -113.09634657   -112.95619234   -113.06442434   -112.98811457
3.0   2.70   -113.13937514   -112.99973142   -113.10867308   -113.03043347
3.0   2.80   -113.16627913   -113.02698098   -113.13677839   -113.05648171
3.0   2.90   -113.18175652   -113.04277716   -113.15333031   -113.07120337
3.0   3.00   -113.18908880   -113.05040436   -113.16162231   -113.07787084
3.0   3.10   -113.19065455   -113.05224283   -113.16401534   -113.07888205
3.0   3.20   -113.18817990   -113.05002399   -113.16230011   -113.07590378
3.0   3.30   -113.18292222   -113.04501043   -113.15771180   -113.07022085
3.0   3.40   -113.17580076   -113.03812818   -113.15113630   -113.06279263
3.0   3.50   -113.16748864   -113.03006072   -113.14329954   -113.05424982
3.0   3.60   -113.15847792   -113.02131406   -113.13476006   -113.04503193
3.0   3.70   -113.14685084   -113.00789839   -113.11236854   -113.04238069
3.0   3.80   -113.13968738   -113.00319883   -113.11679664   -113.02608957
3.0   3.90   -113.13034339   -112.99434363   -113.10778546   -113.01690156
3.0   4.00   -113.12121556   -112.98590323   -113.09892277   -113.00819602
3.0   4.10   -113.11233685   -112.97671139   -113.08938022   -112.99966802
3.0   4.20   -113.10343851   -112.96725208   -113.08036700   -112.99032360
3.0   4.40   -113.08717833   -112.96534371   -113.06723784   -112.98528420
3.0   4.60   -113.07261491   -112.96852351   -113.05583048   -112.98530794
3.0   4.80   -113.05957709   -112.97226499   -113.04546575   -112.98637634
3.0   5.00   -113.04791320   -112.97553183   -113.03597212   -112.98747292
3.0   5.20   -113.03745538   -112.97812875   -113.02731194   -112.98827219
3.0   5.40   -113.02803711   -112.98008561   -113.01935514   -112.98876759
3.0   5.60   -113.01952169   -112.98148686   -113.01201221   -112.98899635
3.0   5.80   -113.01183888   -112.98241375   -113.00520939   -112.98904325
3.0   6.00   -113.00501664   -112.98291638   -112.99898780   -112.98894522
3.0   7.00   -112.98846706   -112.97759365   -112.98786640   -112.97819432
3.0   8.00   -112.98730285   -112.97168079   -112.98729165   -112.97169199
3.0   9.00   -112.98710805   -112.97042505   -112.98710789   -112.97042520
3.0  10.00   -112.98703804   -112.97019235   -112.98703804   -112.97019235
3.0  12.00   -112.98564851   -112.96546701   -112.98564851   -112.96546702
3.0  14.00   -112.98563549   -112.96549184   -112.98563549   -112.96549184
3.0  16.00   -112.98562952   -112.96551169   -112.98562952   -112.96551169
3.0  18.00   -112.98562655   -112.96552679   -112.98562655   -112.96552679
3.0  20.00   -112.98562485   -112.96553817   -112.98562485   -112.96553817
               
3.1   1.40   -103.83295498   -103.69106482   -103.83069746   -103.69332234
3.1   1.60   -107.39668252   -107.26401033   -107.38627502   -107.27441783
3.1   1.80   -110.16963070   -110.03585428   -110.12910476   -110.07638022
3.1   2.00   -111.70159069   -111.57808592   -111.67395952   -111.60571709
3.1   2.10   -112.15875099   -112.03599971   -112.14862984   -112.04612086
3.1   2.20   -112.48239404   -112.36039008   -112.48194488   -112.36083924
3.1   2.30   -112.71020854   -112.58889400   -112.64995402   -112.64914852
3.1   2.40   -112.86971998   -112.74896089   -112.82320199   -112.79547888
3.1   2.50   -112.98038530   -112.86008568   -112.93911708   -112.90135390
3.1   2.60   -113.05619638   -112.93605262   -113.01754284   -112.97470617
3.1   2.70   -113.10667791   -112.98693511   -113.07042089   -113.02319212
3.1   2.80   -113.13910670   -113.01974012   -113.10515557   -113.05369125
3.1   2.90   -113.15866652   -113.03961211   -113.12660334   -113.07167529
3.1   3.00   -113.16883934   -113.04998229   -113.13805172   -113.08076991
3.1   3.10   -113.17241876   -113.05372810   -113.14285056   -113.08329630
3.1   3.20   -113.17135146   -113.05280098   -113.14275721   -113.08139523
3.1   3.30   -113.16705430   -113.04862343   -113.13925259   -113.07642514
3.1   3.40   -113.16056241   -113.04223737   -113.13343019   -113.06936959
3.1   3.50   -113.15263436   -113.03440972   -113.12614998   -113.06089411
3.1   3.60   -113.14382625   -113.02570639   -113.11791632   -113.05161632
3.1   3.70   -113.13454318   -113.01654588   -113.10919153   -113.04189753
3.1   3.80   -113.12507721   -113.00723828   -113.10023489   -113.03208060
3.1   3.90   -113.11563572   -112.99801631   -113.09129696   -113.02235507
3.1   4.00   -113.10636237   -112.98906413   -113.08255636   -113.01287014
3.1   4.10   -113.09735316   -112.98053917   -113.07415434   -113.00373799
3.1   4.20   -113.08865272   -112.97229943   -113.06630462   -112.99464753
3.1   4.40   -113.07173591   -112.95798519   -113.05215074   -112.97757036
3.1   4.60   -113.05668362   -112.95776198   -113.04017068   -112.97427492
3.1   4.80   -113.04323240   -112.96022536   -113.02921208   -112.97424568
3.1   5.00   -113.03121566   -112.96292036   -113.01932248   -112.97481354
3.1   5.20   -113.02047643   -112.96521592   -113.01026929   -112.97542307
3.1   5.40   -113.01086521   -112.96697200   -113.00196163   -112.97587558
3.1   5.60   -113.00226874   -112.96818237   -112.99431569   -112.97613542
3.1   5.80   -112.99465300   -112.96885174   -112.98727515   -112.97622958
3.1   6.00   -112.98811373   -112.96892489   -112.98083655   -112.97620206
3.1   7.00   -112.97577787   -112.95884555   -112.97544420   -112.95917921
3.1   8.00   -112.97497982   -112.95234351   -112.97497278   -112.95235054
3.1   9.00   -112.97480583   -112.95102088   -112.97480569   -112.95102102
3.1   10.00   -112.97473796   -112.95077775   -112.97473796   -112.95077776
3.1   12.00   -112.97468482   -112.95069522   -112.97468482   -112.95069522
3.1   14.00   -112.97466537   -112.95067499   -112.97466537   -112.95067499
3.1   16.00   -112.97465624   -112.95066578   -112.97465624   -112.95066578
3.1   18.00   -112.97465142   -112.95066097   -112.97465142   -112.95066097
3.1   20.00   -112.97464867   -112.95065825   -112.97464867   -112.95065825
               
3.2   1.40   -103.80258686   -103.67600915   -103.80228254   -103.67631347
3.2   1.60   -106.90468590   -106.78605729   -106.88445771   -106.80628548
3.2   1.80   -109.79179967   -109.68171625   -109.74291263   -109.73060329
3.2   2.00   -111.48001192   -111.37379666   -111.46252431   -111.39128426
3.2   2.10   -111.99308559   -111.88797862   -111.97584289   -111.90522133
3.2   2.20   -112.35859016   -112.25430870   -112.34195717   -112.27094170
3.2   2.30   -112.61488082   -112.51028269   -112.52295403   -112.60220948
3.2   2.40   -112.79942874   -112.69670602   -112.78183508   -112.71429969
3.2   2.50   -112.92636165   -112.82409594   -112.90618932   -112.84426826
3.2   2.60   -113.01381858   -112.91190445   -112.99331733   -112.93240570
3.2   2.70   -113.07287911   -112.97124114   -113.05273967   -112.99138058
3.2   2.80   -113.11150176   -113.01007898   -113.09196696   -113.02961379
3.2   2.90   -113.13542837   -113.03416847   -113.11650907   -113.05308777
3.2   3.00   -113.14881734   -113.04767477   -113.13049361   -113.06599850
3.2   3.10   -113.15468708   -113.05362225   -113.13689541   -113.07141392
3.2   3.20   -113.15523082   -113.05421020   -113.13795685   -113.07148416
3.2   3.30   -113.15204481   -113.05104100   -113.13516341   -113.06792239
3.2   3.40   -113.14629463   -113.04528694   -113.12969829   -113.06188328
3.2   3.50   -113.13883438   -113.03780994   -113.12250964   -113.05413467
3.2   3.60   -113.13029105   -113.02924577   -113.11416112   -113.04537570
3.2   3.70   -113.12112354   -113.02006335   -113.10514031   -113.03604659
3.2   3.80   -113.11166452   -113.01060829   -113.09578161   -113.02649119
3.2   3.90   -113.10215202   -113.00113486   -113.08632952   -113.01695736
3.2   4.00   -113.09275305   -112.99183277   -113.07694462   -113.00764120
3.2   4.10   -113.08358168   -112.98285000   -113.06774349   -112.99868819
3.2   4.20   -113.07471175   -112.97431040   -113.05880988   -112.99021227
3.2   4.40   -113.05769851   -112.95578821   -113.04106661   -112.97242011
3.2   4.60   -113.04206851   -112.94925647   -113.02691510   -112.96440989
3.2   4.80   -113.02819826   -112.94951697   -113.01490777   -112.96280745
3.2   5.00   -113.01583983   -112.95126181   -113.00424015   -112.96286149
3.2   5.20   -113.00483933   -112.95306432   -112.99459312   -112.96331054
3.2   5.40   -112.99506861   -112.95449527   -112.98585840   -112.96370548
3.2   5.60   -112.98645121   -112.95540275   -112.97787753   -112.96397642
3.2   5.80   -112.97902060   -112.95566944   -112.97057926   -112.96411078
3.2   6.00   -112.97298555   -112.95508870   -112.96412368   -112.96395056
3.2   7.00   -112.96376499   -112.94150416   -112.96353658   -112.94173257
3.2   8.00   -112.96312393   -112.93473068   -112.96311908   -112.93473554
3.2   9.00   -112.96296063   -112.93337461   -112.96296059   -112.93337466
3.2  10.00   -112.96289370   -112.93312564   -112.96289370   -112.93312564
3.2  12.00   -112.96284051   -112.93304140   -112.96284049   -112.93304142
3.2  14.00   -112.96282109   -112.93302095   -112.96282107   -112.93302096
3.2  16.00   -112.96281202   -112.93301169   -112.96281200   -112.93301171
3.2  18.00   -112.96280722   -112.93300686   -112.96280721   -112.93300688
3.2  20.00   -112.96280449   -112.93300413   -112.96280447   -112.93300415
               
