1.6      1.40 -112.28065998 -111.92473417 -112.27906688 -111.92632727     0.02375896
1.6      1.60 -112.59605328 -112.23900527 -112.59510688 -112.23995168     0.01835801
1.6      1.80 -112.75769129 -112.40404643 -112.75730851 -112.40442921     0.01162849
1.6      2.00 -112.83451274 -112.49373246 -112.83445036 -112.49379485     0.00461024
1.6      2.10 -112.85399051 -112.52523030 -112.85398610 -112.52523471     0.00120413
1.6      2.20 -112.86525338 -112.55264512 -112.86524458 -112.55265392    -0.00165848
1.6      2.30 -112.87061736 -112.57755045 -112.87056906 -112.57759875    -0.00376214
1.6      2.40 -112.87178593 -112.60042752 -112.87166722 -112.60054623    -0.00567453
1.6      2.50 -112.87000324 -112.62135282 -112.86979608 -112.62155998    -0.00717409
1.6      2.60 -112.86618853 -112.64034604 -112.86586006 -112.64067451    -0.00860665
1.6      2.70 -112.86102605 -112.65745699 -112.86055715 -112.65792589    -0.00975872
1.6      2.80 -112.85502582 -112.67277106 -112.85438919 -112.67340770    -0.01075289
1.6      2.90 -112.84856659 -112.68639810 -112.84774276 -112.68722193    -0.01152912
1.6      3.00 -112.84192744 -112.69846111 -112.84088929 -112.69949926    -0.01215982
1.6      3.10 -112.83531190 -112.70908766 -112.83403967 -112.71035989    -0.01260825
1.6      3.20 -112.82886673 -112.71840409 -112.82733382 -112.71993700    -0.01292205
1.6      3.30 -112.82269651 -112.72653167 -112.82087354 -112.72835464    -0.01311422
1.6      3.40 -112.81687515 -112.73358452 -112.81472756 -112.73573211    -0.01320082
1.6      3.50 -112.81145443 -112.73966806 -112.80894431 -112.74217818    -0.01318681
1.6      3.60 -112.80647051 -112.74487802 -112.80355390 -112.74779463    -0.01308185
1.6      3.70 -112.80194852 -112.74929976 -112.79857334 -112.75267495    -0.01289602
1.6      3.80 -112.79790592 -112.75300804 -112.79400533 -112.75690863    -0.01264570
1.6      3.90 -112.79407193 -112.75585389 -112.78935985 -112.76056597    -0.01256514
1.6      4.00 -112.79103421 -112.75835688 -112.78566353 -112.76372755    -0.01211013
1.6      4.10 -112.78849142 -112.76031108 -112.78235151 -112.76645099    -0.01163298
1.6      4.20 -112.78643706 -112.76175868 -112.77940378 -112.76879196    -0.01114015
1.6      4.40 -112.78368855 -112.76333246 -112.77450536 -112.77251564    -0.01012930
1.6      4.60 -112.78237390 -112.76360125 -112.77522182 -112.77075332    -0.00911654
1.6      4.80 -112.78189235 -112.76319233 -112.77715724 -112.76792744    -0.00813175
1.6      5.00 -112.78176198 -112.76257510 -112.77851303 -112.76582404    -0.00719594
1.6      5.20 -112.78172789 -112.76198051 -112.77943772 -112.76427069    -0.00632298
1.6      5.40 -112.78168933 -112.76148652 -112.78004725 -112.76312861    -0.00552071
1.6      5.60 -112.78161930 -112.76110261 -112.78043095 -112.76229096    -0.00479258
1.6      5.80 -112.78152015 -112.76081461 -112.78065687 -112.76167789    -0.00413879
1.6      6.00 -112.78140326 -112.76060376 -112.78077596 -112.76123106    -0.00355726
1.6      7.00 -112.78086435 -112.76022924 -112.78074323 -112.76035036    -0.00157631
1.6      8.00 -112.78058863 -112.76030137 -112.78056759 -112.76032241    -0.00065302
1.6      9.00 -112.78046386 -112.76054797 -112.78046058 -112.76055125    -0.00025531
1.6     10.00 -112.78040020 -112.76080177 -112.78039977 -112.76080220    -0.00009190
1.6     12.00 -112.78033959 -112.76116460 -112.78033958 -112.76116460    -0.00000787
1.6     14.00 -112.78031137 -112.76112919 -112.78031137 -112.76112919    -0.00000030
1.6     16.00 -112.78029568 -112.76136076 -112.78029568 -112.76136076    -0.00000000
1.6     18.00 -112.78028610 -112.76153073 -112.78028610 -112.76153073    -0.00000000
1.6     20.00 -112.78027984 -112.76165824 -112.78027984 -112.76165824    -0.00000000

1.7      1.40 -112.42296242 -112.08946697 -112.42296133 -112.08946806    -0.00060310
1.7      1.60 -112.74905877 -112.41342719 -112.74900205 -112.41348390    -0.00436246
1.7      1.80 -112.91892615 -112.58391093 -112.91867271 -112.58416436    -0.00921094
1.7      2.00 -113.00096099 -112.67221297 -113.00037655 -112.67279742    -0.01384896
1.7      2.10 -113.02217030 -112.70011351 -113.02138965 -112.70089416    -0.01583682
1.7      2.20 -113.03467839 -112.72264434 -113.03368125 -112.72364148    -0.01761101
1.7      2.30 -113.04084262 -112.74253621 -113.03964795 -112.74373089    -0.01884018
1.7      2.40 -113.04246743 -112.76125057 -113.04104755 -112.76267045    -0.01993181
1.7      2.50 -113.04090407 -112.77916904 -113.03926051 -112.78081261    -0.02067550
1.7      2.60 -113.03714079 -112.79614794 -113.03527477 -112.79801396    -0.02112381
1.7      2.70 -113.03190453 -112.81196485 -113.02982522 -112.81404416    -0.02128376
1.7      2.80 -113.02573545 -112.82647512 -113.02342279 -112.82878779    -0.02134184
1.7      2.90 -113.01903561 -112.83962405 -113.01648391 -112.84217575    -0.02124366
1.7      3.00 -113.01210255 -112.85142318 -113.00929704 -112.85422868    -0.02104555
1.7      3.10 -113.00515417 -112.86192616 -113.00207870 -112.86500163    -0.02076136
1.7      3.20 -112.99834802 -112.87121097 -112.99499634 -112.87456266    -0.02036884
1.7      3.30 -112.99179635 -112.87936786 -112.98815002 -112.88301418    -0.01991620
1.7      3.40 -112.98557775 -112.88649176 -112.98162288 -112.89044663    -0.01939669
1.7      3.50 -112.97974606 -112.89267745 -112.97546336 -112.89696015    -0.01882942
1.7      3.60 -112.97433674 -112.89801651 -112.96970443 -112.90264881    -0.01822308
1.7      3.70 -112.96937140 -112.90259550 -112.96436504 -112.90760186    -0.01758524
1.7      3.80 -112.96486090 -112.90649493 -112.95945398 -112.91190186    -0.01692174
1.7      3.90 -112.96080728 -112.90978882 -112.95497127 -112.91562483    -0.01623840
1.7      4.00 -112.95720499 -112.91254459 -112.95091178 -112.91883780    -0.01553875
1.7      4.10 -112.95404155 -112.91482356 -112.94725561 -112.92160950    -0.01483516
1.7      4.20 -112.95129793 -112.91668160 -112.94398687 -112.92399266    -0.01412906
1.7      4.40 -112.94696293 -112.91933776 -112.93851789 -112.92778280    -0.01272701
1.7      4.60 -112.94393160 -112.92089165 -112.93428986 -112.93053339    -0.01136583
1.7      4.80 -112.94187876 -112.92168649 -112.93249476 -112.93107049    -0.01007099
1.7      5.00 -112.94048553 -112.92201410 -112.93385353 -112.92864611    -0.00886110
1.7      5.20 -112.93949861 -112.92208739 -112.93476506 -112.92682093    -0.00774663
1.7      5.40 -112.93875089 -112.92203711 -112.93534401 -112.92544399    -0.00673313
1.7      5.60 -112.93814788 -112.92193367 -112.93568302 -112.92439853    -0.00582153
1.7      5.80 -112.93764286 -112.92181324 -112.93585582 -112.92360029    -0.00500947
1.7      6.00 -112.93721535 -112.92169510 -112.93592024 -112.92299022    -0.00429222
1.7      7.00 -112.93596722 -112.92135511 -112.93572039 -112.92160194    -0.00188303
1.7      8.00 -112.93556525 -112.92134406 -112.93552279 -112.92138652    -0.00077588
1.7      9.00 -112.93543249 -112.92149746 -112.93542588 -112.92150407    -0.00030341
1.7     10.00 -112.93537710 -112.92168650 -112.93537622 -112.92168738    -0.00010992
1.7     12.00 -112.93533139 -112.92196139 -112.93533138 -112.92196140    -0.00000977
1.7     14.00 -112.93531239 -112.92203032 -112.93531239 -112.92203032    -0.00000041
1.7     16.00 -112.93530266 -112.92222657 -112.93530266 -112.92222657     0.00000000
1.7     18.00 -112.93529714 -112.92237246 -112.93529714 -112.92237246     0.00000000
1.7     20.00 -112.93529375 -112.92248282 -112.93529375 -112.92248282     0.00000000

1.8      1.40 -112.51214976 -112.19853644 -112.51214909 -112.19853712    -0.00045940
1.8      1.60 -112.84659057 -112.53020784 -112.84648156 -112.53031684    -0.00587145
1.8      1.80 -113.02394165 -112.70649308 -113.02354323 -112.70689151    -0.01123926
1.8      2.00 -113.11098241 -112.79602542 -113.11014389 -112.79686394    -0.01622944
1.8      2.10 -113.13388254 -112.82235215 -113.13285146 -112.82338322    -0.01789269
1.8      2.20 -113.14766229 -112.84172494 -113.14636436 -112.84302287    -0.01988468
1.8      2.30 -113.15473631 -112.85721563 -113.15316579 -112.85878615    -0.02155908
1.8      2.40 -113.15693042 -112.87112710 -113.15508476 -112.87297276    -0.02289301
1.8      2.50 -113.15565213 -112.88480071 -113.15353061 -112.88692223    -0.02387709
1.8      2.60 -113.15197556 -112.89859111 -113.14957832 -112.90098835    -0.02452909
1.8      2.70 -113.14669037 -112.91224053 -113.14401314 -112.91491776    -0.02491001
1.8      2.80 -113.14037320 -112.92535776 -113.13742162 -112.92830934    -0.02501846
1.8      2.90 -113.13344949 -112.93764617 -113.13023653 -112.94085914    -0.02487541
1.8      3.00 -113.12623409 -112.94893744 -113.12273547 -112.95243605    -0.02465872
1.8      3.10 -113.11895841 -112.95916303 -113.11515260 -112.96296884    -0.02436529
1.8      3.20 -113.11179047 -112.96832076 -113.10768465 -112.97242658    -0.02392076
1.8      3.30 -113.10485039 -112.97644916 -113.10043532 -112.98086424    -0.02339675
1.8      3.40 -113.09822244 -112.98361021 -113.09349193 -112.98834072    -0.02279905
1.8      3.50 -113.09196417 -112.98987818 -113.08691126 -112.99493110    -0.02214272
1.8      3.60 -113.08611322 -112.99533250 -113.08073153 -113.00071418    -0.02143807
1.8      3.70 -113.08069202 -113.00005330 -113.07497512 -113.00577020    -0.02069591
1.8      3.80 -113.07571120 -113.00411860 -113.06965535 -113.01017445    -0.01992186
1.8      3.90 -113.07117169 -113.00760263 -113.06477443 -113.01399988    -0.01912440
1.8      4.00 -113.06706632 -113.01057478 -113.06032730 -113.01731380    -0.01831074
1.8      4.10 -113.06338088 -113.01309913 -113.05630952 -113.02017049    -0.01748016
1.8      4.20 -113.06009507 -113.01523427 -113.05269230 -113.02263704    -0.01665213
1.8      4.40 -113.05461695 -113.01854393 -113.04658840 -113.02657248    -0.01500521
1.8      4.60 -113.05038942 -113.02086647 -113.04181479 -113.02944111    -0.01340239
1.8      4.80 -113.04714941 -113.02248809 -113.03813895 -113.03149856    -0.01187524
1.8      5.00 -113.04465270 -113.02362590 -113.03534276 -113.03293583    -0.01044430
1.8      5.20 -113.04269961 -113.02443550 -113.03391274 -113.03322236    -0.00912553
1.8      5.40 -113.04114290 -113.02502162 -113.03454820 -113.03161631    -0.00792622
1.8      5.60 -113.03988241 -113.02545158 -113.03493965 -113.03039435    -0.00684816
1.8      5.80 -113.03885335 -113.02576853 -113.03516110 -113.02946078    -0.00588895
1.8      6.00 -113.03801364 -113.02600121 -113.03527072 -113.02874413    -0.00504237
1.8      7.00 -113.03576273 -113.02646211 -113.03520618 -113.02701866    -0.00220601
1.8      8.00 -113.03513859 -113.02649213 -113.03504224 -113.02658847    -0.00090763
1.8      9.00 -113.03496775 -113.02654295 -113.03495274 -113.02655795    -0.00035521
1.8     10.00 -113.03490725 -113.02663514 -113.03490522 -113.02663716    -0.00012937
1.8     12.00 -113.03486197 -113.02677127 -113.03486195 -113.02677129    -0.00001184
1.8     14.00 -113.03484374 -113.02676772 -113.03484374 -113.02676772    -0.00000054
1.8     16.00 -113.03483447 -113.02691367 -113.03483447 -113.02691367     0.00000000
1.8     18.00 -113.03482925 -113.02702528 -113.03482925 -113.02702528    -0.00000001
1.8     20.00 -113.03482608 -113.02711121 -113.03482608 -113.02711121    -0.00000001

1.9      1.40 -112.56458208 -112.26850122 -112.56457918 -112.26850412    -0.00092680
1.9      1.60 -112.90471146 -112.60548940 -112.90456400 -112.60563686    -0.00664098
1.9      1.80 -113.08862774 -112.78729487 -113.08811058 -112.78781203    -0.01247272
1.9      2.00 -113.18041285 -112.87933355 -113.17932752 -112.88041888    -0.01804413
1.9      2.10 -113.20495984 -112.90539416 -113.20364262 -112.90671137    -0.01982062
1.9      2.20 -113.21998794 -112.92328420 -113.21835831 -112.92491382    -0.02192851
1.9      2.30 -113.22798724 -112.93597410 -113.22602826 -112.93793308    -0.02383715
1.9      2.40 -113.23083425 -112.94593130 -113.22854527 -112.94822027    -0.02543417
1.9      2.50 -113.22994745 -112.95509379 -113.22734577 -112.95769547    -0.02661414
1.9      2.60 -113.22642635 -112.96468545 -113.22352364 -112.96758817    -0.02741045
1.9      2.70 -113.22112705 -112.97506735 -113.21793062 -112.97826378    -0.02786206
1.9      2.80 -113.21468427 -112.98593426 -113.21119446 -112.98942407    -0.02803775
1.9      2.90 -113.20755605 -112.99677920 -113.20375269 -113.00058256    -0.02805700
1.9      3.00 -113.20007597 -113.00718729 -113.19598231 -113.01128096    -0.02780041
1.9      3.10 -113.19248832 -113.01689909 -113.18808516 -113.02130225    -0.02745469
1.9      3.20 -113.18497099 -113.02578201 -113.18025307 -113.03049994    -0.02699599
1.9      3.30 -113.17765180 -113.03378973 -113.17261793 -113.03882360    -0.02643564
1.9      3.40 -113.17062094 -113.04092989 -113.16527399 -113.04627684    -0.02578491
1.9      3.50 -113.16394047 -113.04724226 -113.15828446 -113.05289826    -0.02506104
1.9      3.60 -113.15765141 -113.05278450 -113.15168947 -113.05874644    -0.02428303
1.9      3.70 -113.15177888 -113.05762320 -113.14551559 -113.06388649    -0.02346265
1.9      3.80 -113.14633564 -113.06182814 -113.13978129 -113.06838248    -0.02260380
1.9      3.90 -113.14132458 -113.06546867 -113.13449130 -113.07230196    -0.02171754
1.9      4.00 -113.13674045 -113.06861151 -113.12964661 -113.07570534    -0.02080801
1.9      4.10 -113.13257107 -113.07131926 -113.12523989 -113.07865044    -0.01988220
1.9      4.20 -113.12879843 -113.07364968 -113.12124927 -113.08119884    -0.01895619
1.9      4.40 -113.12234845 -113.07738272 -113.11445258 -113.08527859    -0.01710844
1.9      4.60 -113.11717110 -113.08016519 -113.10907118 -113.08826511    -0.01530151
1.9      4.80 -113.11302715 -113.08226964 -113.10488264 -113.09041414    -0.01357099
1.9      5.00 -113.10969228 -113.08389654 -113.10165896 -113.09192987    -0.01194534
1.9      5.20 -113.10697886 -113.08518677 -113.09919782 -113.09296781    -0.01044129
1.9      5.40 -113.10474268 -113.08623512 -113.09732307 -113.09365474    -0.00907019
1.9      5.60 -113.10287914 -113.08710360 -113.09589106 -113.09409168    -0.00783629
1.9      5.80 -113.10131471 -113.08783250 -113.09479308 -113.09435413    -0.00673753
1.9      6.00 -113.09999763 -113.08844844 -113.09450010 -113.09394597    -0.00576795
1.9      7.00 -113.09604458 -113.09031406 -113.09454131 -113.09181734    -0.00252086
1.9      8.00 -113.09470565 -113.09084999 -113.09440338 -113.09115226    -0.00103637
1.9      9.00 -113.09436806 -113.09091743 -113.09431963 -113.09096586    -0.00040591
1.9     10.00 -113.09428038 -113.09093004 -113.09427379 -113.09093664    -0.00014848
1.9     12.00 -113.09423182 -113.09092687 -113.09423176 -113.09092693    -0.00001391
1.9     14.00 -113.09421417 -113.09084899 -113.09421417 -113.09084899    -0.00000067
1.9     16.00 -113.09420528 -113.09094273 -113.09420528 -113.09094273     0.00000000
1.9     18.00 -113.09420030 -113.09101875 -113.09420030 -113.09101875    -0.00000001
1.9     20.00 -113.09419729 -113.09107932 -113.09419729 -113.09107932    -0.00000001

2.0      1.40 -112.59222408 -112.31167580 -112.59221342 -112.31168646    -0.00172993
2.0      1.60 -112.93515576 -112.65127043 -112.93495794 -112.65146825    -0.00749121
2.0      1.80 -113.12455607 -112.83790870 -113.12393985 -112.83852492    -0.01327617
2.0      2.00 -113.22074898 -112.93298936 -113.21953641 -112.93420192    -0.01864017
2.0      2.10 -113.24688975 -112.95950752 -113.24538215 -112.96101512    -0.02076016
2.0      2.20 -113.26314326 -112.97700381 -113.26126788 -112.97887919    -0.02308900
2.0      2.30 -113.27205715 -112.98831077 -113.26980531 -112.99056261    -0.02517699
2.0      2.40 -113.27556908 -112.99577482 -113.27294447 -112.99839943    -0.02697151
2.0      2.50 -113.27514113 -113.00138871 -113.27215251 -113.00437734    -0.02844664
2.0      2.60 -113.27187765 -113.00678688 -113.26855038 -113.01011414    -0.02951197
2.0      2.70 -113.26663829 -113.01308452 -113.26300409 -113.01671872    -0.03013731
2.0      2.80 -113.26010761 -113.02066671 -113.25618294 -113.02459137    -0.03040268
2.0      2.90 -113.25279864 -113.02922339 -113.24855657 -113.03346545    -0.03050287
2.0      3.00 -113.24507541 -113.03816909 -113.24052801 -113.04271649    -0.03033491
2.0      3.10 -113.23719745 -113.04699653 -113.23232416 -113.05186982    -0.03005254
2.0      3.20 -113.22935218 -113.05537320 -113.22416726 -113.06055812    -0.02958350
2.0      3.30 -113.22167445 -113.06311615 -113.21616219 -113.06862842    -0.02904531
2.0      3.40 -113.21426003 -113.07014466 -113.20844794 -113.07595675    -0.02835192
2.0      3.50 -113.20717545 -113.07644246 -113.20107084 -113.08254708    -0.02758276
2.0      3.60 -113.20046539 -113.08203177 -113.19407646 -113.08842071    -0.02675530
2.0      3.70 -113.19415808 -113.08695673 -113.18749908 -113.09361574    -0.02587493
2.0      3.80 -113.18826916 -113.09127281 -113.18135826 -113.09818371    -0.02495138
2.0      3.90 -113.18280435 -113.09504025 -113.17565940 -113.10218521    -0.02400042
2.0      4.00 -113.17776139 -113.09831993 -113.17040741 -113.10567391    -0.02302454
2.0      4.10 -113.17313131 -113.10117072 -113.16560380 -113.10869823    -0.02202319
2.0      4.20 -113.16889958 -113.10364791 -113.16122044 -113.11132704    -0.02102635
2.0      4.40 -113.16155085 -113.10767961 -113.15368321 -113.11554724    -0.01902471
2.0      4.60 -113.15552423 -113.11076095 -113.14763624 -113.11864895    -0.01705497
2.0      4.80 -113.15060355 -113.11315862 -113.14287103 -113.12089115    -0.01515757
2.0      5.00 -113.14657813 -113.11506822 -113.13916584 -113.12248051    -0.01336482
2.0      5.20 -113.14326397 -113.11662676 -113.13631843 -113.12357230    -0.01169484
2.0      5.40 -113.14051267 -113.11792645 -113.13413295 -113.12430617    -0.01016823
2.0      5.60 -113.13821033 -113.11902795 -113.13245602 -113.12478227    -0.00879030
2.0      5.80 -113.13627153 -113.11997131 -113.13116431 -113.12507853    -0.00756076
2.0      6.00 -113.13463206 -113.12078376 -113.13016306 -113.12525276    -0.00647426
2.0      7.00 -113.12950627 -113.12343478 -113.12756887 -113.12537217    -0.00283008
2.0      8.00 -113.12730997 -113.12459504 -113.12665223 -113.12525279    -0.00116323
2.0      9.00 -113.12646538 -113.12501243 -113.12630446 -113.12517335    -0.00045598
2.0     10.00 -113.12619049 -113.12510246 -113.12616408 -113.12512887    -0.00016745
2.0     12.00 -113.12600982 -113.12508775 -113.12600954 -113.12508802    -0.00001599
2.0     14.00 -113.12585645 -113.12507105 -113.12585645 -113.12507105    -0.00000080
2.0     16.00 -113.12589689 -113.12506254 -113.12589689 -113.12506254     0.00000000
2.0     18.00 -113.12593659 -113.12505781 -113.12593659 -113.12505781    -0.00000002
2.0     20.00 -113.12597128 -113.12505498 -113.12597128 -113.12505498     0.00000002

2.1      1.40 -112.60383541 -112.33725707 -112.60382126 -112.33727123   -0.00194231
2.1      1.60 -112.94653143 -112.67653845 -112.94632132 -112.67674856   -0.00752884
2.1      1.80 -113.14018919 -112.86703951 -113.13953147 -112.86769724   -0.01338745
2.1      2.00 -113.24037432 -112.96527140 -113.23906691 -112.96657881   -0.01891990
2.1      2.10 -113.26803779 -112.99262605 -113.26629178 -112.99437205   -0.02185915
2.1      2.20 -113.28548834 -113.01035576 -113.28335547 -113.01248862   -0.02413030
2.1      2.30 -113.29530903 -113.02120452 -113.29276693 -113.02374663   -0.02627435
2.1      2.40 -113.29948455 -113.02739520 -113.29651915 -113.03036060   -0.02824994
2.1      2.50 -113.29952649 -113.03078963 -113.29612548 -113.03419064   -0.03004014
2.1      2.60 -113.29657732 -113.03300587 -113.29285858 -113.03672461   -0.03108575
2.1      2.70 -113.29149842 -113.03542755 -113.28746542 -113.03946055   -0.03188212
2.1      2.80 -113.28496117 -113.03907097 -113.28064642 -113.04338572   -0.03228527
2.1      2.90 -113.27751344 -113.04435462 -113.27288740 -113.04898067   -0.03251466
2.1      3.00 -113.26957282 -113.05099477 -113.26467042 -113.05589718   -0.03236548
2.1      3.10 -113.26142882 -113.05835505 -113.25620480 -113.06357907   -0.03214921
2.1      3.20 -113.25328141 -113.06585457 -113.24776880 -113.07136717   -0.03166735
2.1      3.30 -113.24527214 -113.07310241 -113.23947239 -113.07890216   -0.03106289
2.1      3.40 -113.23750153 -113.07987587 -113.23141998 -113.08595742   -0.03035826
2.1      3.50 -113.23003992 -113.08606789 -113.22366971 -113.09243811   -0.02960664
2.1      3.60 -113.22293532 -113.09164369 -113.21630803 -113.09827098   -0.02874346
2.1      3.70 -113.21621874 -113.09661165 -113.20934750 -113.10348289   -0.02783228
2.1      3.80 -113.20990853 -113.10100463 -113.20281317 -113.10809999   -0.02687690
2.1      3.90 -113.20401315 -113.10486848 -113.19671667 -113.11216497   -0.02588762
2.1      4.00 -113.19853323 -113.10825483 -113.19106082 -113.11572724   -0.02487490
2.1      4.10 -113.19346308 -113.11121659 -113.18585269 -113.11882698   -0.02383296
2.1      4.20 -113.18879176 -113.11380523 -113.18106661 -113.12153037   -0.02279482
2.1      4.40 -113.18058102 -113.11805269 -113.17274736 -113.12588635   -0.02069926
2.1      4.60 -113.17374192 -113.12133376 -113.16597141 -113.12910427   -0.01862410
2.1      4.80 -113.16808583 -113.12391329 -113.16056001 -113.13143911   -0.01660712
2.1      5.00 -113.16341929 -113.12598783 -113.15630805 -113.13309907   -0.01468381
2.1      5.20 -113.15956344 -113.12769521 -113.15300912 -113.13424952   -0.01288082
2.1      5.40 -113.15636529 -113.12912715 -113.15046710 -113.13502534   -0.01121905
2.1      5.60 -113.15370101 -113.13034271 -113.14851002 -113.13553370   -0.00971115
2.1      5.80 -113.15147351 -113.13137993 -113.14699821 -113.13585523   -0.00836041
2.1      6.00 -113.14960719 -113.13226450 -113.14582116 -113.13605053   -0.00716421
2.1      7.00 -113.14398055 -113.13495314 -113.14271381 -113.13621987   -0.00313540
2.1      8.00 -113.14182603 -113.13582066 -113.14153539 -113.13611130   -0.00128876
2.1      9.00 -113.14107414 -113.13598396 -113.14102341 -113.13603469   -0.00050561
2.1     10.00 -113.14077799 -113.13598413 -113.14077074 -113.13599139   -0.00018632
2.1     12.00 -113.14049159 -113.13595157 -113.14049152 -113.13595165   -0.00001809
2.1     14.00 -113.14024496 -113.13593533 -113.14024496 -113.13593533   -0.00000093
2.1     16.00 -113.14023179 -113.13592723 -113.14023179 -113.13592723    0.00000000
2.1     18.00 -113.14023495 -113.13592278 -113.14023495 -113.13592278   -0.00000002
2.1     20.00 -113.14024359 -113.13592014 -113.14024359 -113.13592014   -0.00000002

2.13      1.40 -112.60527018 -112.34293837 -112.60525270 -112.34295586   -0.00214159
2.13      1.60 -112.94723024 -112.68147774 -112.94701222 -112.68169576   -0.00760872
2.13      1.80 -113.14197761 -112.87298219 -113.14131704 -112.87364276   -0.01331369
2.13      2.00 -113.24334775 -112.97220647 -113.24202246 -112.97353176   -0.01890992
2.13      2.10 -113.27148321 -112.99987621 -113.26971347 -113.00164595   -0.02185276
2.13      2.20 -113.28931163 -113.01776517 -113.28714524 -113.01993156   -0.02415747
2.13      2.30 -113.29942262 -113.02859675 -113.29682110 -113.03119826   -0.02641571
2.13      2.40 -113.30381253 -113.03456492 -113.30077828 -113.03759917   -0.02842109
2.13      2.50 -113.30400679 -113.03748986 -113.30050688 -113.04098977   -0.03034030
2.13      2.60 -113.30116169 -113.03894765 -113.29733711 -113.04277222   -0.03143612
2.13      2.70 -113.29614796 -113.04032316 -113.29198614 -113.04448498   -0.03236319
2.13      2.80 -113.28963196 -113.04272793 -113.28519236 -113.04716753   -0.03280921
2.13      2.90 -113.28215612 -113.04680032 -113.27742662 -113.05152982   -0.03302645
2.13      3.00 -113.27415332 -113.05248565 -113.26916465 -113.05747433   -0.03287767
2.13      3.10 -113.26592895 -113.05920286 -113.26065439 -113.06447742   -0.03259706
2.13      3.20 -113.25768975 -113.06630589 -113.25210705 -113.07188859   -0.03220670
2.13      3.30 -113.24957980 -113.07332286 -113.24372035 -113.07918231   -0.03159802
2.13      3.40 -113.24170096 -113.07997000 -113.23556656 -113.08610440   -0.03089483
2.13      3.50 -113.23412460 -113.08610026 -113.22771021 -113.09251466   -0.03013872
2.13      3.60 -113.22689955 -113.09165376 -113.22023581 -113.09831750   -0.02927179
2.13      3.70 -113.22005769 -113.09662329 -113.21315471 -113.10352628   -0.02836220
2.13      3.80 -113.21361805 -113.10103203 -113.20649935 -113.10815074   -0.02740057
2.13      3.90 -113.20758986 -113.10491961 -113.20028154 -113.11222793   -0.02639953
2.13      4.00 -113.20197458 -113.10833375 -113.19449939 -113.11580893   -0.02537920
2.13      4.10 -113.19676742 -113.11132485 -113.18916187 -113.11893040   -0.02433092
2.13      4.20 -113.19195852 -113.11394279 -113.18424616 -113.12165514   -0.02328529
2.13      4.40 -113.18347574 -113.11824521 -113.17566828 -113.12605267   -0.02117376
2.13      4.60 -113.17637752 -113.12157402 -113.16864449 -113.12930705   -0.01907871
2.13      4.80 -113.17048524 -113.12419408 -113.16300764 -113.13167168   -0.01703620
2.13      5.00 -113.16561265 -113.12630341 -113.15856068 -113.13335538   -0.01508235
2.13      5.20 -113.16158390 -113.12804134 -113.15510131 -113.13452394   -0.01324458
2.13      5.40 -113.15824499 -113.12950017 -113.15243248 -113.13531268   -0.01154531
2.13      5.60 -113.15546857 -113.13073857 -113.15037685 -113.13583029   -0.00999963
2.13      5.80 -113.15315317 -113.13179385 -113.14878857 -113.13615846   -0.00861251
2.13      6.00 -113.15121908 -113.13269102 -113.14755144 -113.13635866   -0.00738259
2.13      7.00 -113.14544549 -113.13536513 -113.14427202 -113.13653860   -0.00323295
2.13      8.00 -113.14326698 -113.13617349 -113.14300859 -113.13643188   -0.00132896
2.13      9.00 -113.14248795 -113.13631148 -113.14244360 -113.13635584   -0.00052150
2.13     10.00 -113.14216114 -113.13630651 -113.14215481 -113.13631284   -0.00019238
2.13     12.00 -113.14182965 -113.13627342 -113.14182959 -113.13627349   -0.00001876
2.13     14.00 -113.14155956 -113.13625739 -113.14155956 -113.13625739   -0.00000097
2.13     16.00 -113.14152917 -113.13624943 -113.14152917 -113.13624943    0.00000000
2.13     18.00 -113.14152057 -113.13624507 -113.14152057 -113.13624507   -0.00000003
2.13     20.00 -113.14152085 -113.13624249 -113.14152085 -113.13624249   -0.00000003

2.2      1.40 -112.60581003 -112.35211503 -112.60577884 -112.35214622   -0.00281292
2.2      1.60 -112.94517021 -112.68806686 -112.94491057 -112.68832650   -0.00816618
2.2      1.80 -113.14173690 -112.88126341 -113.14100791 -112.88199240   -0.01376049
2.2      2.00 -113.24542210 -112.98249436 -113.24398904 -112.98392742   -0.01935815
2.2      2.10 -113.27451596 -113.01086798 -113.27268050 -113.01270344   -0.02192135
2.2      2.20 -113.29312381 -113.02918155 -113.29081306 -113.03149230   -0.02458789
2.2      2.30 -113.30384116 -113.04012182 -113.30105398 -113.04290900   -0.02696786
2.2      2.40 -113.30868355 -113.04583675 -113.30543752 -113.04908279   -0.02902882
2.2      2.50 -113.30920121 -113.04807599 -113.30552583 -113.05175137   -0.03076078
2.2      2.60 -113.30657725 -113.04832252 -113.30249572 -113.05240405   -0.03220893
2.2      2.70 -113.30170703 -113.04789591 -113.29724864 -113.05235430   -0.03334233
2.2      2.80 -113.29526330 -113.04797078 -113.29048206 -113.05275202   -0.03405150
2.2      2.90 -113.28776717 -113.04947013 -113.28276799 -113.05446930   -0.03415110
2.2      3.00 -113.27965595 -113.05285039 -113.27442494 -113.05808140   -0.03404495
2.2      3.10 -113.27127288 -113.05788322 -113.26581687 -113.06333924   -0.03368219
2.2      3.20 -113.26284903 -113.06390535 -113.25714212 -113.06961226   -0.03320820
2.2      3.30 -113.25453672 -113.07027676 -113.24861277 -113.07620071   -0.03250312
2.2      3.40 -113.24644074 -113.07655883 -113.24026334 -113.08273622   -0.03180042
2.2      3.50 -113.23863424 -113.08249735 -113.23220536 -113.08892622   -0.03102345
2.2      3.60 -113.23116746 -113.08796461 -113.22451016 -113.09462192   -0.03015004
2.2      3.70 -113.22407361 -113.09291147 -113.21719682 -113.09978827   -0.02923499
2.2      3.80 -113.21737080 -113.09733288 -113.21029327 -113.10441041   -0.02827509
2.2      3.90 -113.21107624 -113.10125856 -113.20381965 -113.10851516   -0.02728085
2.2      4.00 -113.20518614 -113.10471962 -113.19777749 -113.11212827   -0.02625705
2.2      4.10 -113.19969959 -113.10776201 -113.19216173 -113.11529987   -0.02522287
2.2      4.20 -113.19460861 -113.11043148 -113.18697505 -113.11806505   -0.02417230
2.2      4.40 -113.18556278 -113.11482844 -113.17784953 -113.12254170   -0.02204762
2.2      4.60 -113.17792048 -113.11823415 -113.17028565 -113.12586899   -0.01993501
2.2      4.80 -113.17152502 -113.12091363 -113.16414271 -113.12829594   -0.01786421
2.2      5.00 -113.16620892 -113.12306982 -113.15924857 -113.13003017   -0.01586873
2.2      5.20 -113.16180704 -113.12484770 -113.15541753 -113.13123721   -0.01397592
2.2      5.40 -113.15816614 -113.12634282 -113.15245717 -113.13205179   -0.01221008
2.2      5.60 -113.15515178 -113.12761382 -113.15017892 -113.13258668   -0.01059307
2.2      5.80 -113.15265189 -113.12869599 -113.14842331 -113.13292458   -0.00913338
2.2      6.00 -113.15057625 -113.12961236 -113.14705621 -113.13313241   -0.00783601
2.2      7.00 -113.14447584 -113.13226451 -113.14341668 -113.13332368   -0.00343686
2.2      8.00 -113.14222022 -113.13299580 -113.14199836 -113.13321766   -0.00141325
2.2      9.00 -113.14133939 -113.13310452 -113.14130184 -113.13314207   -0.00055478
2.2     10.00 -113.14094286 -113.13309423 -113.14093750 -113.13309959   -0.00020508
2.2     12.00 -113.14053666 -113.13306091 -113.14053661 -113.13306097   -0.00002019
2.2     14.00 -113.14019805 -113.13304532 -113.14019805 -113.13304532   -0.00000106
2.2     16.00 -113.14013167 -113.13303765 -113.14013167 -113.13303765    0.00000000
2.2     18.00 -113.14009856 -113.13303348 -113.14009856 -113.13303348   -0.00000003
2.2     20.00 -113.14008135 -113.13303104 -113.14008135 -113.13303104   -0.00000003

2.3      1.40 -112.60277339 -112.36134176 -112.60273244 -112.36138271   -0.00314421
2.3      1.60 -112.93573409 -112.69096914 -112.93547330 -112.69122993   -0.00798525
2.3      1.80 -113.13376817 -112.88556680 -113.13304546 -112.88628951   -0.01337367
2.3      2.00 -113.24039074 -112.98948039 -113.23896952 -112.99090161   -0.01883027
2.3      2.10 -113.27080090 -113.01894195 -113.26896635 -113.02077650   -0.02141684
2.3      2.20 -113.29051221 -113.03803288 -113.28819444 -113.04035066   -0.02407941
2.3      2.30 -113.30210906 -113.04939024 -113.29933596 -113.05216334   -0.02632725
2.3      2.40 -113.30762156 -113.05511725 -113.30437448 -113.05836433   -0.02844923
2.3      2.50 -113.30862645 -113.05689915 -113.30491620 -113.06060939   -0.03033487
2.3      2.60 -113.30633835 -113.05611648 -113.30221734 -113.06023750   -0.03184626
2.3      2.70 -113.30168667 -113.05395367 -113.29718187 -113.05845847   -0.03310126
2.3      2.80 -113.29537550 -113.05148880 -113.29048229 -113.05638201   -0.03419717
2.3      2.90 -113.28792992 -113.04971752 -113.28281060 -113.05483684   -0.03454387
2.3      3.00 -113.27975010 -113.04946995 -113.27447695 -113.05474309   -0.03444552
2.3      3.10 -113.27118066 -113.05123702 -113.26574851 -113.05666916   -0.03413588
2.3      3.20 -113.26250749 -113.05487883 -113.25689022 -113.06049610   -0.03368609
2.3      3.30 -113.25391758 -113.05973436 -113.24809471 -113.06555723   -0.03311794
2.3      3.40 -113.24552562 -113.06511742 -113.23946842 -113.07117462   -0.03249736
2.3      3.50 -113.23740699 -113.07054873 -113.23111190 -113.07684381   -0.03179243
2.3      3.60 -113.22961294 -113.07574774 -113.22311912 -113.08224156   -0.03093548
2.3      3.70 -113.22217766 -113.08056966 -113.21549133 -113.08725598   -0.03003548
2.3      3.80 -113.21512253 -113.08495307 -113.20825556 -113.09182003   -0.02909835
2.3      3.90 -113.20845920 -113.08888536 -113.20143482 -113.09590975   -0.02811745
2.3      4.00 -113.20219187 -113.09238151 -113.19503654 -113.09953684   -0.02710223
2.3      4.10 -113.19631889 -113.09547124 -113.18905380 -113.10273633   -0.02607462
2.3      4.20 -113.19083410 -113.09819132 -113.18349305 -113.10553237   -0.02502407
2.3      4.40 -113.18098763 -113.10267887 -113.17356164 -113.11010486   -0.02294285
2.3      4.60 -113.17254673 -113.10614519 -113.16516891 -113.11352301   -0.02086782
2.3      4.80 -113.16538345 -113.10885206 -113.15820563 -113.11602988   -0.01882156
2.3      5.00 -113.15936264 -113.11101107 -113.15254254 -113.11783118   -0.01683000
2.3      5.20 -113.15434932 -113.11278229 -113.14803840 -113.11909322   -0.01491639
2.3      5.40 -113.15020960 -113.11427545 -113.14453215 -113.11995290   -0.01310652
2.3      5.60 -113.14681121 -113.11555558 -113.14185256 -113.12051423   -0.01141917
2.3      5.80 -113.14402653 -113.11665532 -113.13981460 -113.12086725   -0.00987650
2.3      6.00 -113.14174288 -113.11759069 -113.13825569 -113.12107789   -0.00848899
2.3      7.00 -113.13516247 -113.12024989 -113.13415937 -113.12125298   -0.00373530
2.3      8.00 -113.13271499 -113.12093192 -113.13251117 -113.12113574   -0.00153627
2.3      9.00 -113.13169615 -113.12102372 -113.13166193 -113.12105794   -0.00060343
2.3     10.00 -113.13119365 -113.12101078 -113.13118874 -113.12101570   -0.00022365
2.3     12.00 -113.13067282 -113.12097795 -113.13067276 -113.12097801   -0.00002227
2.3     14.00 -113.13024218 -113.12096300 -113.13024218 -113.12096300   -0.00000119
2.3     16.00 -113.12517581 -113.12283458 -113.12517581 -113.12283458   -0.00000003
2.3     18.00 -113.12510738 -113.12282993 -113.12510738 -113.12282993   -0.00000002
2.3     20.00 -113.12517220 -113.12282723 -113.12517220 -113.12282723   -0.00000007

2.4      1.40 -112.59803516 -112.36864476 -112.59794603 -112.36873390   -0.00452087
2.4      1.60 -112.92165145 -112.68907387 -112.92134261 -112.68938271   -0.00846950
2.4      1.80 -113.11915795 -112.88312500 -113.11839367 -112.88388927   -0.01340935
2.4      2.00 -113.22858634 -112.98988810 -113.22715441 -112.99132003   -0.01843227
2.4      2.10 -113.26017703 -113.02044017 -113.25833762 -113.02227958   -0.02091868
2.4      2.20 -113.28092273 -113.04041350 -113.27865076 -113.04268548   -0.02326517
2.4      2.30 -113.29337231 -113.05238783 -113.29058781 -113.05517233   -0.02575397
2.4      2.40 -113.29955374 -113.05843135 -113.29629931 -113.06168578   -0.02782311
2.4      2.50 -113.30081033 -113.05983252 -113.29708175 -113.06356110   -0.02974228
2.4      2.60 -113.29912369 -113.05899926 -113.29497956 -113.06314339   -0.03127194
2.4      2.70 -113.29470430 -113.05594044 -113.29018312 -113.06046161   -0.03254310
2.4      2.80 -113.28853312 -113.05196361 -113.28373589 -113.05676084   -0.03334463
2.4      2.90 -113.28116507 -113.04794641 -113.27608829 -113.05302320   -0.03403273
2.4      3.00 -113.27300962 -113.04472561 -113.26776291 -113.04997232   -0.03420838
2.4      3.10 -113.26436968 -113.04303319 -113.25902884 -113.04837403   -0.03396465
2.4      3.20 -113.25550990 -113.04338003 -113.25009815 -113.04879178   -0.03344708
2.4      3.30 -113.24666985 -113.04574911 -113.24108686 -113.05133210   -0.03302376
2.4      3.40 -113.23800569 -113.04952587 -113.23225575 -113.05527581   -0.03241428
2.4      3.50 -113.22960359 -113.05399425 -113.22368973 -113.05990811   -0.03167893
2.4      3.60 -113.22151557 -113.05863877 -113.21543665 -113.06471770   -0.03087333
2.4      3.70 -113.21377526 -113.06315381 -113.20752913 -113.06939993   -0.03002976
2.4      3.80 -113.20640385 -113.06737809 -113.20001096 -113.07377098   -0.02911885
2.4      3.90 -113.19941303 -113.07123834 -113.19288350 -113.07776787   -0.02818308
2.4      4.00 -113.19280726 -113.07471234 -113.18616443 -113.08135517   -0.02720951
2.4      4.10 -113.18658535 -113.07780675 -113.17984585 -113.08454624   -0.02622388
2.4      4.20 -113.18074171 -113.08054375 -113.17393141 -113.08735404   -0.02521899
2.4      4.40 -113.17015088 -113.08506799 -113.16324695 -113.09197192   -0.02323235
2.4      4.60 -113.16093770 -113.08854484 -113.15403789 -113.09544464   -0.02125769
2.4      4.80 -113.15298713 -113.09122110 -113.14619930 -113.09800893   -0.01931795
2.4      5.00 -113.14618324 -113.09330858 -113.13962652 -113.09986530   -0.01742681
2.4      5.20 -113.14041952 -113.09498031 -113.13422016 -113.10117967   -0.01559686
2.4      5.40 -113.13560059 -113.09636982 -113.12988612 -113.10208430   -0.01383937
2.4      5.60 -113.13163835 -113.09756995 -113.12652449 -113.10268381   -0.01216839
2.4      5.80 -113.12844051 -113.09863219 -113.12401289 -113.10305981   -0.01060076
2.4      6.00 -113.12590019 -113.09957138 -113.12219520 -113.10327637   -0.00915539
2.4      7.00 -113.11910651 -113.10232519 -113.11807078 -113.10336092   -0.00403834
2.4      8.00 -113.11657703 -113.10299209 -113.11637136 -113.10319776   -0.00165884
2.4      9.00 -113.11544295 -113.10307456 -113.11540853 -113.10310899   -0.00065159
2.4     10.00 -113.11484045 -113.10306033 -113.11483548 -113.10306531   -0.00024198
2.4     12.00 -113.11419750 -113.10302820 -113.11419744 -113.10302825   -0.00002433
2.4     14.00 -113.11369012 -113.10301383 -113.11369012 -113.10301383   -0.00000132
2.4     16.00 -113.11352111 -113.10300695 -113.11352111 -113.10300695    0.00000000
2.4     18.00 -113.11341803 -113.10300332 -113.11341803 -113.10300332   -0.00000004
2.4     20.00 -113.11335094 -113.10300126 -113.11335094 -113.10300126   -0.00000004

2.5      1.40 -112.59386988 -112.37658999 -112.59372485 -112.37673502   -0.00561159
2.5      1.60 -112.90543104 -112.68517678 -112.90513125 -112.68547657   -0.00812037
2.5      1.80 -113.10187292 -112.87846924 -113.10118872 -112.87915344   -0.01234440
2.5      2.00 -113.21244080 -112.98642212 -113.21114826 -112.98771466   -0.01704310
2.5      2.10 -113.24505550 -113.01802495 -113.24340146 -113.01967900   -0.01930756
2.5      2.20 -113.26675070 -113.03893272 -113.26469586 -113.04098756   -0.02153852
2.5      2.30 -113.28001498 -113.05165150 -113.27749286 -113.05417362   -0.02386625
2.5      2.40 -113.28685708 -113.05821127 -113.28390629 -113.06116206   -0.02580654
2.5      2.50 -113.28887141 -113.06023632 -113.28547559 -113.06363215   -0.02765634
2.5      2.60 -113.28730879 -113.05902281 -113.28348229 -113.06284930   -0.02930687
2.5      2.70 -113.28314289 -113.05561509 -113.27893697 -113.05982101   -0.03064755
2.5      2.80 -113.27712751 -113.05087844 -113.27266581 -113.05534015   -0.03145711
2.5      2.90 -113.26984180 -113.04556796 -113.26509609 -113.05031367   -0.03227719
2.5      3.00 -113.26172325 -113.04039115 -113.25677188 -113.04534252   -0.03273194
2.5      3.10 -113.25309083 -113.03603762 -113.24804069 -113.04108776   -0.03272070
2.5      3.20 -113.24417153 -113.03313407 -113.23910751 -113.03819809   -0.03229633
2.5      3.30 -113.23516048 -113.03218218 -113.23009493 -113.03724773   -0.03166288
2.5      3.40 -113.22625521 -113.03331026 -113.22106003 -113.03850545   -0.03123132
2.5      3.50 -113.21759176 -113.03601424 -113.21228395 -113.04132205   -0.03058769
2.5      3.60 -113.20923663 -113.03957638 -113.20380493 -113.04500807   -0.02986704
2.5      3.70 -113.20122409 -113.04344874 -113.19566464 -113.04900819   -0.02909014
2.5      3.80 -113.19357341 -113.04729866 -113.18789215 -113.05297992   -0.02826212
2.5      3.90 -113.18629518 -113.05094579 -113.18050494 -113.05673603   -0.02738939
2.5      4.00 -113.17939309 -113.05430302 -113.17350767 -113.06018844   -0.02648716
2.5      4.10 -113.17286560 -113.05733710 -113.16689767 -113.06330503   -0.02557050
2.5      4.20 -113.16670670 -113.06004562 -113.16068347 -113.06606885   -0.02462042
2.5      4.40 -113.15545542 -113.06455098 -113.14934595 -113.07066045   -0.02276076
2.5      4.60 -113.14553980 -113.06800781 -113.13940249 -113.07414512   -0.02093253
2.5      4.80 -113.13684107 -113.07063068 -113.13074549 -113.07672626   -0.01914248
2.5      5.00 -113.12923751 -113.07261630 -113.12324628 -113.07860753   -0.01741654
2.5      5.20 -113.12261647 -113.07413159 -113.11680082 -113.07994724   -0.01575275
2.5      5.40 -113.11687681 -113.07531295 -113.11129956 -113.08089020   -0.01416709
2.5      5.60 -113.11193344 -113.07626681 -113.10667759 -113.08152266   -0.01264257
2.5      5.80 -113.10771364 -113.07707334 -113.10282487 -113.08196211   -0.01122022
2.5      6.00 -113.10416625 -113.07779159 -113.09970841 -113.08224943   -0.00988442
2.5      7.00 -113.09680982 -113.08089951 -113.09542598 -113.08228335   -0.00448356
2.5      8.00 -113.09593168 -113.08162749 -113.09570397 -113.08185520   -0.00179036
2.5      9.00 -113.09495027 -113.08167630 -113.09491323 -113.08171334   -0.00070021
2.5     10.00 -113.09429637 -113.08165432 -113.09429101 -113.08165968   -0.00026021
2.5     12.00 -113.09353660 -113.08162150 -113.09353654 -113.08162156   -0.00002637
2.5     14.00 -113.09307691 -113.08160770 -113.09307691 -113.08160770   -0.00000145
2.5     16.00 -113.09274507 -113.08160116 -113.09274507 -113.08160116    0.00000000
2.5     18.00 -113.09260911 -113.08159775 -113.09260911 -113.08159775   -0.00000004
2.5     20.00 -113.09251857 -113.08159585 -113.09251857 -113.08159585   -0.00000004

2.6      1.40 -112.59178181 -112.38682537 -112.59158631 -112.38702087   -0.00632699
2.6      1.60 -112.88888706 -112.68122461 -112.88856713 -112.68154453   -0.00814458
2.6      1.80 -113.08226046 -112.87179220 -113.08167291 -112.87237974   -0.01110470
2.6      2.00 -113.19374140 -112.98097338 -113.19264630 -112.98206848   -0.01522507
2.6      2.10 -113.22720407 -113.01355131 -113.22579977 -113.01495561   -0.01726440
2.6      2.20 -113.24974803 -113.03540448 -113.24799993 -113.03715259   -0.01927795
2.6      2.30 -113.26377701 -113.04894495 -113.26161618 -113.05110578   -0.02143704
2.6      2.40 -113.27126284 -113.05615384 -113.26873929 -113.05867739   -0.02316182
2.6      2.50 -113.27379049 -113.05862947 -113.27086404 -113.06155592   -0.02492178
2.6      2.60 -113.27261644 -113.05765012 -113.26931439 -113.06095218   -0.02643723
2.6      2.70 -113.26872675 -113.05423704 -113.26507708 -113.05788670   -0.02773978
2.6      2.80 -113.26289070 -113.04921612 -113.25900510 -113.05310173   -0.02855096
2.6      2.90 -113.25570483 -113.04327402 -113.25153436 -113.04744449   -0.02947106
2.6      3.00 -113.24762697 -113.03701075 -113.24323973 -113.04139798   -0.03007947
2.6      3.10 -113.23900122 -113.03098888 -113.23448969 -113.03550040   -0.03030016
2.6      3.20 -113.23007557 -113.02576183 -113.22553263 -113.03030477   -0.03012552
2.6      3.30 -113.22102000 -113.02184548 -113.21652555 -113.02633993   -0.02958004
2.6      3.40 -113.21197293 -113.01969680 -113.20750874 -113.02416099   -0.02895563
2.6      3.50 -113.20308893 -113.01957426 -113.19860492 -113.02405827   -0.02833331
2.6      3.60 -113.19448923 -113.02115505 -113.18993180 -113.02571247   -0.02773423
2.6      3.70 -113.18622937 -113.02376906 -113.18157529 -113.02842315   -0.02710063
2.6      3.80 -113.17833088 -113.02684556 -113.17357843 -113.03159801   -0.02640719
2.6      3.90 -113.17080206 -113.03002140 -113.16595946 -113.03486400   -0.02565722
2.6      4.00 -113.16364488 -113.03309239 -113.15872014 -113.03801712   -0.02487336
2.6      4.10 -113.15685643 -113.03595366 -113.15186853 -113.04094156   -0.02404519
2.6      4.20 -113.15042993 -113.03855861 -113.14540044 -113.04358810   -0.02318101
2.6      4.40 -113.13862076 -113.04296468 -113.13353746 -113.04804799   -0.02145714
2.6      4.60 -113.12811191 -113.04637721 -113.12301197 -113.05147715   -0.01976948
2.6      4.80 -113.11877642 -113.04895707 -113.11370067 -113.05403282   -0.01812795
2.6      5.00 -113.11048035 -113.05087441 -113.10545225 -113.05590252   -0.01656572
2.6      5.20 -113.10309195 -113.05228120 -113.09815531 -113.05721784   -0.01504871
2.6      5.40 -113.09648472 -113.05330188 -113.09161901 -113.05816759   -0.01365431
2.6      5.60 -113.09053761 -113.05402931 -113.08572999 -113.05883692   -0.01234523
2.6      5.80 -113.08513509 -113.05452149 -113.08034559 -113.05931099   -0.01112135
2.6      6.00 -113.08017661 -113.05479717 -113.07531731 -113.05965647   -0.00998567
2.6      7.00 -113.07476740 -113.05412346 -113.07381383 -113.05507703   -0.00433315
2.6      8.00 -113.07182732 -113.05486082 -113.07163426 -113.05505389   -0.00179955
2.6      9.00 -113.07066174 -113.05498615 -113.07062973 -113.05501815   -0.00070760
2.6     10.00 -113.06991703 -113.05500394 -113.06991235 -113.05500862   -0.00026410
2.6     12.00 -113.07045556 -113.05848931 -113.07045550 -113.05848937   -0.00002837
2.6     14.00 -113.06994736 -113.05847546 -113.06994736 -113.05847546   -0.00000157
2.6     16.00 -113.06955577 -113.05846918 -113.06955577 -113.05846918    0.00000000
2.6     18.00 -113.06938875 -113.05846599 -113.06938875 -113.05846599   -0.00000005
2.6     20.00 -113.06927609 -113.05846422 -113.06927609 -113.05846422   -0.00000005

2.7      1.40 -112.59266620 -112.40025788 -112.59177435 -112.40114973     0.01306921
2.7      1.60 -112.87330084 -112.67847735 -112.87244347 -112.67933473    -0.01289579
2.7      1.80 -113.06214977 -112.86495865 -113.05701335 -112.87009507    -0.03140818
2.7      2.00 -113.17379513 -112.97475345 -113.16329620 -112.98525238    -0.04449154
2.7      2.10 -113.20791271 -113.00819056 -113.19459220 -113.02151107    -0.04982936
2.7      2.20 -113.23118992 -113.03095755 -113.21510002 -113.04704746    -0.05443193
2.7      2.30 -113.24592138 -113.04535000 -113.22702308 -113.06424830    -0.05859448
2.7      2.40 -113.25402411 -113.05328552 -113.23253857 -113.07477106    -0.06205923
2.7      2.50 -113.25706222 -113.05633190 -113.23299736 -113.08039676    -0.06520298
2.7      2.60 -113.25628835 -113.05574918 -113.22993241 -113.08210512    -0.06775517
2.7      2.70 -113.25269477 -113.05254465 -113.22422914 -113.08101028    -0.06990785
2.7      2.80 -113.24706240 -113.04752743 -113.21664753 -113.07794229    -0.07172004
2.7      2.90 -113.24000072 -113.04135228 -113.20794697 -113.07340603    -0.07307520
2.7      3.00 -113.23198219 -113.03456413 -113.19834498 -113.06820134    -0.07422352
2.7      3.10 -113.22336808 -113.02763752 -113.18833603 -113.06266957    -0.07503065
2.7      3.20 -113.21442782 -113.02101399 -113.17835718 -113.05708463    -0.07533572
2.7      3.30 -113.20535310 -113.01512625 -113.16863633 -113.05184302    -0.07507592
2.7      3.40 -113.19627164 -113.01038351 -113.15972950 -113.04692565    -0.07387437
2.7      3.50 -113.18728056 -113.00717232 -113.15153691 -113.04291597    -0.07183396
2.7      3.60 -113.17849241 -113.00582267 -113.14430110 -113.04001399    -0.06880959
2.7      3.70 -113.17001176 -113.00622840 -113.13760135 -113.03863881    -0.06525222
2.7      3.80 -113.16188945 -113.00783554 -113.13127079 -113.03845420    -0.06147701
2.7      3.90 -113.15413960 -113.01007510 -113.12524962 -113.03896509    -0.05768353
2.7      4.00 -113.14676282 -113.01255428 -113.11951830 -113.03979880    -0.05398318
2.7      4.10 -113.13975402 -113.01504069 -113.11414547 -113.04064924    -0.05037787
2.7      4.20 -113.13310529 -113.01740752 -113.10896710 -113.04154571    -0.04701152
2.7      4.40 -113.12084240 -113.02156645 -113.09941846 -113.04299039    -0.04083989
2.7      4.60 -113.10986359 -113.02488069 -113.09087397 -113.04387031    -0.03540038
2.7      4.80 -113.10003698 -113.02742025 -113.08324423 -113.04421300    -0.03061761
2.7      5.00 -113.09122323 -113.02931470 -113.07638282 -113.04415511    -0.02642934
2.7      5.20 -113.08328576 -113.03069796 -113.07019369 -113.04379002    -0.02273941
2.7      5.40 -113.07609709 -113.03168830 -113.06455931 -113.04322609    -0.01947456
2.7      5.60 -113.06954496 -113.03238009 -113.05937186 -113.04255320    -0.01657076
2.7      5.80 -113.06354317 -113.03283987 -113.05454447 -113.04183857    -0.01397545
2.7      6.00 -113.05804381 -113.03310505 -113.05001503 -113.04113383    -0.01165189
2.7      7.00 -113.04011026 -113.03079764 -113.03837752 -113.03253037    -0.00362408
2.7      8.00 -113.03726598 -113.02542167 -113.03722455 -113.02546310    -0.00069925
2.7      9.00 -113.03691644 -113.02392928 -113.03691589 -113.02392984    -0.00008488
2.7     10.00 -113.03038538 -113.02340540 -113.03038159 -113.02340920    -0.00016277
2.7     12.00 -113.03039706 -113.02214380 -113.03039706 -113.02214380    -0.00000235
2.7     14.00 -113.03042899 -113.02212010 -113.03042889 -113.02212021     0.00002906
2.7     16.00 -113.03045574 -113.02211393 -113.03045573 -113.02211393     0.00000452
2.7     18.00 -113.03047160 -113.02211087 -113.03047154 -113.02211093     0.00002318
2.7     20.00 -113.03048516 -113.02210926 -113.03048510 -113.02210932     0.00002223

2.8      1.40 -112.59700655 -112.41728890 -112.59535004 -112.41894541    0.01717442
2.8      1.60 -112.85953962 -112.67766957 -112.85905778 -112.67815141   -0.00934881
2.8      1.80 -113.04250092 -112.85873953 -113.03821050 -112.86302996   -0.02774899
2.8      2.00 -113.15354989 -112.96846228 -113.14417553 -112.97783663   -0.04058569
2.8      2.10 -113.18811458 -113.00259657 -113.17602110 -113.01469005   -0.04579635
2.8      2.20 -113.21199550 -113.02619859 -113.19724345 -113.04095064   -0.05023209
2.8      2.30 -113.22735541 -113.04142526 -113.20989867 -113.05888200   -0.05423096
2.8      2.40 -113.23603936 -113.05011563 -113.21608475 -113.07007025   -0.05754868
2.8      2.50 -113.23957661 -113.05379489 -113.21716579 -113.07620570   -0.06050847
2.8      2.60 -113.23920819 -113.05370326 -113.21454442 -113.07836703   -0.06298372
2.8      2.70 -113.23592682 -113.05083691 -113.20919367 -113.07757006   -0.06506439
2.8      2.80 -113.23052021 -113.04599604 -113.20182459 -113.07469166   -0.06687000
2.8      2.90 -113.22360722 -113.03981985 -113.19328762 -113.07013945   -0.06821349
2.8      3.00 -113.21567194 -113.03282940 -113.18368393 -113.06481741   -0.06946608
2.8      3.10 -113.20708817 -113.02545652 -113.17365208 -113.05889260   -0.07039232
2.8      3.20 -113.19814017 -113.01807575 -113.16345544 -113.05276048   -0.07101025
2.8      3.30 -113.18903782 -113.01103115 -113.15336383 -113.04670514   -0.07125710
2.8      3.40 -113.17992759 -113.00465413 -113.14375219 -113.04082952   -0.07093608
2.8      3.50 -113.17090569 -112.99926337 -113.13459842 -113.03557064   -0.07009741
2.8      3.60 -113.16204067 -112.99516897 -113.12653259 -113.03067705   -0.06829693
2.8      3.70 -113.15341022 -112.99270175 -113.11934222 -113.02676976   -0.06568400
2.8      3.80 -113.14501833 -112.99143314 -113.11253380 -113.02391767   -0.06272079
2.8      3.90 -113.13715146 -112.99250754 -113.10668758 -113.02297142   -0.05897768
2.8      4.00 -113.12958943 -112.99346175 -113.10055707 -113.02249412   -0.05576047
2.8      4.10 -113.12238139 -112.99530871 -113.09512785 -113.02256224   -0.05215769
2.8      4.20 -113.11555315 -112.99753286 -113.09033495 -113.02275106   -0.04837667
2.8      4.40 -113.10292823 -113.00117593 -113.08074718 -113.02335697   -0.04201159
2.8      4.60 -113.09159240 -113.00426838 -113.07214022 -113.02372056   -0.03633531
2.8      4.80 -113.08141361 -113.00671885 -113.06442797 -113.02370449   -0.03130856
2.8      5.00 -113.07225586 -113.00858557 -113.05748200 -113.02335943   -0.02687729
2.8      5.20 -113.06398769 -113.00997065 -113.05122028 -113.02273806   -0.02294888
2.8      5.40 -113.05649589 -113.01097905 -113.04554438 -113.02193056   -0.01945617
2.8      5.60 -113.04969023 -113.01170390 -113.04038992 -113.02100421   -0.01633367
2.8      5.80 -113.04351328 -113.01221982 -113.03570717 -113.02002593   -0.01354049
2.8      6.00 -113.03794246 -113.01258287 -113.03147620 -113.01904913   -0.01105302
2.8      7.00 -113.01952703 -113.01317119 -113.01737315 -113.01532508   -0.00300841
2.8      8.00 -113.01419728 -113.01271172 -113.01395021 -113.01295878   -0.00055317
2.8      9.00 -113.01187491 -113.00712197 -113.01183027 -113.00716661   -0.00045842
2.8     10.00 -113.00737158 -113.00507981 -113.00735650 -113.00509489   -0.00018527
2.8     12.00 -113.01046832 -113.00770701 -113.01046832 -113.00770701   -0.00000099
2.8     14.00 -113.01045326 -113.00773770 -113.01045326 -113.00773770   -0.00000044
2.8     16.00 -113.01044658 -113.00775910 -113.01044657 -113.00775911   -0.00000509
2.8     18.00 -113.01044323 -113.00777525 -113.01044321 -113.00777527   -0.00000633
2.8     20.00 -113.01044141 -113.00778705 -113.01044139 -113.00778707   -0.00000677

2.9      1.40 -112.60456266 -112.43769880 -112.60344187 -112.43881959    0.01362950
2.9      1.60 -112.84814802 -112.67916356 -112.84757429 -112.67973729   -0.00982964
2.9      1.80 -113.02398561 -112.85356147 -113.01961520 -112.85793188   -0.02693924
2.9      2.00 -113.13368030 -112.96246438 -113.12413698 -112.97200770   -0.03927967
2.9      2.10 -113.16847379 -112.99709079 -113.15626161 -113.00930297   -0.04408879
2.9      2.20 -113.19281700 -113.02140408 -113.17779455 -113.03642653   -0.04847028
2.9      2.30 -113.20872007 -113.03740177 -113.19130663 -113.05481521   -0.05176883
2.9      2.40 -113.21793945 -113.04682866 -113.19809450 -113.06667361   -0.05478926
2.9      2.50 -113.22195736 -113.05115758 -113.19981132 -113.07330361   -0.05737675
2.9      2.60 -113.22199354 -113.05160123 -113.19768368 -113.07591110   -0.05959232
2.9      2.70 -113.21903511 -113.04914358 -113.19276194 -113.07541675   -0.06142727
2.9      2.80 -113.21387145 -113.04457537 -113.18569273 -113.07275409   -0.06305955
2.9      2.90 -113.20712915 -113.03853228 -113.17715440 -113.06850704   -0.06446056
2.9      3.00 -113.19930074 -113.03152281 -113.16760584 -113.06321771   -0.06567448
2.9      3.10 -113.19077100 -113.02396432 -113.15768128 -113.05705404   -0.06651809
2.9      3.20 -113.18183463 -113.01619742 -113.14752988 -113.05050217   -0.06712173
2.9      3.30 -113.17271334 -113.00851375 -113.13737142 -113.04385568   -0.06748391
2.9      3.40 -113.16356906 -113.00117975 -113.12746331 -113.03728550   -0.06752453
2.9      3.50 -113.15451354 -112.99445123 -113.11798311 -113.03098166   -0.06717643
2.9      3.60 -113.14492896 -112.98724155 -113.10840622 -113.02376429   -0.06652268
2.9      3.70 -113.13693289 -112.98379655 -113.10089442 -113.01983502   -0.06496174
2.9      3.80 -113.12850875 -112.98040001 -113.09369228 -113.01521648   -0.06280475
2.9      3.90 -113.12040746 -112.97856999 -113.08724172 -113.01173573   -0.06003481
2.9      4.00 -113.11267174 -112.97811911 -113.08142309 -113.00936777   -0.05681646
2.9      4.10 -113.10531297 -112.97861567 -113.07596499 -113.00796364   -0.05345097
2.9      4.20 -113.09832500 -112.97965478 -113.07083329 -113.00714648   -0.05006648
2.9      4.40 -113.08541046 -112.98233444 -113.06148861 -113.00625630   -0.04351453
2.9      4.60 -113.07380996 -112.98498064 -113.05307859 -113.00571201   -0.03757345
2.9      4.80 -113.06339414 -112.98722061 -113.04560659 -113.00500815   -0.03222644
2.9      5.00 -113.05403207 -112.98898751 -113.03888368 -113.00413590   -0.02749266
2.9      5.20 -113.04560716 -112.99032151 -113.03286667 -113.00306200   -0.02328189
2.9      5.40 -113.03802240 -112.99129572 -113.02747414 -113.00184399   -0.01953508
2.9      5.60 -113.03121268 -112.99198422 -113.02265171 -113.00054519   -0.01620319
2.9      5.80 -113.02514381 -112.99245011 -113.01839680 -112.99919712   -0.01323112
2.9      6.00 -113.01981009 -112.99274159 -113.01466212 -112.99788956   -0.01062291
2.9      7.00 -113.00416359 -112.99227426 -113.00338616 -112.99305168   -0.00293916
2.9      8.00 -113.00031061 -112.99159618 -113.00028658 -112.99162021   -0.00045702
2.9      9.00 -112.99968576 -112.99126914 -112.99968522 -112.99126968   -0.00006718
2.9     10.00 -112.99820358 -112.98594519 -112.99820347 -112.98594530   -0.00003740
2.9     12.00 -112.99814167 -112.98594845 -112.99814166 -112.98594846   -0.00001043
2.9     14.00 -112.99812639 -112.98597413 -112.99812639 -112.98597413   -0.00000514
2.9     16.00 -112.99811937 -112.98599304 -112.99811937 -112.98599304   -0.00000386
2.9     18.00 -112.99811573 -112.98600694 -112.99811573 -112.98600694   -0.00000238
2.9     20.00 -112.99811371 -112.98601738 -112.99811371 -112.98601738   -0.00000165

3.0      1.40 -112.61575501 -112.46150592 -112.61281029 -112.46445064    0.02110803
3.0      1.60 -112.83942239 -112.68307659 -112.83938244 -112.68311654   -0.00249896
3.0      1.80 -113.00705521 -112.84964393 -113.00439044 -112.85230870   -0.02030673
3.0      2.00 -113.11399267 -112.95609785 -113.10672764 -112.96336288   -0.03308066
3.0      2.10 -113.14945562 -112.99182440 -113.13982630 -113.00145371   -0.03775126
3.0      2.20 -113.17411004 -113.01668903 -113.16201821 -113.02878086   -0.04192012
3.0      2.30 -113.19046125 -113.03335870 -113.17583531 -113.04798464   -0.04564925
3.0      2.40 -113.20016161 -113.04346906 -113.18330814 -113.06032253   -0.04854661
3.0      2.50 -113.20463357 -113.04842744 -113.18563120 -113.06742981   -0.05106072
3.0      2.60 -113.20506709 -113.04941307 -113.18406503 -113.07041513   -0.05317865
3.0      2.70 -113.20243689 -113.04739351 -113.17960063 -113.07022978   -0.05494649
3.0      2.80 -113.19753010 -113.04315039 -113.17289180 -113.06778870   -0.05653856
3.0      2.90 -113.19097726 -113.03731711 -113.16476922 -113.06352515   -0.05779506
3.0      3.00 -113.18327753 -113.03039633 -113.15562349 -113.05805037   -0.05884758
3.0      3.10 -113.17482352 -113.02279614 -113.14586191 -113.05175775   -0.05970078
3.0      3.20 -113.16592005 -113.01485019 -113.13577993 -113.04499032   -0.06037249
3.0      3.30 -113.15679818 -113.00682452 -113.12556964 -113.03805307   -0.06089530
3.0      3.40 -113.14762995 -112.99894697 -113.11552619 -113.03105073   -0.06117705
3.0      3.50 -113.13853959 -112.99142710 -113.10580211 -113.02416457   -0.06119108
3.0      3.60 -113.12961076 -112.98446108 -113.09645580 -113.01761603   -0.06093587
3.0      3.70 -113.12089656 -112.97824397 -113.08755653 -113.01158400   -0.06036957
3.0      3.80 -113.11243183 -112.97296892 -113.07948152 -113.00591923   -0.05924207
3.0      3.90 -113.10425113 -112.96886247 -113.07211450 -113.00099910   -0.05760358
3.0      4.00 -113.09639669 -112.96613515 -113.06557488 -112.99695696   -0.05536165
3.0      4.10 -113.08890347 -112.96475406 -113.05968323 -112.99397430   -0.05266738
3.0      4.20 -113.08178344 -112.96441295 -113.05436597 -112.99183042   -0.04966170
3.0      4.40 -113.06863232 -112.96545465 -113.04478563 -112.98930133   -0.04349461
3.0      4.60 -113.05683657 -112.96730500 -113.03634995 -112.98779162   -0.03760981
3.0      4.80 -113.04626880 -112.96913795 -113.02886465 -112.98654209   -0.03224116
3.0      5.00 -113.03680827 -112.97067585 -113.02225574 -112.98522838   -0.02739740
3.0      5.20 -113.02835056 -112.97185641 -113.01641628 -112.98379069   -0.02306058
3.0      5.40 -113.02081824 -112.97269607 -113.01126965 -112.98224465   -0.01919175
3.0      5.60 -113.01416480 -112.97323485 -113.00676506 -112.98063459   -0.01575165
3.0      5.80 -113.00837243 -112.97351413 -113.00286182 -112.97902474   -0.01271706
3.0      6.00 -113.00343935 -112.97357021 -112.99951804 -112.97749152   -0.01008709
3.0      7.00 -112.99035326 -112.97191833 -112.99004150 -112.97223009   -0.00237699
3.0      8.00 -112.98764044 -112.97060211 -112.98763112 -112.97061144   -0.00039848
3.0      9.00 -112.98715553 -112.97025515 -112.98715536 -112.97025532   -0.00005299
3.0     10.00 -112.98570874 -112.96549263 -112.98570871 -112.96549267   -0.00002741
3.0     12.00 -112.98565521 -112.96549422 -112.98565520 -112.96549423   -0.00000560
3.0     14.00 -112.98563955 -112.96551519 -112.98563955 -112.96551519   -0.00000306
3.0     16.00 -112.98563219 -112.96553096 -112.98563219 -112.96553096   -0.00000181
3.0     18.00 -112.98562831 -112.96554267 -112.98562831 -112.96554267   -0.00000102
3.0     20.00 -112.98562609 -112.96555147 -112.98562609 -112.96555147   -0.00000055

3.1      1.40 -112.62838616 -112.48762911 -112.62598997 -112.49002529    0.01820819
3.1      1.60 -112.83162109 -112.68840658 -112.83158336 -112.68844432   -0.00232443
3.1      1.80 -112.99002197 -112.84570417 -112.98789472 -112.84783142   -0.01739179
3.1      2.00 -113.09680354 -112.95200377 -113.09135696 -112.95745034   -0.02754992
3.1      2.10 -113.13137734 -112.98687768 -113.12407468 -112.99418034   -0.03165286
3.1      2.20 -113.15618499 -113.01210862 -113.14687386 -113.02141975   -0.03542340
3.1      2.30 -113.17288185 -113.02932812 -113.16162007 -113.04058989   -0.03859848
3.1      2.40 -113.18300069 -113.04004313 -113.16991089 -113.05313294   -0.04123038
3.1      2.50 -113.18789366 -113.04558715 -113.17300806 -113.06047275   -0.04355154
3.1      2.60 -113.18871178 -113.04709834 -113.17214444 -113.06366568   -0.04551572
3.1      2.70 -113.18641050 -113.04552076 -113.16823364 -113.06369762   -0.04722853
3.1      2.80 -113.18177027 -113.04162495 -113.16216221 -113.06123302   -0.04861586
3.1      2.90 -113.17542179 -113.03603866 -113.15440370 -113.05705675   -0.04987792
3.1      3.00 -113.16786907 -113.02926358 -113.14558410 -113.05154855   -0.05091364
3.1      3.10 -113.15951190 -113.02171145 -113.13594252 -113.04528083   -0.05188792
3.1      3.20 -113.15066208 -113.01370589 -113.12603082 -113.03833715   -0.05259947
3.1      3.30 -113.14155916 -113.00550510 -113.11596393 -113.03110033   -0.05317160
3.1      3.40 -113.13238391 -112.99732250 -113.10593116 -113.02377525   -0.05360036
3.1      3.50 -113.12326879 -112.98933719 -113.09606777 -113.01653821   -0.05388117
3.1      3.60 -113.11430769 -112.98171371 -113.08650552 -113.00951588   -0.05397629
3.1      3.70 -113.10556270 -112.97460653 -113.07735321 -113.00281602   -0.05383708
3.1      3.80 -113.09707233 -112.96817111 -113.06866904 -112.99657440   -0.05342726
3.1      3.90 -113.08886155 -112.96256341 -113.06057771 -112.99084725   -0.05265188
3.1      4.00 -113.08095328 -112.95795670 -113.05312433 -112.98578565   -0.05146276
3.1      4.10 -113.07337538 -112.95453902 -113.04646832 -112.98144608   -0.04973476
3.1      4.20 -113.06615350 -112.95236782 -113.04051614 -112.97800518   -0.04753831
3.1      4.40 -113.05280823 -112.95092438 -113.03023250 -112.97350011   -0.04231357
3.1      4.60 -113.04086523 -112.95148447 -113.02149404 -112.97085566   -0.03682620
3.1      4.80 -113.03020674 -112.95263540 -113.01391770 -112.96892444   -0.03159478
3.1      5.00 -113.02071951 -112.95377414 -113.00729295 -112.96720069   -0.02680622
3.1      5.20 -113.01231141 -112.95467817 -113.00153074 -112.96545883   -0.02247447
3.1      5.40 -113.00491872 -112.95528102 -112.99653120 -112.96366854   -0.01860072
3.1      5.60 -112.99850604 -112.95557809 -112.99223335 -112.96185079   -0.01516336
3.1      5.80 -112.99305636 -112.95559020 -112.98857765 -112.96006892   -0.01215489
3.1      6.00 -112.98855106 -112.95535375 -112.98552045 -112.95838436   -0.00956156
3.1      7.00 -112.97744874 -112.95262684 -112.97725677 -112.95281881   -0.00217447
3.1      8.00 -112.97525288 -112.95118617 -112.97524739 -112.95119166   -0.00036342
3.1      9.00 -112.97484276 -112.95083779 -112.97484263 -112.95083793   -0.00005689
3.1     10.00 -112.97474204 -112.95074609 -112.97474204 -112.95074610   -0.00001019
3.1     12.00 -112.97468547 -112.95069317 -112.97468547 -112.95069317   -0.00000127
3.1     14.00 -112.97466590 -112.95067461 -112.97466590 -112.95067461   -0.00000037
3.1     16.00 -112.97465659 -112.95066573 -112.97465659 -112.95066573   -0.00000004
3.1     18.00 -112.97465166 -112.95066100 -112.97465166 -112.95066100    0.00000012
3.1     20.00 -112.97464884 -112.95065828 -112.97464884 -112.95065828    0.00000019

3.2      1.40 -112.64479509 -112.51645798 -112.64180371 -112.51944936    0.01936380
3.2      1.60 -112.82746448 -112.69679720 -112.82745695 -112.69680472    0.00099150
3.2      1.80 -112.97596641 -112.84427097 -112.97458019 -112.84565720   -0.01344015
3.2      2.00 -113.07770372 -112.94552795 -113.07328583 -112.94994585   -0.02375755
3.2      2.10 -113.11445086 -112.98231891 -113.10870042 -112.98806935   -0.02695830
3.2      2.20 -113.13676466 -113.00503276 -113.12887931 -113.01291811   -0.03125018
3.2      2.30 -113.15618212 -113.02534323 -113.14710218 -113.03442318   -0.03325003
3.2      2.40 -113.16665247 -113.03658005 -113.15594933 -113.04728319   -0.03574389
3.2      2.50 -113.17192622 -113.04264193 -113.15971515 -113.05485300   -0.03780991
3.2      2.60 -113.17311330 -113.04466937 -113.15943964 -113.05834303   -0.03961476
3.2      2.70 -113.17113698 -113.04352024 -113.15606148 -113.05859574   -0.04118999
3.2      2.80 -113.16676948 -113.03997983 -113.15043283 -113.05631648   -0.04247860
3.2      2.90 -113.16063687 -113.03464460 -113.14312742 -113.05215405   -0.04358297
3.2      3.00 -113.15324779 -113.02805299 -113.13451704 -113.04678373   -0.04465591
3.2      3.10 -113.14500525 -113.02059286 -113.12527364 -113.04032447   -0.04544800
3.2      3.20 -113.13622801 -113.01259485 -113.11555334 -113.03326953   -0.04613712
3.2      3.30 -113.12716305 -113.00431618 -113.10566797 -113.02581126   -0.04667510
3.2      3.40 -113.11799814 -112.99595935 -113.09574983 -113.01820766   -0.04711868
3.2      3.50 -113.10887321 -112.98769490 -113.08595866 -113.01060946   -0.04745177
3.2      3.60 -113.09988944 -112.97966871 -113.07633429 -113.00322386   -0.04771764
3.2      3.70 -113.09111689 -112.97201103 -113.06709084 -112.99603707   -0.04779531
3.2      3.80 -113.08260077 -112.96484430 -113.05826295 -112.98918212   -0.04768234
3.2      3.90 -113.07436878 -112.95829533 -113.04986145 -112.98280266   -0.04737131
3.2      4.00 -113.06643837 -112.95248928 -113.04199646 -112.97693119   -0.04677314
3.2      4.10 -113.05882560 -112.94756036 -113.03476218 -112.97162379   -0.04580801
3.2      4.20 -113.05154814 -112.94365521 -113.02817555 -112.96702781   -0.04444614
3.2      4.40 -113.03806108 -112.93910652 -113.01694728 -112.96022032   -0.04054028
3.2      4.60 -113.02600577 -112.93776731 -113.00784518 -112.95592790   -0.03567430
3.2      4.80 -113.01529601 -112.93787887 -113.00007543 -112.95309946   -0.03076797
3.2      5.00 -113.00582772 -112.93841156 -112.99344740 -112.95079188   -0.02610290
3.2      5.20 -112.99751717 -112.93890933 -112.98777274 -112.94865376   -0.02182077
3.2      5.40 -112.99030758 -112.93918878 -112.98292091 -112.94657545   -0.01797316
3.2      5.60 -112.98416367 -112.93918946 -112.97881145 -112.94454168   -0.01456247
3.2      5.80 -112.97905512 -112.93891304 -112.97536834 -112.94259983   -0.01159322
3.2      6.00 -112.97493363 -112.93840165 -112.97253139 -112.94080389   -0.00905471
3.2      7.00 -112.96523891 -112.93498574 -112.96510638 -112.93511827   -0.00199795
3.2      8.00 -112.96335467 -112.93352385 -112.96335108 -112.93352744   -0.00032749
3.2      9.00 -112.96299034 -112.93318246 -112.96299026 -112.93318254   -0.00004979
3.2     10.00 -112.96289633 -112.93309191 -112.96289632 -112.93309191   -0.00000905
3.2     12.00 -112.96284101 -112.93303904 -112.96284101 -112.93303904   -0.00000134
3.2     14.00 -112.96282159 -112.93302047 -112.96282159 -112.93302047   -0.00000050
3.2     16.00 -112.96281235 -112.93301159 -112.96281235 -112.93301159   -0.00000018
3.2     18.00 -112.96280745 -112.93300686 -112.96280745 -112.93300686   -0.00000004
3.2     20.00 -112.96280465 -112.93300415 -112.96280465 -112.93300415    0.00000003

