1.6      1.40 -111.81252509 -111.45563089 -111.81252378 -111.45563220    -0.00068406
1.6      1.60 -112.39205139 -112.03024966 -112.39200565 -112.03029541    -0.00406795
1.6      1.80 -112.67829725 -112.31508124 -112.67816993 -112.31520856    -0.00679908
1.6      2.00 -112.81424061 -112.45542504 -112.81398005 -112.45568560    -0.00966566
1.6      2.10 -112.85015573 -112.49716379 -112.84982489 -112.49749463    -0.01080171
1.6      2.20 -112.87242781 -112.52884733 -112.87202062 -112.52925452    -0.01182100
1.6      2.30 -112.88491262 -112.55498342 -112.88440672 -112.55548932    -0.01290956
1.6      2.40 -112.89048936 -112.57829240 -112.88990916 -112.57887260    -0.01344613
1.6      2.50 -112.89125631 -112.59987613 -112.89060759 -112.60052485    -0.01373327
1.6      2.60 -112.88870781 -112.61995423 -112.88799424 -112.62066780    -0.01382986
1.6      2.70 -112.88391795 -112.63849308 -112.88313763 -112.63927340    -0.01381669
1.6      2.80 -112.87766788 -112.65544389 -112.87682091 -112.65629086    -0.01369305
1.6      2.90 -112.87052848 -112.67080003 -112.86961027 -112.67171824    -0.01351109
1.6      3.00 -112.86291672 -112.68459991 -112.86192593 -112.68559069    -0.01325490
1.6      3.10 -112.85513506 -112.69691623 -112.85406225 -112.69798904    -0.01298418
1.6      3.20 -112.84740076 -112.70784353 -112.84623847 -112.70900582    -0.01268288
1.6      3.30 -112.83986779 -112.71748795 -112.83860814 -112.71874759    -0.01235186
1.6      3.40 -112.83264361 -112.72595981 -112.83127713 -112.72732629    -0.01199642
1.6      3.50 -112.82580193 -112.73336850 -112.82431645 -112.73485397    -0.01162329
1.6      3.60 -112.81939200 -112.73981903 -112.81777511 -112.74143592    -0.01122704
1.6      3.70 -112.81344552 -112.74540961 -112.81167940 -112.74717573    -0.01081852
1.6      3.80 -112.80798145 -112.75022997 -112.80604404 -112.75216738    -0.01039879
1.6      3.90 -112.80300979 -112.75436015 -112.80087237 -112.75649757    -0.00997076
1.6      4.00 -112.79853461 -112.75786935 -112.79615898 -112.76024498    -0.00953740
1.6      4.10 -112.79455702 -112.76081479 -112.79189132 -112.76348049    -0.00910168
1.6      4.20 -112.79107822 -112.76324023 -112.78805103 -112.76626741    -0.00866642
1.6      4.40 -112.78564070 -112.76663040 -112.78155764 -112.77071345    -0.00780697
1.6      4.60 -112.78229594 -112.76812207 -112.77646223 -112.77395578    -0.00697525
1.6      4.80 -112.78086803 -112.76794097 -112.77628252 -112.77252647    -0.00618468
1.6      5.00 -112.78059319 -112.76684140 -112.77791628 -112.76951830    -0.00544486
1.6      5.20 -112.78071057 -112.76554781 -112.77902857 -112.76722980    -0.00476178
1.6      5.40 -112.78086442 -112.76437151 -112.77975059 -112.76548534    -0.00413880
1.6      5.60 -112.78094472 -112.76338218 -112.78018315 -112.76414374    -0.00357701
1.6      5.80 -112.78093589 -112.76256842 -112.78040557 -112.76309874    -0.00307561
1.6      6.00 -112.78085585 -112.76190346 -112.78048288 -112.76227642    -0.00263238
1.6      7.00 -112.78021818 -112.76016540 -112.78015227 -112.76023130    -0.00114772
1.6      8.00 -112.77990373 -112.75982401 -112.77989279 -112.75983496    -0.00046872
1.6      9.00 -112.77978756 -112.75993348 -112.77978594 -112.75993511    -0.00017973
1.6     10.00 -112.77973583 -112.76014263 -112.77973563 -112.76014283    -0.00006263
1.6     12.00 -112.77969132 -112.76049695 -112.77969132 -112.76049695    -0.00000462
1.6     14.00 -112.77967228 -112.76061733 -112.77967228 -112.76061733    -0.00000009
1.6     16.00 -112.77966226 -112.76086438 -112.77966226 -112.76086438     0.00000000
1.6     18.00 -112.77965645 -112.76105045 -112.77965645 -112.76105045    -0.00000001
1.6     20.00 -112.77965280 -112.76119261 -112.77965280 -112.76119261    -0.00000001

1.7      1.40 -111.86511403 -111.53083204 -111.86510586 -111.53084021    -0.00165244
1.7      1.60 -112.49855935 -112.15876945 -112.49843266 -112.15889614    -0.00655984
1.7      1.80 -112.81525049 -112.47262161 -112.81491782 -112.47295428    -0.01067112
1.7      2.00 -112.96768529 -112.62605885 -112.96711309 -112.62663105    -0.01396960
1.7      2.10 -113.00869818 -112.66971772 -113.00798789 -112.67042801    -0.01550064
1.7      2.20 -113.03470267 -112.70050610 -113.03384685 -112.70136192    -0.01689022
1.7      2.30 -113.04989240 -112.72339694 -113.04887836 -112.72441099    -0.01816739
1.7      2.40 -113.05732611 -112.74219436 -113.05615759 -112.74336288    -0.01915389
1.7      2.50 -113.05928595 -112.75941657 -113.05797065 -112.76073187    -0.01981632
1.7      2.60 -113.05747497 -112.77617130 -113.05601595 -112.77763032    -0.02020640
1.7      2.70 -113.05311493 -112.79251366 -113.05151374 -112.79411484    -0.02036434
1.7      2.80 -113.04707641 -112.80813322 -113.04533254 -112.80987709    -0.02033825
1.7      2.90 -113.03998998 -112.82274246 -113.03810617 -112.82462627    -0.02014209
1.7      3.00 -113.03231625 -112.83616887 -113.03028225 -112.83820286    -0.01987020
1.7      3.10 -113.02439098 -112.84834262 -113.02219351 -112.85054010    -0.01954566
1.7      3.20 -113.01645680 -112.85926588 -113.01409437 -112.86162831    -0.01912517
1.7      3.30 -113.00868674 -112.86898595 -113.00615517 -112.87151751    -0.01863473
1.7      3.40 -113.00120223 -112.87757617 -112.99849175 -112.88028664    -0.01810356
1.7      3.50 -112.99408682 -112.88512316 -112.99119001 -112.88801997    -0.01752870
1.7      3.60 -112.98739635 -112.89171851 -112.98430527 -112.89480958    -0.01691723
1.7      3.70 -112.98116628 -112.89745344 -112.97786957 -112.90075015    -0.01628216
1.7      3.80 -112.97541693 -112.90241546 -112.97190109 -112.90593130    -0.01563011
1.7      3.90 -112.97015706 -112.90668633 -112.96640720 -112.91043619    -0.01496478
1.7      4.00 -112.96538643 -112.91034093 -112.96138284 -112.91434452    -0.01429514
1.7      4.10 -112.96109770 -112.91344679 -112.95682227 -112.91772222    -0.01361796
1.7      4.20 -112.95727780 -112.91606398 -112.95270165 -112.92064014    -0.01294835
1.7      4.40 -112.95097018 -112.92003773 -112.94569966 -112.92530825    -0.01162977
1.7      4.60 -112.94628098 -112.92261426 -112.94016945 -112.92872579    -0.01035804
1.7      4.80 -112.94297942 -112.92408201 -112.93587002 -112.93119141    -0.00915454
1.7      5.00 -112.94078526 -112.92471436 -112.93293610 -112.93256352    -0.00803329
1.7      5.20 -112.93938388 -112.92478944 -112.93413651 -112.93003680    -0.00700339
1.7      5.40 -112.93848248 -112.92455478 -112.93493272 -112.92810455    -0.00606953
1.7      5.60 -112.93786548 -112.92418426 -112.93543156 -112.92661818    -0.00523212
1.7      5.80 -112.93740374 -112.92377654 -112.93571634 -112.92546395    -0.00448858
1.7      6.00 -112.93703177 -112.92338107 -112.93585301 -112.92455983    -0.00383424
1.7      7.00 -112.93592434 -112.92206354 -112.93572255 -112.92226532    -0.00166018
1.7      8.00 -112.93554933 -112.92164046 -112.93551637 -112.92167342    -0.00067622
1.7      9.00 -112.93542528 -112.92161843 -112.93542034 -112.92162336    -0.00026101
1.7     10.00 -112.93537335 -112.92172095 -112.93537271 -112.92172159    -0.00009321
1.7     12.00 -112.93533023 -112.92192654 -112.93533023 -112.92192655    -0.00000792
1.7     14.00 -112.93531218 -112.92196566 -112.93531218 -112.92196566    -0.00000029
1.7     16.00 -112.93530282 -112.92215758 -112.93530282 -112.92215758     0.00000000
1.7     18.00 -112.93529745 -112.92230579 -112.93529745 -112.92230579     0.00000000
1.7     20.00 -112.93529412 -112.92242082 -112.93529412 -112.92242082     0.00000000

1.8      1.40 -111.85762776 -111.54315103 -111.85762422 -111.54315458    -0.00105612
1.8      1.60 -112.54508008 -112.22461619 -112.54492548 -112.22477079    -0.00703710
1.8      1.80 -112.89358474 -112.56932185 -112.89308889 -112.56981769    -0.01267033
1.8      2.00 -113.06361672 -112.73837509 -113.06268673 -112.73930508    -0.01736684
1.8      2.10 -113.11010681 -112.78577168 -113.10889785 -112.78698064    -0.01976482
1.8      2.20 -113.14011033 -112.81797271 -113.13865965 -112.81942338    -0.02156876
1.8      2.30 -113.15821406 -112.84003057 -113.15652052 -112.84172411    -0.02315139
1.8      2.40 -113.16775800 -112.85594488 -113.16583088 -112.85787200    -0.02443740
1.8      2.50 -113.17117642 -112.86888493 -113.16903168 -112.87102967    -0.02537195
1.8      2.60 -113.17027896 -112.88110825 -113.16792062 -112.88346659    -0.02600769
1.8      2.70 -113.16644094 -112.89373779 -113.16387576 -112.89630297    -0.02632398
1.8      2.80 -113.16066755 -112.90680472 -113.15788734 -112.90958493    -0.02642088
1.8      2.90 -113.15366998 -112.91983304 -113.15066155 -112.92284148    -0.02635209
1.8      3.00 -113.14595795 -112.93235110 -113.14271838 -112.93559068    -0.02610558
1.8      3.10 -113.13790161 -112.94404775 -113.13442949 -112.94751987    -0.02571046
1.8      3.20 -113.12976930 -112.95476116 -113.12606574 -112.95846473    -0.02518804
1.8      3.30 -113.12175351 -112.96443364 -113.11781257 -112.96837458    -0.02458571
1.8      3.40 -113.11399005 -112.97307295 -113.10981579 -112.97724720    -0.02389141
1.8      3.50 -113.10657272 -112.98072534 -113.10216489 -112.98513317    -0.02313623
1.8      3.60 -113.09956434 -112.98745804 -113.09492125 -112.99210113    -0.02233745
1.8      3.70 -113.09300475 -112.99334819 -113.08812541 -112.99822754    -0.02150467
1.8      3.80 -113.08691660 -112.99847599 -113.08180085 -113.00359174    -0.02064629
1.8      3.90 -113.08130931 -113.00292047 -113.07596262 -113.00826716    -0.01976194
1.8      4.00 -113.07618194 -113.00675699 -113.07060126 -113.01233767    -0.01887577
1.8      4.10 -113.07152516 -113.01005596 -113.06571660 -113.01586452    -0.01798077
1.8      4.20 -113.06732281 -113.01288212 -113.06128701 -113.01891792    -0.01709275
1.8      4.40 -113.06019004 -113.01734576 -113.05371931 -113.02381648    -0.01534155
1.8      4.60 -113.05456372 -113.02055140 -113.04769677 -113.02741836    -0.01365306
1.8      4.80 -113.05018968 -113.02282059 -113.04297884 -113.03003143    -0.01205645
1.8      5.00 -113.04681335 -113.02440521 -113.03932866 -113.03188990    -0.01056870
1.8      5.20 -113.04420599 -113.02549783 -113.03652093 -113.03318288    -0.00920397
1.8      5.40 -113.04217919 -113.02624026 -113.03436556 -113.03405389    -0.00796794
1.8      5.60 -113.04058860 -113.02673268 -113.03461714 -113.03270414    -0.00686161
1.8      5.80 -113.03932987 -113.02704455 -113.03496006 -113.03141435    -0.00588126
1.8      6.00 -113.03833031 -113.02722521 -113.03515028 -113.03040524    -0.00502015
1.8      7.00 -113.03578286 -113.02720092 -113.03519491 -113.02778888    -0.00216797
1.8      8.00 -113.03513016 -113.02687894 -113.03503473 -113.02697438    -0.00088223
1.8      9.00 -113.03496189 -113.02674687 -113.03494764 -113.02676112    -0.00034180
1.8     10.00 -113.03490391 -113.02674012 -113.03490204 -113.02674200    -0.00012370
1.8     12.00 -113.03486081 -113.02678846 -113.03486080 -113.02678848    -0.00001125
1.8     14.00 -113.03484344 -113.02674202 -113.03484344 -113.02674202    -0.00000050
1.8     16.00 -113.03483453 -113.02687533 -113.03483453 -113.02687533    -0.00000000
1.8     18.00 -113.03482946 -113.02698334 -113.03482946 -113.02698334    -0.00000001
1.8     20.00 -113.03482634 -113.02706958 -113.03482634 -113.02706958    -0.00000001

1.9      1.40 -111.80745479 -111.51014048 -111.80744625 -111.51014902    -0.00159343
1.9      1.60 -112.54763459 -112.24397207 -112.54746971 -112.24413695    -0.00707387
1.9      1.80 -112.92896088 -112.62082509 -112.92830632 -112.62147965    -0.01418677
1.9      2.00 -113.11763045 -112.80728111 -113.11634552 -112.80856604    -0.01992804
1.9      2.10 -113.16999472 -112.85954025 -113.16835449 -112.86118049    -0.02250616
1.9      2.20 -113.20430485 -112.89458919 -113.20225858 -112.89663546    -0.02509133
1.9      2.30 -113.22554357 -112.91765195 -113.22313712 -112.92005840    -0.02711336
1.9      2.40 -113.23735746 -112.93275659 -113.23459614 -112.93551790    -0.02886996
1.9      2.50 -113.24241046 -112.94312849 -113.23932107 -112.94621788    -0.03024988
1.9      2.60 -113.24264339 -112.95139739 -113.23925192 -112.95478887    -0.03124503
1.9      2.70 -113.23949319 -112.95955253 -113.23583558 -112.96321014    -0.03178892
1.9      2.80 -113.23406861 -112.96871334 -113.23013867 -112.97264328    -0.03205285
1.9      2.90 -113.22720110 -112.97895877 -113.22299079 -112.98316908    -0.03205384
1.9      3.00 -113.21947557 -112.98972903 -113.21497796 -112.99422664    -0.03182896
1.9      3.10 -113.21130398 -113.00041478 -113.20651555 -113.00520321    -0.03141495
1.9      3.20 -113.20298168 -113.01059148 -113.19790747 -113.01566569    -0.03082987
1.9      3.30 -113.19472085 -113.02002060 -113.18936214 -113.02537931    -0.03012395
1.9      3.40 -113.18667200 -113.02859490 -113.18103022 -113.03423668    -0.02932588
1.9      3.50 -113.17893977 -113.03628966 -113.17303036 -113.04219907    -0.02842634
1.9      3.60 -113.17159466 -113.04312887 -113.16542937 -113.04929415    -0.02745938
1.9      3.70 -113.16468191 -113.04916362 -113.15826818 -113.05557735    -0.02645311
1.9      3.80 -113.15822778 -113.05445878 -113.15157845 -113.06110811    -0.02541221
1.9      3.90 -113.15224416 -113.05908475 -113.14537372 -113.06595520    -0.02434839
1.9      4.00 -113.14673176 -113.06311250 -113.13965770 -113.07018656    -0.02326983
1.9      4.10 -113.14168242 -113.06661066 -113.13442964 -113.07386344    -0.02217828
1.9      4.20 -113.13708094 -113.06964376 -113.12967115 -113.07705355    -0.02109005
1.9      4.40 -113.12913385 -113.07454728 -113.12148907 -113.08219205    -0.01894359
1.9      4.60 -113.12267882 -113.07823274 -113.11492038 -113.08599118    -0.01687124
1.9      4.80 -113.11747260 -113.08102274 -113.10973951 -113.08875583    -0.01490199
1.9      5.00 -113.11327436 -113.08316157 -113.10570240 -113.09073353    -0.01306439
1.9      5.20 -113.10987029 -113.08482797 -113.10257367 -113.09212459    -0.01137909
1.9      5.40 -113.10708539 -113.08614851 -113.10016326 -113.09307064    -0.00984946
1.9      5.60 -113.10478455 -113.08721056 -113.09829914 -113.09369597    -0.00848021
1.9      5.80 -113.10286762 -113.08807406 -113.09684937 -113.09409231    -0.00726718
1.9      6.00 -113.10126202 -113.08878093 -113.09571334 -113.09432961    -0.00620207
1.9      7.00 -113.09643834 -113.09078568 -113.09451851 -113.09270551    -0.00267701
1.9      8.00 -113.09477415 -113.09126522 -113.09439512 -113.09164426    -0.00108919
1.9      9.00 -113.09437244 -113.09120056 -113.09431499 -113.09125801    -0.00042303
1.9     10.00 -113.09427847 -113.09110858 -113.09427092 -113.09111613    -0.00015447
1.9     12.00 -113.09423069 -113.09099811 -113.09423063 -113.09099817    -0.00001467
1.9     14.00 -113.09421381 -113.09086379 -113.09421381 -113.09086379    -0.00000072
1.9     16.00 -113.09420525 -113.09093622 -113.09420525 -113.09093622     0.00000000
1.9     18.00 -113.09420042 -113.09100248 -113.09420042 -113.09100248     0.00000002
1.9     20.00 -113.09419748 -113.09105882 -113.09419748 -113.09105882     0.00000002

2.0      1.40 -111.72842824 -111.44598792 -111.72841695 -111.44599921    -0.00178607
2.0      1.60 -112.51809615 -112.22906599 -112.51794038 -112.22922176    -0.00670806
2.0      1.80 -112.93280965 -112.63879041 -112.93207796 -112.63952210    -0.01464908
2.0      2.00 -113.14104537 -112.84399896 -113.13948896 -112.84555536    -0.02144534
2.0      2.10 -113.19967394 -112.90190232 -113.19764206 -112.90393420    -0.02451343
2.0      2.20 -113.23861055 -112.94071918 -113.23608697 -112.94324276    -0.02730171
2.0      2.30 -113.26323408 -112.96594763 -113.26017060 -112.96901112    -0.03002244
2.0      2.40 -113.27750004 -112.98174081 -113.27395369 -112.98528716    -0.03219143
2.0      2.50 -113.28431387 -112.99132105 -113.28029777 -112.99533714    -0.03406697
2.0      2.60 -113.28580265 -112.99729650 -113.28135511 -113.00174404    -0.03554380
2.0      2.70 -113.28351669 -113.00184915 -113.27870422 -113.00666162    -0.03650149
2.0      2.80 -113.27859944 -113.00671778 -113.27343042 -113.01188680    -0.03713008
2.0      2.90 -113.27194366 -113.01299752 -113.26647478 -113.01846640    -0.03723219
2.0      3.00 -113.26424062 -113.02084870 -113.25846485 -113.02662448    -0.03704616
2.0      3.10 -113.25597424 -113.02968376 -113.24988222 -113.03577578    -0.03662586
2.0      3.20 -113.24747629 -113.03879149 -113.24106204 -113.04520575    -0.03601964
2.0      3.30 -113.23898015 -113.04765534 -113.23224626 -113.05438923    -0.03525642
2.0      3.40 -113.23065119 -113.05597376 -113.22361069 -113.06301426    -0.03435474
2.0      3.50 -113.22260502 -113.06359942 -113.21527630 -113.07092815    -0.03334064
2.0      3.60 -113.21492037 -113.07048129 -113.20730449 -113.07809716    -0.03228047
2.0      3.70 -113.20764850 -113.07662511 -113.19977838 -113.08449524    -0.03113248
2.0      3.80 -113.20082022 -113.08206843 -113.19272137 -113.09016727    -0.02993595
2.0      3.90 -113.19445090 -113.08686526 -113.18615053 -113.09516563    -0.02870721
2.0      4.00 -113.18854415 -113.09107693 -113.18007363 -113.09954745    -0.02745630
2.0      4.10 -113.18309446 -113.09476647 -113.17448872 -113.10337222    -0.02619292
2.0      4.20 -113.17808917 -113.09799528 -113.16938208 -113.10670237    -0.02493132
2.0      4.40 -113.16933448 -113.10329720 -113.16054391 -113.11208777    -0.02243281
2.0      4.60 -113.16208959 -113.10738538 -113.15338966 -113.11608531    -0.02000584
2.0      4.80 -113.15613118 -113.11057725 -113.14769840 -113.11901003    -0.01769278
2.0      5.00 -113.15123444 -113.11311011 -113.14323212 -113.12111243    -0.01552566
2.0      5.20 -113.14719600 -113.11515471 -113.13975094 -113.12259977    -0.01353220
2.0      5.40 -113.14384559 -113.11683081 -113.13705400 -113.12362240    -0.01171953
2.0      5.60 -113.14104774 -113.11822149 -113.13496050 -113.12430873    -0.01009427
2.0      5.80 -113.13869769 -113.11938495 -113.13332874 -113.12475390    -0.00865237
2.0      6.00 -113.13671521 -113.12036326 -113.13204552 -113.12503295    -0.00738597
2.0      7.00 -113.13053972 -113.12338215 -113.12858287 -113.12533900    -0.00319015
2.0      8.00 -113.12789147 -113.12460696 -113.12725478 -113.12524366    -0.00129840
2.0      9.00 -113.12684133 -113.12501627 -113.12668867 -113.12516893    -0.00050528
2.0     10.00 -113.12644685 -113.12510002 -113.12642072 -113.12512615    -0.00018577
2.0     12.00 -113.12613582 -113.12508649 -113.12613550 -113.12508680    -0.00001821
2.0     14.00 -113.12591242 -113.12507057 -113.12591242 -113.12507057    -0.00000095
2.0     16.00 -113.12592273 -113.12506240 -113.12592273 -113.12506240     0.00000000
2.0     18.00 -113.12594641 -113.12505783 -113.12594641 -113.12505783     0.00000003
2.0     20.00 -113.12597227 -113.12505508 -113.12597227 -113.12505508     0.00000003
         
2.1      1.40 -111.63094513 -111.36173012 -111.63093459 -111.36174066   -0.00168487
2.1      1.60 -112.46553187 -112.18941246 -112.46537108 -112.18957325   -0.00666133
2.1      1.80 -112.91354716 -112.63204062 -112.91280518 -112.63278260   -0.01443337
2.1      2.00 -113.14211843 -112.85701161 -113.14033450 -112.85879553   -0.02248169
2.1      2.10 -113.20737994 -112.92114847 -113.20503040 -112.92349801   -0.02582619
2.1      2.20 -113.25125997 -112.96438108 -113.24829327 -112.96734779   -0.02902211
2.1      2.30 -113.27952837 -112.99253330 -113.27593093 -112.99613074   -0.03192971
2.1      2.40 -113.29645062 -113.00996758 -113.29218136 -113.01423684   -0.03471085
2.1      2.50 -113.30517550 -113.01999590 -113.30029245 -113.02487894   -0.03699597
2.1      2.60 -113.30802191 -113.02520263 -113.30254904 -113.03067550   -0.03896000
2.1      2.70 -113.30669135 -113.02770278 -113.30073625 -113.03365788   -0.04032297
2.1      2.80 -113.30242548 -113.02931109 -113.29598727 -113.03574930   -0.04143571
2.1      2.90 -113.29613583 -113.03154266 -113.28936380 -113.03831469   -0.04178484
2.1      3.00 -113.28853936 -113.03545188 -113.28147541 -113.04251583   -0.04168809
2.1      3.10 -113.28021240 -113.04129289 -113.27284745 -113.04865785   -0.04129635
2.1      3.20 -113.27155800 -113.04848988 -113.26387700 -113.05617087   -0.04067417
2.1      3.30 -113.26284208 -113.05625573 -113.25483617 -113.06426163   -0.03987250
2.1      3.40 -113.25424638 -113.06399845 -113.24592681 -113.07231802   -0.03890457
2.1      3.50 -113.24589737 -113.07136551 -113.23727722 -113.07998566   -0.03781777
2.1      3.60 -113.23788186 -113.07817742 -113.22898279 -113.08707649   -0.03663368
2.1      3.70 -113.23025741 -113.08436240 -113.22110496 -113.09351485   -0.03537696
2.1      3.80 -113.22305967 -113.08991142 -113.21367524 -113.09929584   -0.03408008
2.1      3.90 -113.21630798 -113.09485061 -113.20674131 -113.10441728   -0.03271729
2.1      4.00 -113.21000937 -113.09922455 -113.20029455 -113.10893937   -0.03133492
2.1      4.10 -113.20416152 -113.10308625 -113.19433959 -113.11290819   -0.02993801
2.1      4.20 -113.19875491 -113.10649118 -113.18887284 -113.11637325   -0.02853246
2.1      4.40 -113.18920094 -113.11214498 -113.17934079 -113.12200514   -0.02574026
2.1      4.60 -113.18118272 -113.11657538 -113.17154848 -113.12620962   -0.02301357
2.1      4.80 -113.17450039 -113.12009488 -113.16529342 -113.12930185   -0.02039956
2.1      5.00 -113.16894662 -113.12293704 -113.16034600 -113.13153765   -0.01793711
2.1      5.20 -113.16432773 -113.12526825 -113.15647361 -113.13312237   -0.01565537
2.1      5.40 -113.16047609 -113.12720381 -113.15345662 -113.13422327   -0.01357500
2.1      5.60 -113.15725395 -113.12882320 -113.15110712 -113.13497002   -0.01170365
2.1      5.80 -113.15455085 -113.13018235 -113.14927016 -113.13546304   -0.01003976
2.1      6.00 -113.15227923 -113.13132237 -113.14782293 -113.13577867   -0.00857505
2.1      7.00 -113.14535696 -113.13467801 -113.14385829 -113.13617669   -0.00370921
2.1      8.00 -113.14260133 -113.13575012 -113.14225023 -113.13610121   -0.00151068
2.1      9.00 -113.14156343 -113.13596757 -113.14150076 -113.13603024   -0.00058888
2.1     10.00 -113.14111463 -113.13597931 -113.14110538 -113.13598855   -0.00021771
2.1     12.00 -113.14067493 -113.13595007 -113.14067483 -113.13595018   -0.00002188
2.1     14.00 -113.14034198 -113.13593460 -113.14034198 -113.13593460   -0.00000118
2.1     16.00 -113.14028988 -113.13592688 -113.14028988 -113.13592688    0.00000000
2.1     18.00 -113.14027078 -113.13592262 -113.14027078 -113.13592262   -0.00000003
2.1     20.00 -113.14026601 -113.13592009 -113.14026601 -113.13592009   -0.00000003

2.13      1.40 -111.59720330 -111.33199656 -111.59719836 -111.33200151   -0.00114471
2.13      1.60 -112.44487783 -112.17265122 -112.44475410 -112.17277495   -0.00580235
2.13      1.80 -112.90349860 -112.62577013 -112.90284587 -112.62642287   -0.01344830
2.13      2.00 -113.13875261 -112.85727181 -113.13704948 -112.85897494   -0.02182884      
2.13      2.10 -113.20622445 -112.92352062 -113.20392026 -112.92582481   -0.02541837
2.13      2.20 -113.25176282 -112.96828653 -113.24880487 -112.97124448   -0.02880554
2.13      2.30 -113.28126118 -112.99750297 -113.27763487 -113.00112928   -0.03187233
2.13      2.40 -113.29908454 -113.01561073 -113.29479160 -113.01990366   -0.03461945
2.13      2.50 -113.30846053 -113.02596764 -113.30347218 -113.03095598   -0.03720603
2.13      2.60 -113.31177005 -113.03116951 -113.30619103 -113.03674852   -0.03917076
2.13      2.70 -113.31076401 -113.03331022 -113.30460791 -113.03946632   -0.04086729
2.13      2.80 -113.30672338 -113.03417725 -113.30003046 -113.04087016   -0.04218215
2.13      2.90 -113.30058196 -113.03531454 -113.29353816 -113.04235834   -0.04264828
2.13      3.00 -113.29305166 -113.03791734 -113.28570305 -113.04526594   -0.04267176
2.13      3.10 -113.28471982 -113.04255976 -113.27705387 -113.05022571   -0.04239834
2.13      3.20 -113.27602063 -113.04890526 -113.26805548 -113.05687042   -0.04177996
2.13      3.30 -113.26723763 -113.05615328 -113.25893825 -113.06445266   -0.04102426
2.13      3.40 -113.25855952 -113.06360937 -113.24989975 -113.07226913   -0.04016505
2.13      3.50 -113.25011633 -113.07083289 -113.24114372 -113.07980550   -0.03909134
2.13      3.60 -113.24199740 -113.07758637 -113.23274370 -113.08684008   -0.03789170
2.13      3.70 -113.23426216 -113.08376263 -113.22476379 -113.09326100   -0.03659618
2.13      3.80 -113.22694788 -113.08933170 -113.21721741 -113.09906217   -0.03527588
2.13      3.90 -113.22007518 -113.09430715 -113.21016369 -113.10421864   -0.03388674
2.13      4.00 -113.21365221 -113.09872607 -113.20359714 -113.10878115   -0.03247286
2.13      4.10 -113.20767770 -113.10263701 -113.19752312 -113.11279158   -0.03104076
2.13      4.20 -113.20214317 -113.10609279 -113.19193424 -113.11630172   -0.02960319
2.13      4.40 -113.19233384 -113.11184769 -113.18216671 -113.12201482   -0.02673840
2.13      4.60 -113.18406818 -113.11637469 -113.17415374 -113.12628912   -0.02393421
2.13      4.80 -113.17715449 -113.11998507 -113.16770093 -113.12943863   -0.02123876
2.13      5.00 -113.17139164 -113.12291218 -113.16258321 -113.13172061   -0.01869330
2.13      5.20 -113.16658939 -113.12532191 -113.15856847 -113.13334284   -0.01632997
2.13      5.40 -113.16258084 -113.12732860 -113.15544032 -113.13446912   -0.01416800
2.13      5.60 -113.15922691 -113.12901061 -113.15300240 -113.13523511   -0.01222036
2.13      5.80 -113.15641504 -113.13042301 -113.15109549 -113.13574256   -0.01048657
2.13      6.00 -113.15405495 -113.13160648 -113.14959236 -113.13606907   -0.00895899
2.13      7.00 -113.14690351 -113.13504774 -113.14545919 -113.13649206   -0.00387782
2.13      8.00 -113.14410692 -113.13609660 -113.14378210 -113.13642141   -0.00157999
2.13      9.00 -113.14300783 -113.13629431 -113.14295081 -113.13635133   -0.00061610
2.13     10.00 -113.14252276 -113.13630156 -113.14251438 -113.13630994   -0.00022814
2.13     12.00 -113.14203048 -113.13627183 -113.14203038 -113.13627192   -0.00002309
2.13     14.00 -113.14166967 -113.13625657 -113.14166967 -113.13625657   -0.00000126
2.13     16.00 -113.14159754 -113.13624900 -113.14159754 -113.13624900    0.00000000
2.13     18.00 -113.14156472 -113.13624485 -113.14156472 -113.13624485    0.00000004
2.13     20.00 -113.14155012 -113.13624239 -113.14155012 -113.13624239    0.00000004

2.2      1.40 -111.52428953 -111.26723018 -111.52428632 -111.26723339   -0.00090884
2.2      1.60 -112.39693689 -112.13263730 -112.39683771 -112.13273648   -0.00511894
2.2      1.80 -112.87743863 -112.60740067 -112.87684986 -112.60798943   -0.01259536
2.2      2.00 -113.12690453 -112.85283099 -113.12521885 -112.85451666   -0.02142795
2.2      2.10 -113.19913299 -112.92366378 -113.19678382 -112.92601294   -0.02532988
2.2      2.20 -113.24826004 -112.97180549 -113.24518871 -112.97487682   -0.02897673
2.2      2.30 -113.28043315 -113.00342118 -113.27660607 -113.00724826   -0.03233422
2.2      2.40 -113.30022512 -113.02312608 -113.29563707 -113.02771414   -0.03535953
2.2      2.50 -113.31102968 -113.03439291 -113.30570676 -113.03971583   -0.03800240
2.2      2.60 -113.31535890 -113.03986881 -113.30927610 -113.04595161   -0.04048150
2.2      2.70 -113.31506738 -113.04163122 -113.30831552 -113.04838308   -0.04243366
2.2      2.80 -113.31151999 -113.04140026 -113.30410974 -113.04881051   -0.04412191
2.2      2.90 -113.30571393 -113.04068928 -113.29787413 -113.04852908   -0.04490298
2.2      3.00 -113.29837607 -113.04081607 -113.29020081 -113.04899132   -0.04515288
2.2      3.10 -113.29007793 -113.04277967 -113.28165943 -113.05119818   -0.04484428
2.2      3.20 -113.28130080 -113.04693305 -113.27258945 -113.05564439   -0.04433701
2.2      3.30 -113.27238347 -113.05274421 -113.26336558 -113.06176209   -0.04358165
2.2      3.40 -113.26353769 -113.05936926 -113.25417618 -113.06873077   -0.04270465
2.2      3.50 -113.25490235 -113.06615298 -113.24524384 -113.07581149   -0.04159027
2.2      3.60 -113.24657183 -113.07270120 -113.23664705 -113.08262597   -0.04033765
2.2      3.70 -113.23860940 -113.07880906 -113.22842298 -113.08899549   -0.03903884
2.2      3.80 -113.23105542 -113.08438834 -113.22064228 -113.09480147   -0.03766737
2.2      3.90 -113.22393312 -113.08941820 -113.21334402 -113.10000730   -0.03622517
2.2      4.00 -113.21725296 -113.09391535 -113.20652914 -113.10463918   -0.03475126
2.2      4.10 -113.21101580 -113.09791621 -113.20020377 -113.10872825   -0.03325563
2.2      4.20 -113.20521525 -113.10146645 -113.19436424 -113.11231746   -0.03174957
2.2      4.40 -113.19487269 -113.10740930 -113.18409658 -113.11818542   -0.02874702
2.2      4.60 -113.18608746 -113.11211342 -113.17560515 -113.12259573   -0.02579806
2.2      4.80 -113.17868576 -113.11588823 -113.16871421 -113.12585977   -0.02295118
2.2      5.00 -113.17248116 -113.11896875 -113.16321529 -113.12823462   -0.02024803
2.2      5.20 -113.16729213 -113.12152184 -113.15888518 -113.12992879   -0.01772319
2.2      5.40 -113.16295391 -113.12366081 -113.15550127 -113.13111346   -0.01540441
2.2      5.60 -113.15932454 -113.12546164 -113.15286723 -113.13191895   -0.01330288
2.2      5.80 -113.15628581 -113.12697689 -113.15080750 -113.13245520   -0.01142591
2.2      6.00 -113.15374096 -113.12824561 -113.14918528 -113.13280129   -0.00976700
2.2      7.00 -113.14609336 -113.13187105 -113.14469515 -113.13326926   -0.00423448
2.2      8.00 -113.14312612 -113.13290569 -113.14282571 -113.13320610   -0.00172628
2.2      9.00 -113.14192266 -113.13308568 -113.14187098 -113.13313736   -0.00067381
2.2     10.00 -113.14135625 -113.13308893 -113.14134867 -113.13309651   -0.00025028
2.2     12.00 -113.14079064 -113.13305908 -113.14079055 -113.13305916   -0.00002566
2.2     14.00 -113.14033535 -113.13304429 -113.14033535 -113.13304429   -0.00000143
2.2     16.00 -113.14022141 -113.13303705 -113.14022141 -113.13303705   -0.00000000
2.2     18.00 -113.14015993 -113.13303312 -113.14015993 -113.13303312    0.00000004
2.2     20.00 -113.14012481 -113.13303081 -113.14012481 -113.13303081    0.00000004

2.3      1.40 -111.41596997 -111.17066676 -111.41595535 -111.17068138    0.00189337
2.3      1.60 -112.31780367 -112.06494251 -112.31773538 -112.06501080   -0.00415498
2.3      1.80 -112.82922004 -112.57030597 -112.82875727 -112.57076874   -0.01093629
2.3      2.00 -113.09987350 -112.83659355 -113.09825282 -112.83821422   -0.02059285
2.3      2.10 -113.17935432 -112.91449277 -113.17699441 -112.91685268   -0.02488937
2.3      2.20 -113.23400966 -112.96794408 -113.23084436 -112.97110938   -0.02884716
2.3      2.30 -113.27033982 -113.00344402 -113.26636952 -113.00741432   -0.03230933
2.3      2.40 -113.29321669 -113.02587613 -113.28837224 -113.03072058   -0.03566017
2.3      2.50 -113.30627805 -113.03891125 -113.30058698 -113.04460232   -0.03859033
2.3      2.60 -113.31223100 -113.04532057 -113.30571596 -113.05183561   -0.04118841
2.3      2.70 -113.31308408 -113.04722412 -113.30576746 -113.05454074   -0.04349327
2.3      2.80 -113.31032450 -113.04629534 -113.30224422 -113.05437562   -0.04547678
2.3      2.90 -113.30505038 -113.04393587 -113.29639825 -113.05258800   -0.04673689
2.3      3.00 -113.29806470 -113.04140757 -113.28895169 -113.05052058   -0.04749602
2.3      3.10 -113.28994597 -113.03985195 -113.28053811 -113.04925982   -0.04758511
2.3      3.20 -113.28114413 -113.04019883 -113.27151461 -113.04982835   -0.04719599
2.3      3.30 -113.27205885 -113.04289860 -113.26221294 -113.05274451   -0.04646880
2.3      3.40 -113.26297947 -113.04750180 -113.25284973 -113.05763154   -0.04560835
2.3      3.50 -113.25407433 -113.05312768 -113.24369934 -113.06350267   -0.04446547
2.3      3.60 -113.24544692 -113.05906615 -113.23480449 -113.06970858   -0.04324678
2.3      3.70 -113.23716524 -113.06488692 -113.22627912 -113.07577304   -0.04191581
2.3      3.80 -113.22927337 -113.07036394 -113.21817634 -113.08146098   -0.04050036
2.3      3.90 -113.22179784 -113.07539534 -113.21052618 -113.08666700   -0.03902753
2.3      4.00 -113.21475202 -113.07995033 -113.20334486 -113.09135749   -0.03751775
2.3      4.10 -113.20813949 -113.08403740 -113.19665062 -113.09552627   -0.03596941
2.3      4.20 -113.20195655 -113.08768584 -113.19043257 -113.09920982   -0.03441005
2.3      4.40 -113.19083906 -113.09382732 -113.17939273 -113.10527365   -0.03129553
2.3      4.60 -113.18128562 -113.09871075 -113.17013356 -113.10986280   -0.02822253
2.3      4.80 -113.17314885 -113.10264266 -113.16250632 -113.11328519   -0.02524086
2.3      5.00 -113.16626857 -113.10586680 -113.15634376 -113.11579160   -0.02238245
2.3      5.20 -113.16048437 -113.10856016 -113.15145255 -113.11759199   -0.01968239
2.3      5.40 -113.15564240 -113.11084100 -113.14762770 -113.11885571   -0.01717075
2.3      5.60 -113.15159915 -113.11278278 -113.14466114 -113.11972079   -0.01487186
2.3      5.80 -113.14822571 -113.11443096 -113.14235830 -113.12029837   -0.01280083
2.3      6.00 -113.14541151 -113.11581749 -113.14055589 -113.12067311   -0.01095994
2.3      7.00 -113.13701775 -113.11974829 -113.13558333 -113.12118272   -0.00476594
2.3      8.00 -113.13374899 -113.12082212 -113.13344954 -113.12112156   -0.00194453
2.3      9.00 -113.13236987 -113.12100171 -113.13231884 -113.12105275   -0.00075995
2.3     10.00 -113.13167978 -113.12100477 -113.13167226 -113.12101230   -0.00028338
2.3     12.00 -113.13096161 -113.12097576 -113.13096153 -113.12097585   -0.00002955
2.3     14.00 -113.13041840 -113.12096166 -113.13041840 -113.12096166   -0.00000169
2.3     16.00 -113.13024395 -113.12095492 -113.13024395 -113.12095492    0.00000000
2.3     18.00 -113.13014104 -113.12095131 -113.13014104 -113.12095131   -0.00000005
2.3     20.00 -113.13007625 -113.12094924 -113.13007625 -113.12094924   -0.00000005

2.4      1.40 -111.31282156 -111.07944541 -111.31282029 -111.07944668   -0.00054322
2.4      1.60 -112.23224384 -111.99127857 -112.23188108 -111.99164133    0.00934236
2.4      1.80 -112.77256394 -112.52522984 -112.77221980 -112.52557397   -0.00921939
2.4      2.00 -113.06435506 -112.81248468 -113.06297144 -112.81386830   -0.01861663
2.4      2.10 -113.15131086 -112.89776303 -113.14916441 -112.89990947   -0.02322971
2.4      2.20 -113.21174402 -112.95687923 -113.20874870 -112.95987455   -0.02746688
2.4      2.30 -113.25246996 -112.99663154 -113.24858500 -113.00051651   -0.03128626
2.4      2.40 -113.27864361 -113.02216838 -113.27384415 -113.02696784   -0.03475497
2.4      2.50 -113.29414187 -113.03737380 -113.28842578 -113.04308990   -0.03788189
2.4      2.60 -113.30186717 -113.04517570 -113.29524749 -113.05179538   -0.04068656
2.4      2.70 -113.30398393 -113.04779015 -113.29640372 -113.05537036   -0.04341132
2.4      2.80 -113.30210202 -113.04691835 -113.29372772 -113.05529265   -0.04546268
2.4      2.90 -113.29741734 -113.04391048 -113.28830498 -113.05302285   -0.04719123
2.4      3.00 -113.29081566 -113.03990751 -113.28110353 -113.04961964   -0.04839967
2.4      3.10 -113.28294429 -113.03595502 -113.27279723 -113.04610208   -0.04902297
2.4      3.20 -113.27426360 -113.03302884 -113.26387605 -113.04341639   -0.04896874
2.4      3.30 -113.26512184 -113.03197270 -113.25466527 -113.04242928   -0.04825559
2.4      3.40 -113.25584481 -113.03332574 -113.24531438 -113.04385618   -0.04724756
2.4      3.50 -113.24668327 -113.03677799 -113.23597623 -113.04748504   -0.04618251
2.4      3.60 -113.23777366 -113.04144939 -113.22686431 -113.05235874   -0.04497506
2.4      3.70 -113.22919096 -113.04658121 -113.21806945 -113.05770272   -0.04367158
2.4      3.80 -113.22098147 -113.05170679 -113.20966579 -113.06302247   -0.04227781
2.4      3.90 -113.21317357 -113.05657783 -113.20169553 -113.06805586   -0.04081257
2.4      4.00 -113.20578250 -113.06107818 -113.19417545 -113.07268523   -0.03930479
2.4      4.10 -113.19881364 -113.06516655 -113.18712583 -113.07685436   -0.03775495
2.4      4.20 -113.19226498 -113.06884299 -113.18053740 -113.08057057   -0.03619261
2.4      4.40 -113.18039466 -113.07505884 -113.16870563 -113.08674787   -0.03308535
2.4      4.60 -113.17007189 -113.07999531 -113.15861292 -113.09145428   -0.03001461
2.4      4.80 -113.16116646 -113.08394441 -113.15012476 -113.09498610   -0.02703227
2.4      5.00 -113.15354055 -113.08715976 -113.14310940 -113.09759091   -0.02415821
2.4      5.20 -113.14706277 -113.08984107 -113.13742396 -113.09947989   -0.02141595
2.4      5.40 -113.14161276 -113.09213303 -113.13292765 -113.10081814   -0.01882301
2.4      5.60 -113.13707538 -113.09412699 -113.12945520 -113.10174717   -0.01640754
2.4      5.80 -113.13333135 -113.09586753 -113.12683231 -113.10236657   -0.01418595
2.4      6.00 -113.13025482 -113.09736842 -113.12485945 -113.10276379   -0.01217884
2.4      7.00 -113.12127836 -113.10169621 -113.11971443 -113.10326015   -0.00530842
2.4      8.00 -113.11775051 -113.10285558 -113.11742859 -113.10317750   -0.00216595
2.4      9.00 -113.11620362 -113.10304790 -113.11614883 -113.10310269   -0.00084721
2.4     10.00 -113.11539321 -113.10305341 -113.11538507 -113.10306156   -0.00031693
2.4     12.00 -113.11453286 -113.10302562 -113.11453276 -113.10302572   -0.00003352
2.4     14.00 -113.11390337 -113.10301220 -113.11390336 -113.10301220   -0.00000195
2.4     16.00 -113.11367060 -113.10300586 -113.11367060 -113.10300586    0.00000000
2.4     18.00 -113.11352771 -113.10300256 -113.11352771 -113.10300256   -0.00000006
2.4     20.00 -113.11343429 -113.10300071 -113.11343429 -113.10300071   -0.00000006

2.5      1.40 -111.22028645 -110.99940737 -111.22028542 -110.99940840    0.00047777
2.5      1.60 -112.14526485 -111.91694365 -112.14501704 -111.91719145    0.00751789
2.5      1.80 -112.71033381 -112.47579393 -112.71019061 -112.47593713   -0.00579355
2.5      2.00 -113.02285796 -112.78392365 -113.02193255 -112.78484905   -0.01484099
2.5      2.10 -113.11743366 -112.87688101 -113.11582006 -112.87849461   -0.01963550
2.5      2.20 -113.18385323 -112.94202531 -113.18144815 -112.94443040   -0.02399651
2.5      2.30 -113.22919391 -112.98640814 -113.22593681 -112.98966524   -0.02793152
2.5      2.40 -113.25886874 -113.01542377 -113.25472091 -113.01957159   -0.03150496
2.5      2.50 -113.27698357 -113.03316954 -113.27192784 -113.03822528   -0.03474332
2.5      2.60 -113.28663350 -113.04274367 -113.28067142 -113.04870576   -0.03766357
2.5      2.70 -113.29013982 -113.04648650 -113.28320495 -113.05342137   -0.04051681
2.5      2.80 -113.28923690 -113.04617336 -113.28147213 -113.05393813   -0.04274390
2.5      2.90 -113.28521831 -113.04317170 -113.27666434 -113.05172567   -0.04469104
2.5      3.00 -113.27904812 -113.03857182 -113.26979908 -113.04782085   -0.04624530
2.5      3.10 -113.27144141 -113.03329787 -113.26163327 -113.04310601   -0.04732383
2.5      3.20 -113.26291991 -113.02820220 -113.25271639 -113.03840572   -0.04786267
2.5      3.30 -113.25385078 -113.02409614 -113.24356785 -113.03437907   -0.04750593
2.5      3.40 -113.24450369 -113.02172197 -113.23421787 -113.03200779   -0.04675142
2.5      3.50 -113.23513292 -113.02167970 -113.22481522 -113.03199741   -0.04578091
2.5      3.60 -113.22595378 -113.02387036 -113.21549028 -113.03433386   -0.04477739
2.5      3.70 -113.21708240 -113.02749221 -113.20644445 -113.03813016   -0.04363124
2.5      3.80 -113.20857299 -113.03175222 -113.19775217 -113.04257303   -0.04238225
2.5      3.90 -113.20045444 -113.03613918 -113.18947482 -113.04711880   -0.04103128
2.5      4.00 -113.19274211 -113.04037345 -113.18163035 -113.05148521   -0.03961834
2.5      4.10 -113.18544182 -113.04431778 -113.17424355 -113.05551605   -0.03814372
2.5      4.20 -113.17855212 -113.04791590 -113.16730615 -113.05916187   -0.03664231
2.5      4.40 -113.16597268 -113.05405170 -113.15472877 -113.06529561   -0.03364527
2.5      4.60 -113.15490607 -113.05891159 -113.14380331 -113.07001435   -0.03070068
2.5      4.80 -113.14522098 -113.06273748 -113.13438677 -113.07357168   -0.02786150
2.5      5.00 -113.13677580 -113.06576882 -113.12633984 -113.07620478   -0.02514193
2.5      5.20 -113.12943588 -113.06821055 -113.11951417 -113.07813225   -0.02256146
2.5      5.40 -113.12308469 -113.07022819 -113.11379829 -113.07951459   -0.02011491
2.5      5.60 -113.11762877 -113.07195107 -113.10907772 -113.08050213   -0.01781774
2.5      5.80 -113.11300287 -113.07347784 -113.10529397 -113.08118675   -0.01566102
2.5      6.00 -113.10917302 -113.07488095 -113.10240671 -113.08164727   -0.01364727
2.5      7.00 -113.10038185 -113.08010680 -113.09845551 -113.08203315   -0.00594524
2.5      8.00 -113.09737483 -113.08144073 -113.09700575 -113.08180981   -0.00239682
2.5      9.00 -113.09581153 -113.08164012 -113.09574940 -113.08170225   -0.00093627
2.5     10.00 -113.09491106 -113.08164575 -113.09490176 -113.08165504   -0.00035101
2.5     12.00 -113.09391238 -113.08161866 -113.09391227 -113.08161877   -0.00003757
2.5     14.00 -113.09328848 -113.08160581 -113.09328848 -113.08160581   -0.00000222
2.5     16.00 -113.09292190 -113.08159986 -113.09292190 -113.08159986    0.00000000
2.5     18.00 -113.09274093 -113.08159682 -113.09274093 -113.08159682   -0.00000007
2.5     20.00 -113.09262024 -113.08159516 -113.09262024 -113.08159516   -0.00000007

2.6      1.40 -111.14307592 -110.93534385 -111.14285951 -110.93556027    0.00670139
2.6      1.60 -112.05965235 -111.84510663 -112.05945838 -111.84530061    0.00644819
2.6      1.80 -112.64484173 -112.42472972 -112.64479825 -112.42477319   -0.00309318
2.6      2.00 -112.97729703 -112.75344783 -112.97677023 -112.75397463   -0.01084657
2.6      2.10 -113.07954124 -112.85439995 -113.07848536 -112.85545582   -0.01538200
2.6      2.20 -113.15210263 -112.92598356 -113.15037707 -112.92770912   -0.01967749
2.6      2.30 -113.20224920 -112.97543673 -113.19977039 -112.97791554   -0.02358136
2.6      2.40 -113.23561637 -113.00836181 -113.23234358 -113.01163460   -0.02707481
2.6      2.50 -113.25652287 -113.02905675 -113.25242458 -113.03315505   -0.03025602
2.6      2.60 -113.26824974 -113.04078565 -113.26332061 -113.04571478   -0.03311952
2.6      2.70 -113.27327431 -113.04602344 -113.26752091 -113.05177684   -0.03569823
2.6      2.80 -113.27345763 -113.04664669 -113.26690494 -113.05319938   -0.03799057
2.6      2.90 -113.27019195 -113.04407402 -113.26286213 -113.05140384   -0.04004595
2.6      3.00 -113.26451956 -113.03940979 -113.25649051 -113.04743883   -0.04174866
2.6      3.10 -113.25704153 -113.03278448 -113.24837981 -113.04144620   -0.04321373
2.6      3.20 -113.24886549 -113.02719101 -113.23972455 -113.03633194   -0.04407669
2.6      3.30 -113.23988021 -113.02107004 -113.23042476 -113.03052550   -0.04449207
2.6      3.40 -113.23055629 -113.01583354 -113.22107767 -113.02531216   -0.04410705
2.6      3.50 -113.22110701 -113.01212554 -113.21166041 -113.02157214   -0.04341574
2.6      3.60 -113.21172644 -113.01056183 -113.20226911 -113.02001916   -0.04257981
2.6      3.70 -113.20258801 -113.01127032 -113.19301811 -113.02084023   -0.04170502
2.6      3.80 -113.19379295 -113.01363283 -113.18406715 -113.02335863   -0.04071376
2.6      3.90 -113.18538285 -113.01686526 -113.17550907 -113.02673904   -0.03957795
2.6      4.00 -113.17737402 -113.02040720 -113.16738385 -113.03039736   -0.03831867
2.6      4.10 -113.16977150 -113.02393317 -113.15970396 -113.03400071   -0.03697131
2.6      4.20 -113.16257342 -113.02727289 -113.15244675 -113.03739955   -0.03560329
2.6      4.40 -113.14935714 -113.03312634 -113.13923727 -113.04324621   -0.03276933
2.6      4.60 -113.13762380 -113.03781443 -113.12761977 -113.04781847   -0.02997359
2.6      4.80 -113.12723351 -113.04146759 -113.11743267 -113.05126842   -0.02728592
2.6      5.00 -113.11802868 -113.04427749 -113.10847631 -113.05382986   -0.02476390
2.6      5.20 -113.10984723 -113.04642558 -113.10057360 -113.05569921   -0.02240867
2.6      5.40 -113.10253256 -113.04806053 -113.09357545 -113.05701763   -0.02019114
2.6      5.60 -113.09593640 -113.04929173 -113.08723454 -113.05799359   -0.01817066
2.6      5.80 -113.08992316 -113.05018441 -113.08140738 -113.05870018   -0.01630607
2.6      6.00 -113.08437125 -113.05075455 -113.07590390 -113.05922191   -0.01459275
2.6      7.00 -113.06498850 -113.04678630 -113.06042501 -113.05134979   -0.00788924
2.6      8.00 -113.06644088 -113.05795248 -113.06517240 -113.05922096   -0.00302628
2.6      9.00 -113.06060612 -113.03465813 -113.06053711 -113.03472714   -0.00133637
2.6     10.00 -113.07148067 -113.05857678 -113.07146891 -113.05858854   -0.00038931
2.6     12.00 -113.07128291 -113.05320661 -113.07128286 -113.05320666   -0.00003087
2.6     14.00 -113.07062463 -113.05325408 -113.07062463 -113.05325408   -0.00000252
2.6     16.00 -113.07036329 -113.05328760 -113.07036329 -113.05328760   -0.00000092
2.6     18.00 -113.07015351 -113.05331174 -113.07015351 -113.05331174   -0.00000013
2.6     20.00 -113.06996935 -113.05332958 -113.06996935 -113.05332958   -0.00000283

2.7      1.40 -111.08516852 -110.89110722 -111.08382284 -110.89245289   -0.01610379
2.7      1.60 -111.97841824 -111.77857565 -111.95895251 -111.79804139   -0.05925511
2.7      1.80 -112.57777696 -112.37339404 -112.54565591 -112.40551508   -0.07438569
2.7      2.00 -112.92914405 -112.72249958 -112.87971444 -112.77192919   -0.08815367
2.7      2.10 -113.03897732 -112.83172205 -112.98499859 -112.88570078   -0.09095973
2.7      2.20 -113.11775294 -112.91015191 -113.05901428 -112.96889057   -0.09350923
2.7      2.30 -113.17284029 -112.96511673 -113.10938047 -113.02857655   -0.09568151
2.7      2.40 -113.21005336 -113.00237816 -113.14220792 -113.07022360   -0.09740026
2.7      2.50 -113.23390151 -113.02641331 -113.16224402 -113.09807079   -0.09865743
2.7      2.60 -113.24784352 -113.04066119 -113.17264151 -113.11586321   -0.09962522
2.7      2.70 -113.25450985 -113.04772325 -113.17580352 -113.12642958   -0.10040283
2.7      2.80 -113.25588777 -113.04960820 -113.17438060 -113.13111537   -0.10084565
2.7      2.90 -113.25347197 -113.04779066 -113.16965086 -113.13161177   -0.10106660
2.7      3.00 -113.24838369 -113.04341669 -113.16262045 -113.12917994   -0.10111034
2.7      3.10 -113.24146307 -113.03735678 -113.15426995 -113.12454991   -0.10096546
2.7      3.20 -113.23333654 -113.03030389 -113.14523227 -113.11840816   -0.10062644
2.7      3.30 -113.22446568 -113.02287834 -113.13612667 -113.11121735   -0.10002122
2.7      3.40 -113.21518193 -113.01564935 -113.12733460 -113.10349668   -0.09905176
2.7      3.50 -113.20571769 -113.00921119 -113.11933600 -113.09559288   -0.09753342
2.7      3.60 -113.19624507 -113.00414746 -113.11226695 -113.08812559   -0.09528731
2.7      3.70 -113.18691900 -113.00103599 -113.10643255 -113.08152245   -0.09210317
2.7      3.80 -113.17787418 -113.00014558 -113.10167099 -113.07634877   -0.08795772
2.7      3.90 -113.16919407 -113.00108527 -113.09760592 -113.07267342   -0.08312481
2.7      4.00 -113.16091180 -113.00314816 -113.09383712 -113.07022283   -0.07799316
2.7      4.10 -113.15303556 -113.00574405 -113.09028656 -113.06849305   -0.07283514
2.7      4.20 -113.14556303 -113.00849741 -113.08690043 -113.06716001   -0.06781833
2.7      4.40 -113.13179386 -113.01372995 -113.08060707 -113.06491673   -0.05850833
2.7      4.60 -113.11949968 -113.01813317 -113.07483825 -113.06279460   -0.05032425
2.7      4.80 -113.10853708 -113.02162063 -113.06967925 -113.06047845   -0.04321404
2.7      5.00 -113.09874208 -113.02429571 -113.06489736 -113.05814043   -0.03706955
2.7      5.20 -113.08994621 -113.02630375 -113.06049750 -113.05575246   -0.03173266
2.7      5.40 -113.08198948 -113.02778315 -113.05639090 -113.05338173   -0.02706137
2.7      5.60 -113.07473492 -113.02884836 -113.05249159 -113.05109169   -0.02293260
2.7      5.80 -113.06808607 -113.02958339 -113.04893623 -113.04873323   -0.01925107
2.7      6.00 -113.06200740 -113.03004200 -113.04693809 -113.04511131   -0.01595658
2.7      7.00 -113.04256323 -113.02879297 -113.04014680 -113.03120941   -0.00523792
2.7      8.00 -113.03760586 -113.02497491 -113.03753777 -113.02504300   -0.00092487
2.7      9.00 -113.03696793 -113.02385908 -113.03696583 -113.02386118   -0.00016600
2.7     10.00 -113.03683885 -113.02364518 -113.03683865 -113.02364538   -0.00005105
2.7     12.00 -113.03036346 -113.02213684 -113.03036343 -113.02213687   -0.00001493
2.7     14.00 -113.03040465 -113.02211627 -113.03040462 -113.02211629   -0.00001391
2.7     16.00 -113.03043472 -113.02211125 -113.03043470 -113.02211127   -0.00001327
2.7     18.00 -113.03045641 -113.02210895 -113.03045639 -113.02210897   -0.00001298
2.7     20.00 -113.03047240 -113.02210783 -113.03047238 -113.02210785   -0.00001300

2.8      1.40 -111.04880247 -110.86851508 -111.04802361 -110.86929394   -0.01182421
2.8      1.60 -111.90422902 -111.71951332 -111.89144101 -111.73230133   -0.04688938
2.8      1.80 -112.51153768 -112.32367535 -112.48291778 -112.35229524   -0.06750927
2.8      2.00 -112.87910374 -112.68957746 -112.82705737 -112.74162382   -0.08458918
2.8      2.10 -112.99642299 -112.80707787 -112.94039506 -112.86310580   -0.08642619
2.8      2.20 -113.08143418 -112.89251395 -113.02129165 -112.95265648   -0.08800578
2.8      2.30 -113.14167102 -112.95328534 -113.07702707 -113.01792928   -0.08943799
2.8      2.40 -113.18287313 -112.99462010 -113.11478284 -113.06271039   -0.09045395
2.8      2.50 -113.20988694 -113.02340680 -113.13708736 -113.09620639   -0.09097196
2.8      2.60 -113.22618115 -113.04021713 -113.15031547 -113.11608282   -0.09139303
2.8      2.70 -113.23461025 -113.04921657 -113.15565193 -113.12817489   -0.09167310
2.8      2.80 -113.23728752 -113.05249790 -113.15587289 -113.13391252   -0.09174005
2.8      2.90 -113.23580821 -113.05166744 -113.15224105 -113.13523459   -0.09167688
2.8      3.00 -113.23137538 -113.04793693 -113.14600891 -113.13330340   -0.09149895
2.8      3.10 -113.22489687 -113.04221066 -113.13801282 -113.12909470   -0.09123420
2.8      3.20 -113.21705277 -113.03519676 -113.12902152 -113.12322801   -0.09088185
2.8      3.30 -113.20835315 -113.02742258 -113.11963759 -113.11613815   -0.09044836
2.8      3.40 -113.19917067 -113.01930526 -113.11026185 -113.10821409   -0.08992688
2.8      3.50 -113.18976090 -113.01119842 -113.10142325 -113.09953607   -0.08927625
2.8      3.60 -113.18028140 -113.00363245 -113.09327084 -113.09064301   -0.08831470
2.8      3.70 -113.17086127 -112.99729688 -113.08577336 -113.08238479   -0.08676565
2.8      3.80 -113.16163931 -112.99277746 -113.07933967 -113.07507710   -0.08440402
2.8      3.90 -113.15272940 -112.99037969 -113.07415380 -113.06895529   -0.08113323
2.8      4.00 -113.14419864 -112.98990057 -113.06989045 -113.06420875   -0.07709671
2.8      4.10 -113.13607252 -112.99075992 -113.06627152 -113.06056092   -0.07260017
2.8      4.20 -113.12835358 -112.99237677 -113.06305155 -113.05767880   -0.06793532
2.8      4.40 -113.11410296 -112.99639116 -113.05733034 -113.05316378   -0.05881902
2.8      4.60 -113.10134176 -113.00026790 -113.05225556 -113.04935410   -0.05051610
2.8      4.80 -113.08992766 -113.00351896 -113.04767431 -113.04577231   -0.04319388
2.8      5.00 -113.07969813 -113.00608286 -113.04340366 -113.04237732   -0.03680405
2.8      5.20 -113.07048932 -113.00803465 -113.03948256 -113.03904141   -0.03122655
2.8      5.40 -113.06215062 -113.00948508 -113.03584848 -113.03578721   -0.02633275
2.8      5.60 -113.05456396 -113.01054349 -113.03265739 -113.03245007   -0.02200999
2.8      5.80 -113.04765662 -113.01130441 -113.02969222 -113.02926881   -0.01817487
2.8      6.00 -113.04140996 -113.01184249 -113.02693673 -113.02631572   -0.01478047
2.8      7.00 -113.02076498 -113.01274653 -113.01746760 -113.01604391   -0.00394552
2.8      8.00 -113.01459940 -113.01246074 -113.01433815 -113.01272198   -0.00070033
2.8      9.00 -113.01368949 -113.01204932 -113.01368141 -113.01205740   -0.00011487
2.8     10.00 -113.01354301 -113.01191759 -113.01354262 -113.01191798   -0.00002508
2.8     12.00 -113.01046295 -113.00768004 -113.01046295 -113.00768005   -0.00000227
2.8     14.00 -113.01044994 -113.00771652 -113.01044993 -113.00771652   -0.00000316
2.8     16.00 -113.01044430 -113.00774174 -113.01044429 -113.00774175   -0.00000485
2.8     18.00 -113.01044159 -113.00776096 -113.01044158 -113.00776097   -0.00000563
2.8     20.00 -113.01044019 -113.00777529 -113.01044018 -113.00777531   -0.00000608

2.9      1.40 -111.03555099 -110.86897227 -111.03469484 -110.86982842   -0.01191151
2.9      1.60 -111.83939671 -111.66967395 -111.82549660 -111.68357406   -0.04653978
2.9      1.80 -112.44725923 -112.27596490 -112.41597720 -112.30724693   -0.06618058
2.9      2.00 -112.82901237 -112.65779467 -112.78098882 -112.70581821   -0.07691697
2.9      2.10 -112.95327383 -112.78258643 -112.90204840 -112.83381186   -0.07822717
2.9      2.20 -113.04438995 -112.87514656 -112.98934723 -112.93018928   -0.07928376
2.9      2.30 -113.10954802 -112.94149367 -113.05061266 -113.00042903   -0.08019331
2.9      2.40 -113.15499356 -112.98663204 -113.09319473 -113.04843087   -0.08115078
2.9      2.50 -113.18513908 -113.01788451 -113.12008599 -113.08293760   -0.08153847
2.9      2.60 -113.20401319 -113.03832113 -113.13555453 -113.10677979   -0.08158718
2.9      2.70 -113.21433027 -113.04930939 -113.14341834 -113.12022132   -0.08169117
2.9      2.80 -113.21832462 -113.05371712 -113.14507822 -113.12696352   -0.08180386
2.9      2.90 -113.21796011 -113.05428679 -113.14258425 -113.12966266   -0.08158123
2.9      3.00 -113.21425646 -113.05126595 -113.13684166 -113.12868075   -0.08139304
2.9      3.10 -113.20827389 -113.04598229 -113.12949010 -113.12476608   -0.08111142
2.9      3.20 -113.20074640 -113.03917923 -113.12105032 -113.11887530   -0.08077626
2.9      3.30 -113.19222562 -113.03142965 -113.11211220 -113.11154308   -0.08039748
2.9      3.40 -113.18312502 -113.02316555 -113.10455684 -113.10173373   -0.07996727
2.9      3.50 -113.17374831 -113.01471172 -113.09660100 -113.09185902   -0.07948294
2.9      3.60 -113.16430653 -113.00629806 -113.08799738 -113.08260721   -0.07895825
2.9      3.70 -113.15491382 -112.99811381 -113.07906039 -113.07396724   -0.07835863
2.9      3.80 -113.14562411 -112.99079309 -113.07046106 -113.06595613   -0.07738273
2.9      3.90 -113.13655153 -112.98511350 -113.06279459 -113.05887044   -0.07569359
2.9      4.00 -113.12780908 -112.98142939 -113.05630564 -113.05293283   -0.07317041
2.9      4.10 -113.11945546 -112.97966420 -113.05095925 -113.04816041   -0.06988162
2.9      4.20 -113.11150988 -112.97938063 -113.04661263 -113.04427788   -0.06605431
2.9      4.40 -113.09682743 -112.98123364 -113.03995452 -113.03810655   -0.05778951
2.9      4.60 -113.08366695 -112.98414335 -113.03470102 -113.03310928   -0.04975543
2.9      4.80 -113.07188779 -112.98695101 -113.02998642 -113.02885239   -0.04246460
2.9      5.00 -113.06133415 -112.98930413 -113.02567870 -113.02495958   -0.03601322
2.9      5.20 -113.05184986 -112.99114768 -113.02156724 -113.02143030   -0.03035101
2.9      5.40 -113.04329575 -112.99252961 -113.01820995 -113.01761542   -0.02538133
2.9      5.60 -113.03556988 -112.99352583 -113.01525744 -113.01383827   -0.02101004
2.9      5.80 -113.02986986 -112.99388360 -113.01205714 -113.01169632   -0.01799222
2.9      6.00 -113.02369417 -112.99441256 -113.00986220 -113.00824453   -0.01461845
2.9      7.00 -113.00390421 -112.99414900 -113.00243089 -112.99562231   -0.00349311
2.9      8.00 -113.00017861 -112.99201572 -113.00013431 -112.99206002   -0.00059967
2.9      9.00 -112.99966357 -112.99133855 -112.99966257 -112.99133955   -0.00009127
2.9     10.00 -112.99955185 -112.99119058 -112.99955183 -112.99119061   -0.00001469
2.9     12.00 -112.99949259 -112.99112678 -112.99949259 -112.99112678   -0.00000116
2.9     14.00 -112.99947283 -112.99110775 -112.99947283 -112.99110775   -0.00000029
2.9     16.00 -112.99946349 -112.99109883 -112.99946349 -112.99109883    0.00000000
2.9     18.00 -112.99945855 -112.99109411 -112.99945855 -112.99109411    0.00000013
2.9     20.00 -112.99945574 -112.99109141 -112.99945574 -112.99109141    0.00000020

3.0      1.40 -111.04557378 -110.89243698 -111.04528026 -110.89273049   -0.00669792
3.0      1.60 -111.78541253 -111.63003930 -111.77298032 -111.64247151   -0.04215534
3.0      1.80 -112.38604104 -112.22990674 -112.35661479 -112.25933299   -0.06106180
3.0      2.00 -112.77922218 -112.62528354 -112.73742111 -112.66708462   -0.06846511
3.0      2.10 -112.90996177 -112.75713356 -112.86567533 -112.80142000   -0.06933202
3.0      2.20 -113.00691912 -112.85613214 -112.95929489 -112.90375636   -0.07009313
3.0      2.30 -113.07708563 -112.92765986 -113.02622160 -112.97852389   -0.07080429
3.0      2.40 -113.12646938 -112.97805292 -113.07263434 -113.03188795   -0.07135681
3.0      2.50 -113.16027899 -113.01131498 -113.10413706 -113.06745690   -0.07218871
3.0      2.60 -113.18162960 -113.03380842 -113.12296799 -113.09247004   -0.07232042
3.0      2.70 -113.19411746 -113.04803873 -113.13297154 -113.10918465   -0.07206452
3.0      2.80 -113.19970946 -113.05434894 -113.13640453 -113.11765387   -0.07207304
3.0      2.90 -113.20016256 -113.05552401 -113.13466039 -113.12102617   -0.07199725
3.0      3.00 -113.19747474 -113.05346687 -113.13071269 -113.12022892   -0.07181288
3.0      3.10 -113.19205429 -113.04869512 -113.12395403 -113.11679537   -0.07159016
3.0      3.20 -113.18489788 -113.04218093 -113.11565559 -113.11142323   -0.07132709
3.0      3.30 -113.17659991 -113.03453337 -113.10635899 -113.10477429   -0.07102885
3.0      3.40 -113.16760792 -113.02621540 -113.09724542 -113.09657790   -0.07069547
3.0      3.50 -113.15825485 -113.01758091 -113.08924982 -113.08658594   -0.07032436
3.0      3.60 -113.14878469 -113.00889419 -113.08096334 -113.07671554   -0.06991300
3.0      3.70 -113.13936862 -113.00033571 -113.07247889 -113.06722544   -0.06946681
3.0      3.80 -113.13010351 -112.99198725 -113.06396842 -113.05812234   -0.06899624
3.0      3.90 -113.12100222 -112.98412165 -113.05538518 -113.04973869   -0.06838203
3.0      4.00 -113.11212163 -112.97758870 -113.04763915 -113.04207118   -0.06720883
3.0      4.10 -113.10357487 -112.97288475 -113.04091453 -113.03554509   -0.06528989
3.0      4.20 -113.09542139 -112.97002597 -113.03469717 -113.03075018   -0.06266664
3.0      4.40 -113.08033893 -112.96848775 -113.02594112 -113.02288556   -0.05590472
3.0      4.60 -113.06682289 -112.96975303 -113.01931040 -113.01726553   -0.04852416
3.0      4.80 -113.05473846 -112.97177044 -113.01371542 -113.01279348   -0.04148145
3.0      5.00 -113.04393640 -112.97371619 -113.00895849 -113.00869409   -0.03510986
3.0      5.20 -113.03427147 -112.97531802 -113.00563017 -113.00395932   -0.02946488
3.0      5.40 -113.02562001 -112.97651405 -113.00265057 -112.99948349   -0.02450186
3.0      5.60 -113.01894754 -112.97682612 -112.99857400 -112.99719966   -0.02104949
3.0      5.80 -113.01108587 -112.97775296 -112.99766807 -112.99117075   -0.01634677
3.0      6.00 -113.00519777 -112.97784737 -112.99560642 -112.98743872   -0.01305118
3.0      7.00 -112.98999492 -112.97424776 -112.98931420 -112.97492849   -0.00320252
3.0      8.00 -112.98753862 -112.97107714 -112.98752112 -112.97109464   -0.00053643
3.0      9.00 -112.98714008 -112.97033198 -112.98713968 -112.97033238   -0.00008255
3.0     10.00 -112.98704203 -112.97017674 -112.98704202 -112.97017675   -0.00001339
3.0     12.00 -112.98698497 -112.97011129 -112.98698497 -112.97011129   -0.00000100
3.0     14.00 -112.98696538 -112.97009208 -112.98696538 -112.97009208   -0.00000016
3.0     16.00 -112.98695613 -112.97008310 -112.98695613 -112.97008310    0.00000013
3.0     18.00 -112.98695124 -112.97007836 -112.98695124 -112.97007836    0.00000026
3.0     20.00 -112.98694844 -112.97007565 -112.98694844 -112.97007565    0.00000032

3.1      1.40 -111.07507148 -110.93600955 -111.07503991 -110.93604113    0.00209516
3.1      1.60 -111.74318867 -111.60137552 -111.72978836 -111.61477582   -0.04148218
3.1      1.80 -112.32918784 -112.18728871 -112.28672828 -112.22974827   -0.06497815
3.1      2.00 -112.73033796 -112.59324152 -112.70251350 -112.62106598   -0.05514013
3.1      2.10 -112.86656868 -112.73189340 -112.83451328 -112.76394880   -0.05735435
3.1      2.20 -112.96905451 -112.83560827 -112.93322622 -112.87143657   -0.05913953
3.1      2.30 -113.04422032 -112.91179877 -113.00514789 -112.95087121   -0.06039352
3.1      2.40 -113.09781585 -112.96638857 -113.05555523 -113.00864919   -0.06138597
3.1      2.50 -113.13574192 -113.00524118 -113.09204590 -113.04893721   -0.06158751
3.1      2.60 -113.15983941 -113.03022309 -113.11389241 -113.07617009   -0.06200286
3.1      2.70 -113.17426333 -113.04546193 -113.12631162 -113.09341363   -0.06226460
3.1      2.80 -113.18146200 -113.05341335 -113.13150077 -113.10337458   -0.06246074
3.1      2.90 -113.18332793 -113.05597682 -113.13167459 -113.10763016   -0.06253033
3.1      3.00 -113.18131132 -113.05460946 -113.12823302 -113.10768776   -0.06251251
3.1      3.10 -113.17611500 -113.04961820 -113.12127387 -113.10445933   -0.06268714
3.1      3.20 -113.16978724 -113.04427536 -113.11419537 -113.09986723   -0.06234568
3.1      3.30 -113.16080923 -113.02917166 -113.10228855 -113.08769234   -0.06541292
3.1      3.40 -113.15291467 -113.02852052 -113.09539858 -113.08603661   -0.06202068
3.1      3.50 -113.14361604 -113.01979002 -113.08532245 -113.07808361   -0.06180713
3.1      3.60 -113.13413084 -113.01090166 -113.07518286 -113.06984964   -0.06155686
3.1      3.70 -113.12465319 -113.00206860 -113.06517619 -113.06154560   -0.06126541
3.1      3.80 -113.11531855 -112.99343726 -113.05538942 -113.05336639   -0.06093225
3.1      3.90 -113.10620604 -112.98507257 -113.04612183 -113.04515678   -0.06056481
3.1      4.00 -113.09732102 -112.97703819 -113.03718698 -113.03717223   -0.06014142
3.1      4.10 -113.08866726 -112.96997438 -113.02973623 -113.02890542   -0.05934499
3.1      4.20 -113.08034175 -112.96452170 -113.02314035 -113.02172310   -0.05790569
3.1      4.40 -113.06488748 -112.95858372 -113.01237223 -113.01109897   -0.05314806
3.1      4.60 -113.05104263 -112.95730933 -113.00435605 -113.00399591   -0.04686630
3.1      4.80 -113.03869186 -112.95804134 -112.99888302 -112.99785017   -0.04032195
3.1      5.00 -113.02769360 -112.95930404 -112.99481590 -112.99218174   -0.03416941
3.1      5.20 -113.01791520 -112.96048663 -112.99145362 -112.98694822   -0.02862578
3.1      5.40 -113.00925191 -112.96135769 -112.98856602 -112.98204358   -0.02372401
3.1      5.60 -113.00164509 -112.96183223 -112.98607194 -112.97740538   -0.01942906
3.1      5.80 -112.99509115 -112.96187590 -112.98392082 -112.97304624   -0.01569233
3.1      6.00 -112.98962785 -112.96147332 -112.98207281 -112.96902836   -0.01247518
3.1      7.00 -112.97709216 -112.95527508 -112.97666652 -112.95570072   -0.00301744
3.1      8.00 -112.97517380 -112.95169497 -112.97516295 -112.95170582   -0.00050464
3.1      9.00 -112.97483167 -112.95092002 -112.97483143 -112.95092026   -0.00007566
3.1     10.00 -112.97474087 -112.95076070 -112.97474086 -112.95076071   -0.00001242
3.1     12.00 -112.97468502 -112.95069412 -112.97468502 -112.95069412   -0.00000105
3.1     14.00 -112.97466556 -112.95067474 -112.97466556 -112.95067474   -0.00000022
3.1     16.00 -112.97465638 -112.95066571 -112.97465638 -112.95066571    0.00000006
3.1     18.00 -112.97465152 -112.95066095 -112.97465152 -112.95066095    0.00000018
3.1     20.00 -112.97464875 -112.95065823 -112.97464875 -112.95065823    0.00000024

3.2      1.40 -111.12678098 -111.00099072 -111.12657237 -111.00119933    0.00511835
3.2      1.60 -111.71568848 -111.58667704 -111.70561876 -111.59674676   -0.03460795
3.2      1.80 -112.27857281 -112.15006726 -112.24721197 -112.18142810   -0.05519547
3.2      2.00 -112.68337932 -112.55866098 -112.66015426 -112.58188605   -0.04855088
3.2      2.10 -112.82454634 -112.70471909 -112.79800452 -112.73126092   -0.04975908
3.2      2.20 -112.93207303 -112.81366432 -112.90208380 -112.84365355   -0.05149401
3.2      2.30 -113.01202485 -112.89483218 -112.97916416 -112.92769287   -0.05264225
3.2      2.40 -113.06976289 -112.95361566 -113.03421307 -112.98916547   -0.05352778
3.2      2.50 -113.11025107 -112.99530484 -113.07272614 -113.03282977   -0.05390017
3.2      2.60 -113.13783055 -113.02225340 -113.09870328 -113.06138067   -0.05469255
3.2      2.70 -113.15495878 -113.04167598 -113.11466056 -113.08197421   -0.05423236
3.2      2.80 -113.16385542 -113.05135263 -113.12185639 -113.09335167   -0.05441589
3.2      2.90 -113.16700773 -113.05520941 -113.12365004 -113.09856710   -0.05447410
3.2      3.00 -113.16594549 -113.05478506 -113.12127416 -113.09945638   -0.05449914
3.2      3.10 -113.16184133 -113.05126166 -113.11602438 -113.09707861   -0.05447229
3.2      3.20 -113.15559110 -113.04554497 -113.10878141 -113.09235466   -0.05440660
3.2      3.30 -113.14673525 -113.03072910 -113.09652204 -113.08094230   -0.05747760
3.2      3.40 -113.13921946 -113.03014323 -113.09075111 -113.07861159   -0.05419930
3.2      3.50 -113.13000778 -113.02139248 -113.08085998 -113.07054028   -0.05406198
3.2      3.60 -113.12053411 -113.01238257 -113.07081061 -113.06210607   -0.05390034
3.2      3.70 -113.11101217 -113.00334410 -113.06080934 -113.05354692   -0.05371143
3.2      3.80 -113.10159534 -112.99444799 -113.05109316 -113.04495017   -0.05348555
3.2      3.90 -113.09238962 -112.98581026 -113.04161635 -113.03658352   -0.05323023
3.2      4.00 -113.08345653 -112.97748606 -113.03248537 -113.02845722   -0.05294694
3.2      4.10 -113.07480045 -112.96948316 -113.02370155 -113.02058206   -0.05263554
3.2      4.20 -113.06639831 -112.96217918 -113.01533386 -113.01324363   -0.05209908
3.2      4.40 -113.05062674 -112.95183990 -113.00182969 -113.00063694   -0.04938982
3.2      4.60 -113.03647062 -112.94716914 -112.99269857 -112.99094119   -0.04464209
3.2      4.80 -113.02387669 -112.94597788 -112.98662847 -112.98322610   -0.03891223
3.2      5.00 -113.01271637 -112.94619962 -112.98213349 -112.97678250   -0.03315059
3.2      5.20 -113.00286994 -112.94675303 -112.97860736 -112.97101561   -0.02780051
3.2      5.40 -112.99425065 -112.94715799 -112.97570141 -112.96570723   -0.02300997
3.2      5.60 -112.98681982 -112.94719746 -112.97327153 -112.96074576   -0.01879519
3.2      5.80 -112.98058608 -112.94676652 -112.97122624 -112.95612636   -0.01513073
3.2      6.00 -112.97557274 -112.94583046 -112.96950459 -112.95189861   -0.01198575
3.2      7.00 -112.96492220 -112.93779921 -112.96461846 -112.93810295   -0.00285411
3.2      8.00 -112.96329219 -112.93405114 -112.96328467 -112.93405866   -0.00046889
3.2      9.00 -112.96298248 -112.93326812 -112.96298233 -112.93326827   -0.00006741
3.2     10.00 -112.96289586 -112.93310740 -112.96289585 -112.93310740   -0.00001122
3.2     12.00 -112.96284064 -112.93304015 -112.96284064 -112.93304015   -0.00000124
3.2     14.00 -112.96282127 -112.93302067 -112.96282127 -112.93302067   -0.00000045
3.2     16.00 -112.96281214 -112.93301160 -112.96281214 -112.93301160   -0.00000018
3.2     18.00 -112.96280732 -112.93300683 -112.96280732 -112.93300683   -0.00000007
3.2     20.00 -112.96280456 -112.93300411 -112.96280456 -112.93300411   -0.00000001
