1.6      0.20 -109.63009522 -109.16526251 -109.62377282 -109.17158491    0.05384129
1.6      0.60 -110.94055305 -110.51269729 -110.93017216 -110.52307819    0.06583133
1.6      1.00 -112.15197389 -111.74605775 -112.14361838 -111.75441326    0.05763524
1.6      1.40 -112.65351964 -112.24949684 -112.64804325 -112.25497323    0.04671826
1.6      1.60 -112.75625184 -112.35034083 -112.75282123 -112.35377144    0.03715846
1.6      1.80 -112.80850133 -112.40357137 -112.80796705 -112.40410565   -0.01469905
1.6      2.00 -112.83292653 -112.48791036 -112.83034279 -112.49049410   -0.02974485
1.6      2.10 -112.83854456 -112.52360415 -112.83492668 -112.52722202   -0.03356080
1.6      2.20 -112.84119188 -112.55489573 -112.83645921 -112.55962840   -0.03650407
1.6      2.30 -112.84167105 -112.58219331 -112.83574180 -112.58812257   -0.03877311
1.6      2.40 -112.84060736 -112.60591705 -112.83340113 -112.61312328   -0.04048830
1.6      2.50 -112.83848532 -112.62647062 -112.82993614 -112.63501980   -0.04170688
1.6      2.60 -112.83567753 -112.64422881 -112.82571838 -112.65418796   -0.04251448
1.6      2.70 -112.83246696 -112.65953195 -112.82104892 -112.67094999   -0.04294424
1.6      2.80 -112.82906548 -112.67268563 -112.81614137 -112.68560974   -0.04305854
1.6      2.90 -112.82562836 -112.68396258 -112.81116794 -112.69842300   -0.04288873
1.6      3.00 -112.82226631 -112.69360598 -112.80626433 -112.70960796   -0.04245888
1.6      3.10 -112.81846891 -112.70134304 -112.79957611 -112.72023584   -0.04308013
1.6      3.20 -112.81548489 -112.70838537 -112.79519790 -112.72867236   -0.04196624
1.6      3.30 -112.81324865 -112.71479185 -112.79274164 -112.73529885   -0.03998146
1.6      3.40 -112.81068885 -112.71985438 -112.78880147 -112.74174175   -0.03884676
1.6      3.50 -112.80835628 -112.72416359 -112.78516348 -112.74735640   -0.03761328
1.6      3.60 -112.80623778 -112.72784324 -112.78185050 -112.75223051   -0.03629173
1.6      3.70 -112.80389852 -112.73074230 -112.77772436 -112.75691646   -0.03506731
1.6      3.80 -112.80217682 -112.73350979 -112.77516737 -112.76051924   -0.03354324
1.6      3.90 -112.80060719 -112.73592818 -112.77290547 -112.76362990   -0.03200523
1.6      4.00 -112.79916853 -112.73806348 -112.77092068 -112.76631132   -0.03046548
1.6      4.10 -112.79784161 -112.73996918 -112.76919252 -112.76861826   -0.02893479
1.6      4.20 -112.79660989 -112.74168801 -112.77059755 -112.76770036   -0.02742271
1.6      4.40 -112.79437962 -112.74468999 -112.77373841 -112.76533120   -0.02448662
1.6      4.60 -112.79239842 -112.74724961 -112.77600690 -112.76364113   -0.02171119
1.6      4.80 -112.79062129 -112.74946617 -112.77762361 -112.76246386   -0.01913064
1.6      5.00 -112.78902605 -112.75139304 -112.77875118 -112.76166790   -0.01676607
1.6      5.20 -112.78760320 -112.75306105 -112.77953165 -112.76113260   -0.01461707
1.6      5.40 -112.78634831 -112.75449188 -112.78004935 -112.76079084   -0.01268801
1.6      5.60 -112.78525722 -112.75570505 -112.78038154 -112.76058073   -0.01096880
1.6      5.80 -112.78432348 -112.75672075 -112.78058358 -112.76046065   -0.00944694
1.6      6.00 -112.78353743 -112.75756064 -112.78069616 -112.76040191   -0.00810767
1.6      7.00 -112.78132097 -112.75989945 -112.78069508 -112.76052534   -0.00360774
1.6      8.00 -112.78064778 -112.76069016 -112.78053223 -112.76080570   -0.00151413
1.6      9.00 -112.78044754 -112.76108757 -112.78042850 -112.76110661   -0.00060682
1.6     10.00 -112.78037329 -112.76135545 -112.78037051 -112.76135823   -0.00022991
1.6     12.00 -112.78031625 -112.76162730 -112.78031621 -112.76162734   -0.00002496
1.6     14.00 -112.78029299 -112.76160730 -112.78029299 -112.76160730   -0.00000159
1.6     16.00 -112.78028106 -112.76176524 -112.78028106 -112.76176524    0.00000000
1.6     18.00 -112.78027427 -112.76187430 -112.78027427 -112.76187430   -0.00000006
1.6     20.00 -112.78027009 -112.76195227 -112.78027009 -112.76195227   -0.00000006

1.7      0.20 -110.24069168 -109.80273321 -110.23367004 -109.80975486     0.05500805
1.7      0.60 -111.29726989 -110.89546092 -111.28658263 -110.90614818     0.06465307
1.7      1.00 -112.36422469 -111.98523048 -112.35614583 -111.99330934     0.05474096
1.7      1.40 -112.83292908 -112.45636352 -112.82766943 -112.46162317     0.04419206
1.7      1.60 -112.93145853 -112.55284236 -112.92778621 -112.55651468     0.03710682
1.7      1.80 -112.98274619 -112.60172109 -112.98129065 -112.60317662     0.02350480
1.7      2.00 -113.00502855 -112.64902388 -113.00354189 -112.65051054    -0.02295750
1.7      2.10 -113.01013217 -112.68359252 -113.00773924 -112.68598545    -0.02785065
1.7      2.20 -113.01229425 -112.71422828 -113.00897296 -112.71754956    -0.03128786
1.7      2.30 -113.01227948 -112.74109542 -113.00796964 -112.74540526    -0.03391437
1.7      2.40 -113.01069700 -112.76454135 -113.00533236 -112.76990598    -0.03594100
1.7      2.50 -113.00802367 -112.78493159 -113.00154338 -112.79141188    -0.03746608
1.7      2.60 -113.00462904 -112.80261528 -112.99698269 -112.81026163    -0.03855127
1.7      2.70 -113.00079659 -112.81791404 -112.99194258 -112.82676804    -0.03925366
1.7      2.80 -112.99674102 -112.83111867 -112.98661831 -112.84124137    -0.03967464
1.7      2.90 -112.99262257 -112.84248959 -112.98121240 -112.85389976    -0.03978506
1.7      3.00 -112.98855832 -112.85225908 -112.97585380 -112.86496360    -0.03962590
1.7      3.10 -112.98365146 -112.85972469 -112.96801316 -112.87536299    -0.04115151
1.7      3.20 -112.97994936 -112.86693169 -112.96318908 -112.88369197    -0.04016591
1.7      3.30 -112.97739555 -112.87392209 -112.96088378 -112.89043386    -0.03789316
1.7      3.40 -112.97414004 -112.87914856 -112.95642875 -112.89685985    -0.03699638
1.7      3.50 -112.97113746 -112.88361240 -112.95229567 -112.90245419    -0.03597382
1.7      3.60 -112.96754592 -112.88673284 -112.94666014 -112.90761862    -0.03537836
1.7      3.70 -112.96505390 -112.89005593 -112.94334104 -112.91176879    -0.03401429
1.7      3.80 -112.96356267 -112.89354919 -112.94190958 -112.91520229    -0.03235973
1.7      3.90 -112.96145941 -112.89601814 -112.93910925 -112.91836830    -0.03103374
1.7      4.00 -112.95880826 -112.89764733 -112.93530089 -112.92115470    -0.02975124
1.7      4.10 -112.95706831 -112.89961054 -112.93321389 -112.92346495    -0.02831234
1.7      4.20 -112.95546636 -112.90137507 -112.93139136 -112.92545007    -0.02688201
1.7      4.40 -112.95260959 -112.90444549 -112.92860641 -112.92844868    -0.02408192
1.7      4.60 -112.95012733 -112.90706118 -112.93090293 -112.92628559    -0.02140895
1.7      4.80 -112.94794402 -112.90933698 -112.93254407 -112.92473692    -0.01890471
1.7      5.00 -112.94601208 -112.91133449 -112.93369991 -112.92364666    -0.01659418
1.7      5.20 -112.94430270 -112.91308655 -112.93449818 -112.92289108    -0.01448899
1.7      5.40 -112.94279813 -112.91461297 -112.93503587 -112.92237523    -0.01259078
1.7      5.60 -112.94148587 -112.91592897 -112.93538580 -112.92202904    -0.01089441
1.7      5.80 -112.94035504 -112.91704947 -112.93560345 -112.92180106    -0.00938940
1.7      6.00 -112.93939411 -112.91799072 -112.93572929 -112.92165554    -0.00806280
1.7      7.00 -112.93662156 -112.92066383 -112.93576639 -112.92151900    -0.00359378
1.7      8.00 -112.93577771 -112.92150343 -112.93561623 -112.92166491    -0.00150962
1.7      9.00 -112.93554399 -112.92186134 -112.93551717 -112.92188817    -0.00060527
1.7     10.00 -112.93546529 -112.92208430 -112.93546137 -112.92208823    -0.00022922
1.7     12.00 -112.93540925 -112.92231879 -112.93540920 -112.92231884    -0.00002482
1.7     14.00 -112.93538708 -112.92223748 -112.93538708 -112.92223748    -0.00000158
1.7     16.00 -112.93537581 -112.92237362 -112.93537581 -112.92237362     0.00000000
1.7     18.00 -112.93536946 -112.92246822 -112.93536946 -112.92246822    -0.00000006
1.7     20.00 -112.93536558 -112.92253611 -112.93536558 -112.92253611    -0.00000006

1.8      0.20 -110.72882614 -110.31497669 -110.72860967 -110.31519316    -0.00946244
1.8      0.60 -111.58422731 -111.20588964 -111.58320597 -111.20691099     0.01963085
1.8      1.00 -112.52097474 -112.16648569 -112.51932498 -112.16813545     0.02412676
1.8      1.40 -112.95645102 -112.60499192 -112.95599185 -112.60545109     0.01269522
1.8      1.60 -113.05033812 -112.69689721 -113.05031540 -112.69691993     0.00283359
1.8      1.80 -113.09945641 -112.74321254 -113.09929255 -112.74337639    -0.00763837
1.8      2.00 -113.12126282 -112.76283789 -113.11923868 -112.76486203    -0.02685901
1.8      2.10 -113.12509302 -112.78807615 -113.12040328 -112.79276590    -0.03947823
1.8      2.20 -113.12677774 -112.81784774 -113.12111561 -112.82350987    -0.04143841
1.8      2.30 -113.12631152 -112.84422450 -113.11978207 -112.85075395    -0.04241744
1.8      2.40 -113.12427091 -112.86734983 -113.11688778 -112.87473296    -0.04292285
1.8      2.50 -113.12111965 -112.88753577 -113.11286218 -112.89579324    -0.04313496
1.8      2.60 -113.11722087 -112.90510368 -113.10808145 -112.91424310    -0.04307086
1.8      2.70 -113.11285542 -112.92035581 -113.10281847 -112.93039277    -0.04279450
1.8      2.80 -113.10823804 -112.93356837 -113.09728191 -112.94452449    -0.04235170
1.8      2.90 -113.10353100 -112.94498967 -113.09166841 -112.95685226    -0.04171319
1.8      3.00 -113.09885528 -112.95484178 -113.08607462 -112.96762245    -0.04095416
1.8      3.10 -113.09429944 -112.96332275 -113.08061171 -112.97701048    -0.04006769
1.8      3.20 -113.08992653 -112.97060919 -113.07534233 -112.98519339    -0.03908259
1.8      3.30 -113.08577936 -112.97685892 -113.07031315 -112.99232513    -0.03801819
1.8      3.40 -113.08188458 -112.98221322 -113.06557834 -112.99851946    -0.03686965
1.8      3.50 -113.07825579 -112.98679881 -113.06115596 -113.00389864    -0.03565802
1.8      3.60 -113.07489612 -112.99072930 -113.05706307 -113.00856235    -0.03439380
1.8      3.70 -113.07180042 -112.99410624 -113.05330604 -113.01260063    -0.03308873
1.8      3.80 -113.06895727 -112.99701980 -113.04988857 -113.01608850    -0.03175120
1.8      3.90 -113.06635073 -112.99954912 -113.04680355 -113.01909630    -0.03039228
1.8      4.00 -113.06396205 -113.00176267 -113.04403985 -113.02168487    -0.02902162
1.8      4.10 -113.06177109 -113.00371862 -113.04158355 -113.02390615    -0.02764778
1.8      4.20 -113.05975761 -113.00546535 -113.03941728 -113.02580568    -0.02627914
1.8      4.40 -113.05618707 -113.00848067 -113.03586054 -113.02880720    -0.02359105
1.8      4.60 -113.05311616 -113.01103373 -113.03318652 -113.03096337    -0.02101183
1.8      4.80 -113.05044349 -113.01325657 -113.03248172 -113.03121833    -0.01858273
1.8      5.00 -113.04809867 -113.01522159 -113.03353347 -113.02978680    -0.01633145
1.8      5.20 -113.04603495 -113.01696737 -113.03424352 -113.02875880    -0.01427272
1.8      5.40 -113.04422084 -113.01851522 -113.03470622 -113.02802983    -0.01241173
1.8      5.60 -113.04263365 -113.01987889 -113.03499641 -113.02751613    -0.01074505
1.8      5.80 -113.04125524 -113.02106943 -113.03516728 -113.02715738    -0.00926429
1.8      6.00 -113.04006951 -113.02209760 -113.03525753 -113.02690958    -0.00795773
1.8      7.00 -113.03648178 -113.02523601 -113.03521973 -113.02649806    -0.00354965
1.8      8.00 -113.03531426 -113.02628663 -113.03506062 -113.02654027    -0.00149180
1.8      9.00 -113.03500702 -113.02665343 -113.03496394 -113.02669651    -0.00059835
1.8     10.00 -113.03491742 -113.02684730 -113.03491106 -113.02685367    -0.00022651
1.8     12.00 -113.03486289 -113.02702754 -113.03486282 -113.02702761    -0.00002446
1.8     14.00 -113.03484299 -113.02704206 -113.03484299 -113.02704206    -0.00000155
1.8     16.00 -113.03483323 -113.02715986 -113.03483323 -113.02715986     0.00000000
1.8     18.00 -113.03482790 -113.02724235 -113.03482790 -113.02724235    -0.00000006
1.8     20.00 -113.03482477 -113.02730182 -113.03482477 -113.02730182    -0.00000006

1.9      0.20 -111.12198081 -110.72942408 -111.12173658 -110.72966832    -0.00978867
1.9      0.60 -111.81728701 -111.46007742 -111.81595826 -111.46140617     0.02174576
1.9      1.00 -112.63747493 -112.30492286 -112.63579846 -112.30659932     0.02355211
1.9      1.40 -113.03985470 -112.71109093 -113.03936908 -112.71157655     0.01262614
1.9      1.60 -113.12875992 -112.79823429 -113.12870915 -112.79828507     0.00409626
1.9      1.80 -113.17548566 -112.84222939 -113.17540713 -112.84230792    -0.00511509
1.9      2.00 -113.19623078 -112.85990536 -113.19550314 -112.86063300    -0.01562667
1.9      2.10 -113.20022877 -112.86271620 -113.19848051 -112.86446447    -0.02422819
1.9      2.20 -113.20057025 -112.88162428 -113.19616891 -112.88602562    -0.03720779
1.9      2.30 -113.19968006 -112.90740631 -113.19448312 -112.91260325    -0.03862540
1.9      2.40 -113.19723420 -112.93017263 -113.19131168 -112.93609515    -0.03932686
1.9      2.50 -113.19367115 -112.95011747 -113.18705098 -112.95673764    -0.03960479
1.9      2.60 -113.18934389 -112.96753089 -113.18200796 -112.97486682    -0.03966597
1.9      2.70 -113.18452809 -112.98269681 -113.17647085 -112.99075405    -0.03951308
1.9      2.80 -113.17943622 -112.99587718 -113.17065101 -113.00466238    -0.03918448
1.9      2.90 -113.17423038 -113.00730898 -113.16472801 -113.01681134    -0.03867626
1.9      3.00 -113.16903300 -113.01720453 -113.15878994 -113.02744759    -0.03808239
1.9      3.10 -113.16393544 -113.02575338 -113.15296369 -113.03672513    -0.03735934
1.9      3.20 -113.15900479 -113.03312450 -113.14731258 -113.04481671    -0.03653916
1.9      3.30 -113.15428897 -113.03946869 -113.14188657 -113.05187109    -0.03564024
1.9      3.40 -113.14982064 -113.04492075 -113.13673886 -113.05800253    -0.03465753
1.9      3.50 -113.14562014 -113.04960146 -113.13188939 -113.06333221    -0.03361362
1.9      3.60 -113.14169769 -113.05361920 -113.12736212 -113.06795477    -0.03251379
1.9      3.70 -113.13805525 -113.05707127 -113.12316587 -113.07196066    -0.03137049
1.9      3.80 -113.13468803 -113.06004471 -113.11930780 -113.07542494    -0.03019072
1.9      3.90 -113.13158585 -113.06261692 -113.11579295 -113.07840982    -0.02897936
1.9      4.00 -113.12873446 -113.06485605 -113.11260678 -113.08098373    -0.02775083
1.9      4.10 -113.12611679 -113.06682124 -113.10974463 -113.08319341    -0.02650941
1.9      4.20 -113.12371409 -113.06856299 -113.10719058 -113.08508650    -0.02526388
1.9      4.40 -113.11947653 -113.07153735 -113.10293171 -113.08808217    -0.02279066
1.9      4.60 -113.11587478 -113.07402933 -113.09966490 -113.09023920    -0.02038503
1.9      4.80 -113.11278416 -113.07619255 -113.09721387 -113.09176283    -0.01809166
1.9      5.00 -113.11010850 -113.07811333 -113.09539869 -113.09282314    -0.01594567
1.9      5.20 -113.10777739 -113.07983683 -113.09407335 -113.09354087    -0.01396774
1.9      5.40 -113.10573991 -113.08138612 -113.09401368 -113.09311236    -0.01216855
1.9      5.60 -113.10395823 -113.08277410 -113.09431357 -113.09241875    -0.01054961
1.9      5.80 -113.10240300 -113.08400990 -113.09449330 -113.09191961    -0.00910608
1.9      6.00 -113.10105027 -113.08510200 -113.09459141 -113.09156086    -0.00782884
1.9      7.00 -113.09667583 -113.08873670 -113.09457642 -113.09083611    -0.00350142
1.9      8.00 -113.09494146 -113.09021858 -113.09442552 -113.09073452    -0.00147327
1.9      9.00 -113.09442847 -113.09071007 -113.09433194 -113.09080661    -0.00059131
1.9     10.00 -113.09429520 -113.09089371 -113.09428041 -113.09090850    -0.00022380
1.9     12.00 -113.09423351 -113.09101334 -113.09423333 -113.09101352    -0.00002410
1.9     14.00 -113.09421400 -113.09099700 -113.09421400 -113.09099700    -0.00000152
1.9     16.00 -113.09420450 -113.09109108 -113.09420450 -113.09109108     0.00000000
1.9     18.00 -113.09419933 -113.09115780 -113.09419933 -113.09115780    -0.00000006
1.9     20.00 -113.09419630 -113.09120626 -113.09419630 -113.09120626    -0.00000006

2.0      0.20 -111.44094724 -111.06699602 -111.44082276 -111.06712050   -0.00682154
2.0      0.60 -112.00837431 -111.67003952 -112.00703138 -111.67138245    0.02127342
2.0      1.00 -112.72469234 -112.41176243 -112.72300428 -112.41345049    0.02292146
2.0      1.40 -113.09454352 -112.78621214 -113.09403736 -112.78671830    0.01248234
2.0      1.60 -113.17821983 -112.86843334 -113.17814422 -112.86850894    0.00483896
2.0      1.80 -113.22238260 -112.91010126 -113.22235027 -112.91013360   -0.00317754
2.0      2.00 -113.24176706 -112.92650582 -113.24130663 -112.92696626   -0.01203934
2.0      2.10 -113.24539017 -112.92855588 -113.24448660 -112.92945944   -0.01689565
2.0      2.20 -113.24615795 -112.92779850 -113.24444501 -112.92951144   -0.02328942
2.0      2.30 -113.24392775 -112.94219648 -113.23986573 -112.94625850   -0.03477266
2.0      2.40 -113.24111829 -112.96456923 -113.23645044 -112.96923708   -0.03562446
2.0      2.50 -113.23720187 -112.98424057 -113.23196244 -112.98948001   -0.03602669
2.0      2.60 -113.23251425 -113.00146185 -113.22671026 -113.00726584   -0.03615714
2.0      2.70 -113.22732349 -113.01650211 -113.22096597 -113.02285962   -0.03605387
2.0      2.80 -113.22183801 -113.02961098 -113.21491059 -113.03653840   -0.03582804
2.0      2.90 -113.21621801 -113.04101472 -113.20871998 -113.04851275   -0.03546066
2.0      3.00 -113.21058553 -113.05091655 -113.20251719 -113.05898489   -0.03497379
2.0      3.10 -113.20503282 -113.05949793 -113.19639105 -113.06813969   -0.03439474
2.0      3.20 -113.19962888 -113.06692071 -113.19042343 -113.07612616   -0.03371792
2.0      3.30 -113.19442453 -113.07332919 -113.18465672 -113.08309701   -0.03297616
2.0      3.40 -113.18945624 -113.07885218 -113.17915250 -113.08915592   -0.03214760
2.0      3.50 -113.18474894 -113.08360489 -113.17392768 -113.09442615   -0.03126350
2.0      3.60 -113.18031820 -113.08769060 -113.16901012 -113.09899868   -0.03032437
2.0      3.70 -113.17617181 -113.09120205 -113.16440827 -113.10296560   -0.02934561
2.0      3.80 -113.17231108 -113.09422253 -113.16013640 -113.10639722   -0.02832809
2.0      3.90 -113.16873186 -113.09682664 -113.15620258 -113.10935592   -0.02727522
2.0      4.00 -113.16542548 -113.09908089 -113.15259940 -113.11190696   -0.02619986
2.0      4.10 -113.16237964 -113.10104405 -113.14932461 -113.11409908   -0.02510586
2.0      4.20 -113.15957931 -113.10276749 -113.14636828 -113.11597852   -0.02400024
2.0      4.40 -113.15464651 -113.10566495 -113.14135696 -113.11895450   -0.02177913
2.0      4.60 -113.15048411 -113.10804618 -113.13743118 -113.12109912   -0.01958470
2.0      4.80 -113.14695497 -113.11008890 -113.13442654 -113.12261732   -0.01746174
2.0      5.00 -113.14394165 -113.11189712 -113.13217164 -113.12366713   -0.01544770
2.0      5.20 -113.14135115 -113.11352541 -113.13049442 -113.12438214   -0.01357306
2.0      5.40 -113.13911256 -113.11499995 -113.12925908 -113.12485343   -0.01185335
2.0      5.60 -113.13717203 -113.11633317 -113.12835231 -113.12515289   -0.01029590
2.0      5.80 -113.13548784 -113.11753226 -113.12768689 -113.12533321   -0.00890033
2.0      6.00 -113.13402668 -113.11860343 -113.12719762 -113.12543249   -0.00766095
2.0      7.00 -113.12922456 -113.12231512 -113.12611483 -113.12542485   -0.00343745
2.0      8.00 -113.12704715 -113.12409181 -113.12586098 -113.12527798   -0.00144863
2.0      9.00 -113.12618453 -113.12484745 -113.12584520 -113.12518677   -0.00058186
2.0     10.00 -113.12594976 -113.12507684 -113.12589014 -113.12513647   -0.00022021
2.0     12.00 -113.12593986 -113.12508982 -113.12593920 -113.12509048   -0.00002366
2.0     14.00 -113.12587624 -113.12507161 -113.12587624 -113.12507161   -0.00000149
2.0     16.00 -113.12594591 -113.12506235 -113.12594591 -113.12506235    0.00000000
2.0     18.00 -113.12599639 -113.12505732 -113.12599639 -113.12505732   -0.00000006
2.0     20.00 -113.12603351 -113.12505439 -113.12603351 -113.12505439   -0.00000006

2.1      0.20 -111.70170228 -111.34402428 -111.70160506 -111.34412150   -0.00589616
2.1      0.60 -112.16633952 -111.84508516 -112.16485398 -111.84657070    0.02179516
2.1      1.00 -112.79053538 -112.49527924 -112.78880237 -112.49701225    0.02255393
2.1      1.40 -113.12877917 -112.83889294 -113.12828379 -112.83938832    0.01197324
2.1      1.60 -113.20706502 -112.91606594 -113.20697137 -112.91615960    0.00521962
2.1      1.80 -113.24853490 -112.95534375 -113.24851987 -112.95535879   -0.00209922
2.1      2.00 -113.26649821 -112.97060355 -113.26622016 -112.97088160   -0.00906621
2.1      2.10 -113.26965325 -112.97230568 -113.26907638 -112.97288256   -0.01308434
2.1      2.20 -113.27008384 -112.97121978 -113.26907579 -112.97222783   -0.01732782
2.1      2.30 -113.26750269 -112.95725886 -113.26457739 -112.96018416   -0.02998333
2.1      2.40 -113.26430456 -112.97901741 -113.26076172 -112.98256025   -0.03159390
2.1      2.50 -113.26008474 -112.99838887 -113.25609401 -113.00237960   -0.03206918
2.1      2.60 -113.25509681 -113.01537702 -113.25066794 -113.01980589   -0.03228112
2.1      2.70 -113.24959821 -113.03024881 -113.24473026 -113.03511677   -0.03231233
2.1      2.80 -113.24379195 -113.04324487 -113.23849750 -113.04853931   -0.03215206
2.1      2.90 -113.23783506 -113.05458154 -113.23209933 -113.06031727   -0.03190915
2.1      3.00 -113.23184797 -113.06445295 -113.22567090 -113.07063002   -0.03155716
2.1      3.10 -113.22592239 -113.07303269 -113.21930338 -113.07965171   -0.03111539
2.1      3.20 -113.22012769 -113.08047576 -113.21307476 -113.08752868   -0.03058122
2.1      3.30 -113.21451581 -113.08692025 -113.20702557 -113.09441049   -0.02999362
2.1      3.40 -113.20912510 -113.09248934 -113.20121646 -113.10039799   -0.02932378
2.1      3.50 -113.20398306 -113.09729309 -113.19566969 -113.10560646   -0.02859792
2.1      3.60 -113.19910854 -113.10142993 -113.19040493 -113.11013353   -0.02782810
2.1      3.70 -113.19451328 -113.10498812 -113.18544347 -113.11405794   -0.02701324
2.1      3.80 -113.19020314 -113.10804689 -113.18079088 -113.11745914   -0.02616649
2.1      3.90 -113.18617896 -113.11067735 -113.17646564 -113.12039068   -0.02527890
2.1      4.00 -113.18243735 -113.11294331 -113.17246138 -113.12291927   -0.02436699
2.1      4.10 -113.17897127 -113.11490176 -113.16878003 -113.12509300   -0.02343259
2.1      4.20 -113.17577066 -113.11660340 -113.16541657 -113.12695749   -0.02248146
2.1      4.40 -113.17011390 -113.11940910 -113.15961198 -113.12991103   -0.02054769
2.1      4.60 -113.16534774 -113.12164926 -113.15495758 -113.13203942   -0.01860319
2.1      4.80 -113.16134063 -113.12352642 -113.15132080 -113.13354626   -0.01668817
2.1      5.00 -113.15796481 -113.12516740 -113.14854561 -113.13458661   -0.01483928
2.1      5.20 -113.15510789 -113.12664076 -113.14645768 -113.13529096   -0.01309276
2.1      5.40 -113.15267816 -113.12797765 -113.14490404 -113.13575178   -0.01147117
2.1      5.60 -113.15060412 -113.12918982 -113.14375217 -113.13604177   -0.00998902
2.1      5.80 -113.14883062 -113.13028118 -113.14289753 -113.13621427   -0.00865182
2.1      6.00 -113.14731468 -113.13125392 -113.14226110 -113.13630750   -0.00745826
2.1      7.00 -113.14258028 -113.13449356 -113.14078630 -113.13628753   -0.00335991
2.1      8.00 -113.14080512 -113.13570848 -113.14037393 -113.13613968   -0.00141835
2.1      9.00 -113.14034400 -113.13597395 -113.14026831 -113.13604964   -0.00057013
2.1     10.00 -113.14026616 -113.13598937 -113.14025525 -113.13600027   -0.00021572
2.1     12.00 -113.14023592 -113.13595506 -113.14023579 -113.13595519   -0.00002311
2.1     14.00 -113.14013671 -113.13593674 -113.14013671 -113.13593674   -0.00000145
2.1     16.00 -113.14018151 -113.13592772 -113.14018151 -113.13592772    0.00000000
2.1     18.00 -113.14021547 -113.13592283 -113.14021547 -113.13592283   -0.00000006
2.1     20.00 -113.14024104 -113.13591999 -113.14024104 -113.13591999   -0.00000006

2.13      0.20 -111.77540000 -111.42254720 -111.77531117 -111.42263602   -0.00559766
2.13      0.60 -112.21134783 -111.89530274 -112.20982768 -111.89682289    0.02186606
2.13      1.00 -112.80818790 -112.51828210 -112.80647661 -112.51999339    0.02220778
2.13      1.40 -113.13649179 -112.85218112 -113.13600333 -112.85266958    0.01177435
2.13      1.60 -113.21301949 -112.92770674 -113.21291870 -112.92780753    0.00536161
2.13      1.80 -113.25360028 -112.96619833 -113.25359669 -112.96620193   -0.00101612
2.13      2.00 -113.27109607 -112.98109046 -113.27087114 -112.98131539   -0.00807333
2.13      2.10 -113.27409915 -112.98269325 -113.27361256 -112.98317984   -0.01189784
2.13      2.20 -113.27440988 -112.98154555 -113.27353850 -112.98241693   -0.01595107
2.13      2.30 -113.27267221 -112.97824437 -113.27126410 -112.97965248   -0.02031267
2.13      2.40 -113.26842377 -112.98050150 -113.26518456 -112.98374071   -0.03036689
2.13      2.50 -113.26411506 -112.99977424 -113.26046256 -113.00342674   -0.03085716
2.13      2.60 -113.25904193 -113.01667618 -113.25498769 -113.02073042   -0.03108332
2.13      2.70 -113.25345705 -113.03148307 -113.24899829 -113.03594183   -0.03114238
2.13      2.80 -113.24756149 -113.04443312 -113.24270278 -113.04929183   -0.03103764
2.13      2.90 -113.24151111 -113.05573944 -113.23626205 -113.06098851   -0.03078270
2.13      3.00 -113.23542562 -113.06559314 -113.22977376 -113.07124500   -0.03046187
2.13      3.10 -113.22939635 -113.07416518 -113.22334260 -113.08021893   -0.03005133
2.13      3.20 -113.22349253 -113.08160824 -113.21704244 -113.08805832   -0.02955608
2.13      3.30 -113.21776619 -113.08805852 -113.21091521 -113.09490950   -0.02901188
2.13      3.40 -113.21225595 -113.09363743 -113.20502321 -113.10087017   -0.02838351
2.13      3.50 -113.20698976 -113.09845341 -113.19938321 -113.10605996   -0.02770790
2.13      3.60 -113.20198712 -113.10260342 -113.19402245 -113.11056808   -0.02698374
2.13      3.70 -113.19726064 -113.10617431 -113.18895012 -113.11448482   -0.02622803
2.13      3.80 -113.19281719 -113.10924401 -113.18419376 -113.11786744   -0.02542290
2.13      3.90 -113.18865888 -113.11188248 -113.17975205 -113.12078931   -0.02458664
2.13      4.00 -113.18478370 -113.11415246 -113.17562646 -113.12330971   -0.02372620
2.13      4.10 -113.18118615 -113.11611017 -113.17182010 -113.12547622   -0.02284255
2.13      4.20 -113.17785777 -113.11780575 -113.16832878 -113.12733474   -0.02194159
2.13      4.40 -113.17196280 -113.12058292 -113.16226627 -113.13027944   -0.02010432
2.13      4.60 -113.16699047 -113.12277550 -113.15736359 -113.13240238   -0.01824761
2.13      4.80 -113.16281589 -113.12459329 -113.15350463 -113.13390454   -0.01640734
2.13      5.00 -113.15931224 -113.12617165 -113.15054493 -113.13493895   -0.01461807
2.13      5.20 -113.15636286 -113.12758537 -113.14830887 -113.13563936   -0.01291924
2.13      5.40 -113.15386937 -113.12886829 -113.14664195 -113.13609571   -0.01133392
2.13      5.60 -113.15175352 -113.13003207 -113.14540445 -113.13638114   -0.00987929
2.13      5.80 -113.14995489 -113.13107940 -113.14448482 -113.13654948   -0.00856321
2.13      6.00 -113.14842668 -113.13201104 -113.14379852 -113.13663920   -0.00738609
2.13      7.00 -113.14374908 -113.13505516 -113.14219355 -113.13661069   -0.00333226
2.13      8.00 -113.14208212 -113.13610880 -113.14172969 -113.13646123   -0.00140747
2.13      9.00 -113.14165553 -113.13631071 -113.14159493 -113.13637131   -0.00056589
2.13     10.00 -113.14157180 -113.13631345 -113.14156307 -113.13632219   -0.00021409
2.13     12.00 -113.14153571 -113.13627732 -113.14153561 -113.13627742   -0.00002291
2.13     14.00 -113.14141042 -113.13625910 -113.14141042 -113.13625910   -0.00000143
2.13     16.00 -113.14144716 -113.13625015 -113.14144716 -113.13625015    0.00000000
2.13     18.00 -113.14147576 -113.13624531 -113.14147576 -113.13624531   -0.00000005
2.13     20.00 -113.14149759 -113.13624249 -113.14149759 -113.13624249   -0.00000006

2.2      0.20 -111.91636420 -111.57313801 -111.91629185 -111.57321036   -0.00498273
2.2      0.60 -112.29796734 -111.99255097 -112.29642554 -111.99409277    0.02164518
2.2      1.00 -112.84071686 -112.56162212 -112.83906936 -112.56326962    0.02137976
2.2      1.40 -113.14855197 -112.87546876 -113.14801906 -112.87600167    0.01205175
2.2      1.60 -113.22136362 -112.94750378 -113.22124946 -112.94761794    0.00559026
2.2      1.80 -113.26004808 -112.98431524 -113.26004790 -112.98431541   -0.00022115
2.2      2.00 -113.27654806 -112.99842478 -113.27638766 -112.99858517   -0.00667717
2.2      2.10 -113.27923120 -112.99982004 -113.27886060 -113.00019064   -0.01016919
2.2      2.20 -113.27929145 -112.99854925 -113.27861452 -112.99922617   -0.01376892
2.2      2.30 -113.27735493 -112.99521638 -113.27630278 -112.99626853   -0.01719729 
2.2      2.40 -113.27289635 -112.97974904 -113.27027180 -112.98237359   -0.02761329
2.2      2.50 -113.26841203 -112.99882008 -113.26542837 -113.00180373   -0.02820401
2.2      2.60 -113.26317632 -113.01551671 -113.25986032 -113.01883271   -0.02846479
2.2      2.70 -113.25742861 -113.03016563 -113.25378647 -113.03380777   -0.02853873
2.2      2.80 -113.25136559 -113.04300135 -113.24739164 -113.04697530   -0.02849976
2.2      2.90 -113.24514046 -113.05422893 -113.24083384 -113.05853555   -0.02834849
2.2      3.00 -113.23887122 -113.06403235 -113.23424357 -113.06866000   -0.02806559
2.2      3.10 -113.23264816 -113.07257665 -113.22768945 -113.07753537   -0.02773374
2.2      3.20 -113.22653997 -113.08000957 -113.22125577 -113.08529377   -0.02731985
2.2      3.30 -113.22059853 -113.08646301 -113.21498280 -113.09207874   -0.02686508
2.2      3.40 -113.21486259 -113.09205481 -113.20892945 -113.09798794   -0.02633312
2.2      3.50 -113.20936062 -113.09689006 -113.20312005 -113.10313063   -0.02574755
2.2      3.60 -113.20411297 -113.10106271 -113.19757131 -113.10760437   -0.02512621
2.2      3.70 -113.19913335 -113.10465681 -113.19230158 -113.11148859   -0.02446976
2.2      3.80 -113.19443022 -113.10774765 -113.18733257 -113.11484529   -0.02376689
2.2      3.90 -113.19000757 -113.11040269 -113.18266307 -113.11774719   -0.02303728
2.2      4.00 -113.18586571 -113.11268245 -113.17829646 -113.12025170   -0.02228561
2.2      4.10 -113.18200178 -113.11464120 -113.17423882 -113.12240416   -0.02150938
2.2      4.20 -113.17841025 -113.11632758 -113.17048723 -113.12425060   -0.02071492
2.2      4.40 -113.17201131 -113.11905235 -113.16388576 -113.12717790   -0.01908654
2.2      4.60 -113.16658556 -113.12114879 -113.15844517 -113.12928918   -0.01742432
2.2      4.80 -113.16202899 -113.12283844 -113.15408398 -113.13078345   -0.01575583
2.2      5.00 -113.15822616 -113.12427528 -113.15068759 -113.13181386   -0.01411067
2.2      5.20 -113.15505933 -113.12555124 -113.14810677 -113.13250380   -0.01252273
2.2      5.40 -113.15241866 -113.12670930 -113.14617733 -113.13295063   -0.01102299
2.2      5.60 -113.15021010 -113.12776236 -113.14474759 -113.13322487   -0.00963234
2.2      5.80 -113.14835869 -113.12871030 -113.14368708 -113.13338191   -0.00836455
2.2      6.00 -113.14680682 -113.12955033 -113.14289584 -113.13346131   -0.00722454
2.2      7.00 -113.14223560 -113.13219387 -113.14102465 -113.13340482   -0.00327011
2.2      8.00 -113.14071165 -113.13299277 -113.14045539 -113.13324904   -0.00138289
2.2      9.00 -113.14030331 -113.13311535 -113.14026000 -113.13315866   -0.00055626
2.2     10.00 -113.14019491 -113.13310368 -113.14018867 -113.13310993   -0.00021038
2.2     12.00 -113.14012668 -113.13306565 -113.14012661 -113.13306573   -0.00002245
2.2     14.00 -113.13996387 -113.13304768 -113.13996387 -113.13304768   -0.00000140
2.2     16.00 -113.13998362 -113.13303887 -113.13998362 -113.13303887    0.00000000
2.2     18.00 -113.14000093 -113.13303412 -113.14000093 -113.13303412   -0.00000005
2.2     20.00 -113.14001489 -113.13303137 -113.14001489 -113.13303137   -0.00000005

2.3      0.20 -112.09428594 -111.76448137 -112.09424286 -111.76452446   -0.00376931
2.3      0.60 -112.40845655 -112.11828402 -112.40683761 -112.11990295    0.02161365
2.3      1.00 -112.87937182 -112.61538579 -112.87794805 -112.61680957    0.01933469
2.3      1.40 -113.15820438 -112.90065305 -113.15774050 -112.90111694    0.01092057
2.3      1.60 -113.22552751 -112.96749500 -113.22541863 -112.96760388    0.00529927
2.3      1.80 -113.26136868 -113.00176515 -113.26136816 -113.00176567   -0.00036753
2.3      2.00 -113.27637592 -113.01468633 -113.27625232 -113.01480993   -0.00568590
2.3      2.10 -113.27858751 -113.01576883 -113.27830555 -113.01605079   -0.00860377
2.3      2.20 -113.27828540 -113.01430919 -113.27780560 -113.01478899   -0.01124386
2.3      2.30 -113.27606092 -113.01090055 -113.27528647 -113.01167500   -0.01430921
2.3      2.40 -113.27131584 -112.97157541 -113.26944883 -112.97344242   -0.02358245
2.3      2.50 -113.26661343 -112.99028916 -113.26447813 -112.99242445   -0.02419658
2.3      2.60 -113.26118110 -113.00650041 -113.25880942 -113.00887208   -0.02446211
2.3      2.70 -113.25523572 -113.02083474 -113.25260503 -113.02346543   -0.02469241
2.3      2.80 -113.24897140 -113.03344845 -113.24609235 -113.03632750   -0.02474292
2.3      2.90 -113.24253772 -113.04451913 -113.23941396 -113.04764288   -0.02467396
2.3      3.00 -113.23604993 -113.05421481 -113.23268815 -113.05757659   -0.02449464
2.3      3.10 -113.22959642 -113.06268945 -113.22598774 -113.06629813   -0.02427533
2.3      3.20 -113.22324460 -113.07008239 -113.21939849 -113.07392851   -0.02396428
2.3      3.30 -113.21704554 -113.07651885 -113.21295094 -113.08061345   -0.02363545
2.3      3.40 -113.21103757 -113.08211098 -113.20670925 -113.08643930   -0.02322285
2.3      3.50 -113.20524903 -113.08695913 -113.20069452 -113.09151365   -0.02275983
2.3      3.60 -113.19970044 -113.09115298 -113.19492114 -113.09593228   -0.02226970
2.3      3.70 -113.19440607 -113.09477275 -113.18941446 -113.09976436   -0.02173508
2.3      3.80 -113.18937521 -113.09789012 -113.18418527 -113.10308005   -0.02116285
2.3      3.90 -113.18461314 -113.10056916 -113.17923043 -113.10595187   -0.02057695
2.3      4.00 -113.18012187 -113.10286718 -113.17455779 -113.10843126   -0.01997228
2.3      4.10 -113.17590072 -113.10483549 -113.17017211 -113.11056410   -0.01934653
2.3      4.20 -113.17194685 -113.10651995 -113.16607389 -113.11239291   -0.01870182
2.3      4.40 -113.16482091 -113.10919785 -113.15873393 -113.11528482   -0.01736447
2.3      4.60 -113.15869100 -113.11118198 -113.15249286 -113.11738012   -0.01600158
2.3      4.80 -113.15348794 -113.11269692 -113.14731016 -113.11887470   -0.01462303
2.3      5.00 -113.14913082 -113.11391600 -113.14314360 -113.11990322   -0.01322846
2.3      5.20 -113.14552905 -113.11496191 -113.13990174 -113.12058921   -0.01184669
2.3      5.40 -113.14258372 -113.11590679 -113.13746161 -113.12102891   -0.01050744
2.3      5.60 -113.14019014 -113.11677817 -113.13567849 -113.12128982   -0.00923426
2.3      5.80 -113.13824633 -113.11757424 -113.13439342 -113.12142716   -0.00805002
2.3      6.00 -113.13666365 -113.11828312 -113.13346282 -113.12148395   -0.00697048
2.3      7.00 -113.13223714 -113.12042506 -113.13131420 -113.12134800   -0.00317019
2.3      8.00 -113.13081030 -113.12098319 -113.13062332 -113.12117017   -0.00134259
2.3      9.00 -113.13037703 -113.12104480 -113.13034565 -113.12107618   -0.00054026
2.3     10.00 -113.13022191 -113.12102298 -113.13021738 -113.12102751   -0.00020414
2.3     12.00 -113.13009129 -113.12098396 -113.13009124 -113.12098401   -0.00002166
2.3     14.00 -113.12988589 -113.12096636 -113.12988589 -113.12096636   -0.00000134
2.3     16.00 -113.12988066 -113.12095775 -113.12988066 -113.12095775    0.00000000
2.3     18.00 -113.12988139 -113.12095313 -113.12988139 -113.12095313   -0.00000005
2.3     20.00 -113.12988379 -113.12095046 -113.12988379 -113.12095046   -0.00000005

2.4      0.20 -112.24214693 -111.92564599 -112.24211630 -111.92567662   -0.00311338
2.4      0.60 -112.50180906 -112.22701045 -112.50023890 -112.22858060    0.02071256
2.4      1.00 -112.90949722 -112.66001525 -112.90838722 -112.66112524    0.01660398
2.4      1.40 -113.16087958 -112.91795201 -113.16049619 -112.91833540    0.00964308
2.4      1.60 -113.22276010 -112.97957686 -113.22264296 -112.97969400    0.00533596
2.4      1.80 -113.25573190 -113.01123755 -113.25573104 -113.01123842    0.00046101
2.4      2.00 -113.26922908 -113.02292219 -113.26914558 -113.02300569   -0.00453428
2.4      2.10 -113.27097093 -113.02367650 -113.27076701 -113.02388043   -0.00709844
2.4      2.20 -113.27031555 -113.02201273 -113.26997954 -113.02234874   -0.00912795
2.4      2.30 -113.26781773 -113.01849670 -113.26725609 -113.01905834   -0.01182002
2.4      2.40 -113.26393091 -113.01357867 -113.26308532 -113.01442426   -0.01452518
2.4      2.50 -113.25880547 -113.00739733 -113.25780321 -113.00839958   -0.01584206
2.4      2.60 -113.25232688 -112.99192656 -113.25068302 -112.99357042   -0.02062422
2.4      2.70 -113.24623410 -113.00563746 -113.24441605 -113.00745551   -0.02083536
2.4      2.80 -113.23981681 -113.01793106 -113.23780743 -113.01994044   -0.02101941
2.4      2.90 -113.23322577 -113.02878740 -113.23103711 -113.03097606   -0.02103942
2.4      3.00 -113.22657417 -113.03833302 -113.22419725 -113.04070994   -0.02101868
2.4      3.10 -113.21994839 -113.04670377 -113.21739271 -113.04925945   -0.02088603
2.4      3.20 -113.21341432 -113.05402773 -113.21068283 -113.05675922   -0.02068578
2.4      3.30 -113.20702187 -113.06042220 -113.20412579 -113.06331827   -0.02040040
2.4      3.40 -113.20080849 -113.06599332 -113.19774455 -113.06905726   -0.02009172
2.4      3.50 -113.19480185 -113.07083647 -113.19157404 -113.07406427   -0.01974126
2.4      3.60 -113.18902193 -113.07503719 -113.18563606 -113.07842306   -0.01935132
2.4      3.70 -113.18348265 -113.07867206 -113.17994853 -113.08220618   -0.01891885
2.4      3.80 -113.17819307 -113.08180956 -113.17451062 -113.08549202   -0.01847614
2.4      3.90 -113.17315843 -113.08451082 -113.16933531 -113.08833395   -0.01800818
2.4      4.00 -113.16838088 -113.08683037 -113.16442076 -113.09079049   -0.01752904
2.4      4.10 -113.16386014 -113.08881683 -113.15979142 -113.09288554   -0.01699339
2.4      4.20 -113.15959399 -113.09051357 -113.15540812 -113.09469944   -0.01648151
2.4      4.40 -113.15180967 -113.09318877 -113.14742208 -113.09757636   -0.01542574
2.4      4.60 -113.14498659 -113.09511968 -113.14044892 -113.09965734   -0.01434186
2.4      4.80 -113.13907302 -113.09651847 -113.13445321 -113.10113829   -0.01323826
2.4      5.00 -113.13401235 -113.09755564 -113.12939741 -113.10217057   -0.01212220
2.4      5.20 -113.12974597 -113.09836597 -113.12524142 -113.10287053   -0.01100282
2.4      5.40 -113.12621814 -113.09905170 -113.12194596 -113.10332389   -0.00988982
2.4      5.60 -113.12337254 -113.09968240 -113.11945776 -113.10359718   -0.00879865
2.4      5.80 -113.12114666 -113.10029191 -113.11770175 -113.10373683   -0.00774438
2.4      6.00 -113.11946133 -113.10087730 -113.11655864 -113.10377999   -0.00674671
2.4      7.00 -113.11553258 -113.10269531 -113.11475040 -113.10347748   -0.00307070
2.4      8.00 -113.11431444 -113.10308447 -113.11416222 -113.10323669   -0.00129856
2.4      9.00 -113.11385707 -113.10310351 -113.11383165 -113.10312894   -0.00052229
2.4     10.00 -113.11365753 -113.10307477 -113.11365386 -113.10307844   -0.00019703
2.4     12.00 -113.11346951 -113.10303534 -113.11346947 -113.10303539   -0.00002074
2.4     14.00 -113.11321719 -113.10301805 -113.11321719 -113.10301805   -0.00000127
2.4     16.00 -113.11318734 -113.10300964 -113.11318734 -113.10300964    0.00000000
2.4     18.00 -113.11317173 -113.10300513 -113.11317173 -113.10300513   -0.00000005
2.4     20.00 -113.11316273 -113.10300254 -113.11316273 -113.10300254   -0.00000005

2.5      0.20 -112.36705849 -112.07435774 -112.36703810 -112.07437813   -0.00244292
2.5      0.60 -112.58111392 -112.32257139 -112.57973765 -112.32394765    0.01881302
2.5      1.00 -112.93326317 -112.69808731 -112.93237639 -112.69897409    0.01441398
2.5      1.40 -113.15884366 -112.92996032 -113.15853269 -112.93027128    0.00843077
2.5      1.60 -113.21537946 -112.98637124 -113.21529377 -112.98645693    0.00442899
2.5      1.80 -113.24548475 -113.01536315 -113.24548340 -113.01536449    0.00055628
2.5      2.00 -113.25746623 -113.02575990 -113.25740908 -113.02581704   -0.00363838
2.5      2.10 -113.25874166 -113.02616787 -113.25859722 -113.02631231   -0.00579405
2.5      2.20 -113.25774172 -113.02428406 -113.25750857 -113.02451722   -0.00737411
2.5      2.30 -113.25498452 -113.02064116 -113.25458516 -113.02104052   -0.00966576
2.5      2.40 -113.25089694 -113.01567218 -113.25029253 -113.01627658   -0.01190823
2.5      2.50 -113.24582671 -113.00972049 -113.24497725 -113.01056994   -0.01413651
2.5      2.60 -113.23898385 -112.97422867 -113.23792975 -112.97528277   -0.01667232
2.5      2.70 -113.23275316 -112.98716136 -113.23156437 -112.98835016   -0.01704540
2.5      2.80 -113.22622831 -112.99888639 -113.22490635 -113.00020835   -0.01728553
2.5      2.90 -113.21952390 -113.00945460 -113.21806556 -113.01091294   -0.01744205
2.5      3.00 -113.21275494 -113.01880665 -113.21116262 -113.02039897   -0.01750124
2.5      3.10 -113.20600646 -113.02704065 -113.20428838 -113.02875872   -0.01745065
2.5      3.20 -113.19934282 -113.03426858 -113.19749276 -113.03611863   -0.01737739
2.5      3.30 -113.19281271 -113.04059800 -113.19083612 -113.04257458   -0.01723248
2.5      3.40 -113.18645254 -113.04612815 -113.18436911 -113.04821158   -0.01697103
2.5      3.50 -113.18028912 -113.05094920 -113.17809302 -113.05314530   -0.01670990
2.5      3.60 -113.17434166 -113.05514251 -113.17204161 -113.05744255   -0.01639735
2.5      3.70 -113.16862332 -113.05878125 -113.16621737 -113.06118720   -0.01607751
2.5      3.80 -113.16314252 -113.06193091 -113.16064217 -113.06443126   -0.01571027
2.5      3.90 -113.15790381 -113.06465004 -113.15530929 -113.06724456   -0.01533678
2.5      4.00 -113.15290873 -113.06699085 -113.15023279 -113.06966679   -0.01492482
2.5      4.10 -113.14815639 -113.06899985 -113.14539197 -113.07176427   -0.01453203
2.5      4.20 -113.14364406 -113.07071840 -113.14079632 -113.07356614   -0.01412671
2.5      4.40 -113.13532165 -113.07342746 -113.13232491 -113.07642419   -0.01328533
2.5      4.60 -113.12789666 -113.07536707 -113.12476731 -113.07849643   -0.01243346
2.5      4.80 -113.12131461 -113.07673511 -113.11807390 -113.07997582   -0.01157442
2.5      5.00 -113.11551558 -113.07768805 -113.11218909 -113.08101454   -0.01071296
2.5      5.20 -113.11043737 -113.07834788 -113.10705281 -113.08173244   -0.00985666
2.5      5.40 -113.10601801 -113.07880739 -113.10260763 -113.08221777   -0.00900933
2.5      5.60 -113.10219763 -113.07913558 -113.09880149 -113.08253172   -0.00817240
2.5      5.80 -113.09892235 -113.07938302 -113.09556702 -113.08273834   -0.00736903
2.5      6.00 -113.09614868 -113.07958813 -113.09287646 -113.08286035   -0.00659411
2.5      7.00 -113.09089968 -113.08137256 -113.08967256 -113.08259968   -0.00319140
2.5      8.00 -113.09322510 -113.08177180 -113.09308443 -113.08191247   -0.00126148
2.5      9.00 -113.09310185 -113.08171462 -113.09307956 -113.08173691   -0.00050330
2.5     10.00 -113.09291326 -113.08167102 -113.09291008 -113.08167420   -0.00018916
2.5     12.00 -113.09267144 -113.08162965 -113.09267141 -113.08162969   -0.00001970
2.5     14.00 -113.09248984 -113.08161271 -113.09248984 -113.08161271   -0.00000118
2.5     16.00 -113.09232558 -113.08160446 -113.09232558 -113.08160446    0.00000000
2.5     18.00 -113.09229404 -113.08160006 -113.09229404 -113.08160006   -0.00000004
2.5     20.00 -113.09227395 -113.08159754 -113.09227395 -113.08159754   -0.00000004

2.6      0.20 -112.47067900 -112.19196669 -112.47059169 -112.19205401    0.00493226
2.6      0.60 -112.64734478 -112.40532232 -112.64697871 -112.40568839   -0.00940551
2.6      1.00 -112.95102457 -112.73040036 -112.95060081 -112.73082412   -0.00965983
2.6      1.40 -113.15371793 -112.93857354 -113.15348116 -112.93881031   -0.00713332
2.6      1.60 -113.20505131 -112.98979805 -113.20498915 -112.98986022   -0.00365749
2.6      1.80 -113.23231924 -113.01607168 -113.23231807 -113.01607285   -0.00050290
2.6      2.00 -113.24279106 -113.02512855 -113.24275107 -113.02516854   -0.00294986
2.6      2.10 -113.24360530 -113.02517042 -113.24352419 -113.02525152   -0.00420820
2.6      2.20 -113.24226956 -113.02305076 -113.24210567 -113.02321465   -0.00599186
2.6      2.30 -113.23926574 -113.01926666 -113.23898627 -113.01954612   -0.00783610
2.6      2.40 -113.23499391 -113.01422743 -113.23456732 -113.01465402   -0.00969513
2.6      2.50 -113.22880491 -113.00049087 -113.22741872 -113.00187706   -0.01773598
2.6      2.60 -113.22289141 -112.95290342 -113.22229850 -112.95349634   -0.01263838
2.6      2.70 -113.21646723 -112.96918063 -113.21573761 -112.96991025   -0.01341243
2.6      2.80 -113.20988521 -112.97807565 -113.20906892 -112.97889194   -0.01373169
2.6      2.90 -113.20310628 -112.98825303 -113.20218907 -112.98917023   -0.01400797
2.6      3.00 -113.19625885 -112.99737432 -113.19524354 -112.99838963   -0.01417387
2.6      3.10 -113.18942900 -113.00544471 -113.18831927 -113.00655445   -0.01424581
2.6      3.20 -113.18268006 -113.01255360 -113.18148455 -113.01374912   -0.01421127
2.6      3.30 -113.17605951 -113.01879758 -113.17477200 -113.02008509   -0.01417103
2.6      3.40 -113.16960273 -113.02426862 -113.16824031 -113.02563104   -0.01400534
2.6      3.50 -113.16333565 -113.02905154 -113.16190420 -113.03048299   -0.01379029
2.6      3.60 -113.15727669 -113.03322350 -113.15577328 -113.03472691   -0.01357361
2.6      3.70 -113.15143831 -113.03685424 -113.14986885 -113.03842370   -0.01331811
2.6      3.80 -113.14582818 -113.04000642 -113.14419685 -113.04163775   -0.01303721
2.6      3.90 -113.14045014 -113.04273631 -113.13877325 -113.04441320   -0.01269031
2.6      4.00 -113.13530497 -113.04509405 -113.13357278 -113.04682625   -0.01237993
2.6      4.10 -113.13039104 -113.04712442 -113.12860420 -113.04891126   -0.01206613
2.6      4.20 -113.12570475 -113.04886723 -113.12386724 -113.05070474   -0.01173938
2.6      4.40 -113.11699385 -113.05162816 -113.11506499 -113.05355703   -0.01106170
2.6      4.60 -113.10912011 -113.05361641 -113.10710914 -113.05562738   -0.01037169
2.6      4.80 -113.10202018 -113.05502160 -113.09993002 -113.05711175   -0.00968842
2.6      5.00 -113.09562356 -113.05599235 -113.09345485 -113.05816105   -0.00901361
2.6      5.20 -113.08985453 -113.05664175 -113.08761056 -113.05888572   -0.00833626
2.6      5.40 -113.08463469 -113.05705065 -113.08228662 -113.05939872   -0.00769778
2.6      5.60 -113.07988812 -113.05726840 -113.07740356 -113.05975297   -0.00707298
2.6      5.80 -113.07555000 -113.05730942 -113.07285793 -113.06000149   -0.00646975
2.6      6.00 -113.07159541 -113.05713934 -113.06855516 -113.06017959   -0.00589126
2.6      7.00 -113.06152789 -113.04842286 -113.06058447 -113.04936629   -0.00338727
2.6      8.00 -113.06744298 -113.05865993 -113.06726272 -113.05884019   -0.00124528
2.6      9.00 -113.05951166 -113.03463473 -113.05949667 -113.03464972   -0.00061055
2.6     10.00 -113.05944608 -113.03401084 -113.05944477 -113.03401215   -0.00018253
2.6     12.00 -113.06945956 -113.05849825 -113.06945953 -113.05849828   -0.00001838
2.6     14.00 -113.06926067 -113.05848113 -113.06926067 -113.05848113   -0.00000108
2.6     16.00 -113.06905650 -113.05847303 -113.06905650 -113.05847303    0.00000000
2.6     18.00 -113.06900959 -113.05846870 -113.06900959 -113.05846870   -0.00000004
2.6     20.00 -113.06897881 -113.05846624 -113.06897881 -113.05846624   -0.00000004

2.7      0.20 -112.56009844 -112.32560908 -112.53827842 -112.34742910    0.06812084
2.7      0.60 -112.70663665 -112.48558660 -112.60129114 -112.59093210    0.11040360
2.7      1.00 -112.96753421 -112.76161804 -112.92808399 -112.80106827    0.08103777
2.7      1.40 -113.14664819 -112.94514330 -113.13405833 -112.95773316    0.04876900
2.7      1.60 -113.19295917 -112.99123331 -113.18681749 -112.99737499    0.03465856
2.7      1.80 -113.21744279 -113.01475047 -113.21479360 -113.01739966    0.02302067
2.7      2.00 -113.22642238 -113.02241671 -113.22557520 -113.02326389    0.01311910
2.7      2.10 -113.22678289 -113.02207135 -113.22637541 -113.02247882    0.00912412
2.7      2.20 -113.22512064 -113.01969875 -113.22501139 -113.01980800    0.00473609
2.7      2.30 -113.22188210 -113.01575968 -113.22187886 -113.01576292    0.00081713
2.7      2.40 -113.21744078 -113.01063720 -113.21739817 -113.01067981   -0.00296819
2.7      2.50 -113.21210522 -113.00464595 -113.21189799 -113.00485318   -0.00655349
2.7      2.60 -113.20612682 -112.99803935 -113.20564238 -112.99852379   -0.01002853
2.7      2.70 -113.19970757 -112.99101740 -113.19886214 -112.99186283   -0.01325592
2.7      2.80 -113.19201284 -112.95647712 -113.18797931 -112.96051065   -0.03055765
2.7      2.90 -113.18517936 -112.96637770 -113.18091849 -112.97063858   -0.03023461
2.7      3.00 -113.17828073 -112.97527602 -113.17380575 -112.97975100   -0.02980633
2.7      3.10 -113.17140171 -112.98316884 -113.16673849 -112.98783206   -0.02925792
2.7      3.20 -113.16460327 -112.99014041 -113.15978970 -112.99495398   -0.02857654
2.7      3.30 -113.15793117 -112.99628054 -113.15300259 -113.00120912   -0.02779240
2.7      3.40 -113.15141955 -113.00167528 -113.14639976 -113.00669508   -0.02695342
2.7      3.50 -113.14509349 -113.00640431 -113.14002277 -113.01147504   -0.02602964
2.7      3.60 -113.13897071 -113.01054062 -113.13388911 -113.01562222   -0.02503614
2.7      3.70 -113.13306303 -113.01415059 -113.12798811 -113.01922550   -0.02403573
2.7      3.80 -113.12737757 -113.01729410 -113.12236070 -113.02231097   -0.02295877
2.7      3.90 -113.12191770 -113.02002509 -113.11694605 -113.02499673   -0.02195124
2.7      4.00 -113.11668352 -113.02239187 -113.11180438 -113.02727101   -0.02088675
2.7      4.10 -113.11167303 -113.02443747 -113.10685841 -113.02925209   -0.01992047
2.7      4.20 -113.10688180 -113.02620057 -113.10217154 -113.03091083   -0.01891674
2.7      4.40 -113.09793505 -113.02901226 -113.09343539 -113.03351191   -0.01702592
2.7      4.60 -113.08978710 -113.03105971 -113.08552182 -113.03532499   -0.01524127
2.7      4.80 -113.08237152 -113.03252823 -113.07837193 -113.03652782   -0.01354090
2.7      5.00 -113.07561634 -113.03356430 -113.07187209 -113.03730855   -0.01197640
2.7      5.20 -113.06944713 -113.03428136 -113.06595986 -113.03776863   -0.01051054
2.7      5.40 -113.06379323 -113.03476354 -113.06054326 -113.03801350   -0.00915331
2.7      5.60 -113.05859502 -113.03506868 -113.05555482 -113.03810888   -0.00789190
2.7      5.80 -113.05381660 -113.03522949 -113.05094039 -113.03810570   -0.00672219
2.7      6.00 -113.04946258 -113.03525091 -113.04667348 -113.03804000   -0.00564435
2.7      7.00 -113.03790647 -113.03063034 -113.03743901 -113.03109780   -0.00178403
2.7      8.00 -113.03705300 -113.02521438 -113.03704285 -113.02522453   -0.00034658
2.7      9.00 -113.03689163 -113.02391322 -113.03689158 -113.02391327   -0.00002423
2.7     10.00 -113.03050924 -113.02281770 -113.03050917 -113.02281778   -0.00002430
2.7     12.00 -113.03050091 -113.02215586 -113.03050069 -113.02215608    0.00004312
2.7     14.00 -113.03050746 -113.02212962 -113.03050728 -113.02212981    0.00003906
2.7     16.00 -113.03051399 -113.02212037 -113.03051385 -113.02212052    0.00003443
2.7     18.00 -113.03051934 -113.02211550 -113.03051922 -113.02211562    0.00003197
2.7     20.00 -113.03052438 -113.02211280 -113.03052423 -113.02211296    0.00003643

2.8      0.20 -112.63488238 -112.42711983 -112.44248890 -112.61951331    0.05437747
2.8      0.60 -112.75614760 -112.55631275 -112.65018110 -112.66227926    0.09973415
2.8      1.00 -112.97995901 -112.78933008 -112.93889789 -112.83039120    0.07836723
2.8      1.40 -113.13843033 -112.95059499 -113.12480298 -112.96422233    0.04872363
2.8      1.60 -113.17993045 -112.99163049 -113.17295634 -112.99860459    0.03556102
2.8      1.80 -113.20170416 -113.01236758 -113.19843184 -113.01563990    0.02467514
2.8      2.00 -113.20922000 -113.01859607 -113.20796916 -113.01984692    0.01539078
2.8      2.10 -113.20913666 -113.01784160 -113.20841881 -113.01855945    0.01169641
2.8      2.20 -113.20715806 -113.01519729 -113.20685256 -113.01550278    0.00765176
2.8      2.30 -113.20369633 -113.01108774 -113.20361504 -113.01116903    0.00395611
2.8      2.40 -113.19909909 -113.00586969 -113.19909798 -113.00587080    0.00046450
2.8      2.50 -113.19365535 -112.99983845 -113.19361417 -112.99987963   -0.00282475
2.8      2.60 -113.18760228 -112.99323585 -113.18741826 -112.99341987   -0.00597780
2.8      2.70 -113.18036539 -112.98591047 -113.18005438 -112.98622149   -0.00777055
2.8      2.80 -113.17439658 -112.97906042 -113.17368170 -112.97977530   -0.01179535
2.8      2.90 -113.16751697 -112.97178311 -113.16641259 -112.97288749   -0.01466104
2.8      3.00 -113.15969557 -112.95355928 -113.15687211 -112.95638274   -0.02395924
2.8      3.10 -113.15276987 -112.96117371 -113.14971425 -112.96422933   -0.02400227
2.8      3.20 -113.14594485 -112.96796446 -113.14271170 -112.97119761   -0.02376938
2.8      3.30 -113.13925049 -112.97396993 -113.13604276 -112.97717766   -0.02280099
2.8      3.40 -113.13271729 -112.97926350 -113.12940067 -112.98258011   -0.02231472
2.8      3.50 -113.12636861 -112.98391778 -113.12295669 -112.98732970   -0.02178048
2.8      3.60 -113.12022124 -112.98800049 -113.11674653 -112.99147521   -0.02115080
2.8      3.70 -113.11428647 -112.99157389 -113.11080432 -112.99505604   -0.02037591
2.8      3.80 -113.10857091 -112.99469481 -113.10507199 -112.99819373   -0.01965200
2.8      3.90 -113.10307763 -112.99741446 -113.09957731 -113.00091479   -0.01891039
2.8      4.00 -113.09780667 -112.99977892 -113.09432778 -113.00325781   -0.01813629
2.8      4.10 -113.09275569 -113.00182981 -113.08930536 -113.00528014   -0.01737295
2.8      4.20 -113.08792065 -113.00360392 -113.08455366 -113.00697091   -0.01650930
2.8      4.40 -113.07887510 -113.00645125 -113.07564536 -113.00968099   -0.01494922
2.8      4.60 -113.07061564 -113.00854649 -113.06756111 -113.01160102   -0.01342617
2.8      4.80 -113.06308101 -113.01007022 -113.06023473 -113.01291650   -0.01194917
2.8      5.00 -113.05620895 -113.01116609 -113.05360004 -113.01377500   -0.01052170
2.8      5.20 -113.04993960 -113.01194702 -113.04757740 -113.01430922   -0.00917422
2.8      5.40 -113.04422466 -113.01249896 -113.04211473 -113.01460889   -0.00790488
2.8      5.60 -113.03903060 -113.01288547 -113.03717484 -113.01474124   -0.00671381
2.8      5.80 -113.03434280 -113.01315251 -113.03273667 -113.01475864   -0.00560844
2.8      6.00 -113.03016498 -113.01333226 -113.02879660 -113.01470064   -0.00460012
2.8      7.00 -113.01353189 -113.01701800 -113.01409439 -113.01645550   -0.00128240
2.8      8.00 -113.01379827 -113.01276379 -113.01283450 -113.01372756   -0.00026106
2.8      9.00 -113.01359129 -113.01208533 -113.01358910 -113.01208752   -0.00005734
2.8     10.00 -113.01057764 -113.00780715 -113.01057732 -113.00780746   -0.00002941
2.8     12.00 -113.01048150 -113.00780208 -113.01048149 -113.00780209   -0.00000594
2.8     14.00 -113.01046134 -113.00780758 -113.01046134 -113.00780758    0.00000079
2.8     16.00 -113.01045196 -113.00781337 -113.01045196 -113.00781338    0.00000417
2.8     18.00 -113.01044701 -113.00781824 -113.01044699 -113.00781825    0.00000620
2.8     20.00 -113.01044419 -113.00782215 -113.01044417 -113.00782217    0.00000756

2.9      0.20 -112.69818129 -112.51470409 -112.68778962 -112.52509576    0.04241047
2.9      0.60 -112.79845975 -112.61997108 -112.71842297 -112.70000786    0.08876808
2.9      1.00 -112.99007298 -112.81515269 -112.95311650 -112.85210918    0.07140488
2.9      1.40 -113.12960535 -112.95551907 -113.11832461 -112.96679981    0.04285518
2.9      1.60 -113.16653187 -112.99161604 -113.16116573 -112.99698218    0.03016333
2.9      1.80 -113.18568895 -113.00957012 -113.18333924 -113.01191983    0.02020661
2.9      2.00 -113.19177968 -113.01432200 -113.19097116 -113.01513052    0.01195089
2.9      2.10 -113.19126492 -113.01313730 -113.19089445 -113.01350777    0.00811500
2.9      2.20 -113.18898125 -113.01020192 -113.18885363 -113.01032954    0.00477490
2.9      2.30 -113.18530788 -113.00590509 -113.18529709 -113.00591587    0.00139084
2.9      2.40 -113.18056729 -113.00057686 -113.18054952 -113.00059463   -0.00178852
2.9      2.50 -113.17502952 -112.99449328 -113.17490430 -112.99461850   -0.00475290
2.9      2.60 -113.16891743 -112.98788212 -113.16860267 -112.98819687   -0.00754203
2.9      2.70 -113.16241237 -112.98092953 -113.16185014 -112.98149177   -0.01008562
2.9      2.80 -113.15449453 -112.97337431 -113.15374675 -112.97412208   -0.01161367
2.9      2.90 -113.14877677 -112.96659128 -113.14754350 -112.96782455   -0.01493860
2.9      3.00 -113.14185131 -112.95946549 -113.14022348 -112.96109333   -0.01715355
2.9      3.10 -113.13423159 -112.94132670 -113.13147612 -112.94408217   -0.02288997
2.9      3.20 -113.12730152 -112.94694824 -113.12428353 -112.94996624   -0.02313433
2.9      3.30 -113.12059355 -112.95263748 -113.11746060 -112.95577043   -0.02272406
2.9      3.40 -113.11406055 -112.95774794 -113.11082928 -112.96097921   -0.02224067
2.9      3.50 -113.10771651 -112.96227804 -113.10441916 -112.96557539   -0.02164924
2.9      3.60 -113.10157540 -112.96627268 -113.09825333 -112.96959475   -0.02093917
2.9      3.70 -113.09564728 -112.96978328 -113.09227692 -112.97315364   -0.02031864
2.9      3.80 -113.08993832 -112.97286016 -113.08656334 -112.97623514   -0.01958944
2.9      3.90 -113.08445129 -112.97555038 -113.08109209 -112.97890958   -0.01882911
2.9      4.00 -113.07918621 -112.97789694 -113.07586645 -112.98121670   -0.01803430
2.9      4.10 -113.07414091 -112.97993882 -113.07087864 -112.98320109   -0.01722411
2.9      4.20 -113.06931155 -112.98171119 -113.06613104 -112.98489170   -0.01638592
2.9      4.40 -113.06027969 -112.98457046 -113.05728231 -112.98756784   -0.01476295
2.9      4.60 -113.05204261 -112.98669066 -113.04927194 -112.98946132   -0.01316784
2.9      4.80 -113.04454887 -112.98824546 -113.04203908 -112.99075525   -0.01161942
2.9      5.00 -113.03775023 -112.98937328 -113.03552160 -112.99160191   -0.01014139
2.9      5.20 -113.03160679 -112.99018243 -113.02967583 -112.99211339   -0.00873272
2.9      5.40 -113.02609066 -112.99075528 -113.02446342 -112.99238252   -0.00740615
2.9      5.60 -113.02118692 -112.99115277 -113.01985951 -112.99248018   -0.00617297
2.9      5.80 -113.01689056 -112.99141901 -113.01584698 -112.99246259   -0.00504901
2.9      6.00 -113.01319859 -112.99158582 -113.01240783 -112.99237658   -0.00405773
2.9      7.00 -113.00279628 -112.99161651 -113.00270275 -112.99171005   -0.00101832
2.9      8.00 -113.00020434 -112.99135859 -113.00020018 -112.99136276   -0.00019185
2.9      9.00 -112.99968230 -112.99123202 -112.99968219 -112.99123213   -0.00003032
2.9     10.00 -112.99821956 -112.98603588 -112.99821947 -112.98603597   -0.00003322
2.9     12.00 -112.99815287 -112.98603062 -112.99815286 -112.98603064   -0.00001312
2.9     14.00 -112.99813314 -112.98603551 -112.99813313 -112.98603551   -0.00000744
2.9     16.00 -112.99812370 -112.98604045 -112.99812370 -112.98604045   -0.00000462
2.9     18.00 -112.99811868 -112.98604461 -112.99811868 -112.98604461   -0.00000235
2.9     20.00 -112.99811580 -112.98604803 -112.99811580 -112.98604803   -0.00000089

3.0      0.20 -112.75171647 -112.59012873 -112.59862555 -112.74321964    0.03606642
3.0      0.60 -112.83458175 -112.67636308 -112.74078406 -112.77016076    0.07773377
3.0      1.00 -112.99827424 -112.83929489 -112.95854122 -112.87902790    0.06883325
3.0      1.40 -113.12053184 -112.96024515 -113.10695752 -112.97381946    0.04462644
3.0      1.60 -113.15314146 -112.99156607 -113.14592340 -112.99878412    0.03337903
3.0      1.80 -113.16979148 -113.00676290 -113.16618256 -113.01037181    0.02398609
3.0      2.00 -113.17450547 -113.01001387 -113.17293111 -113.01158823    0.01601531
3.0      2.10 -113.17357413 -113.00838140 -113.17262437 -113.00933115    0.01248962
3.0      2.20 -113.17099795 -113.00513715 -113.17046936 -113.00566574    0.00934841
3.0      2.30 -113.16712483 -113.00063618 -113.16689945 -113.00086156    0.00612141
3.0      2.40 -113.16225297 -112.99518260 -113.16219390 -112.99524167    0.00314101
3.0      2.50 -113.15663399 -112.98903275 -113.15663330 -112.98903344    0.00033992
3.0      2.60 -113.15047679 -112.98239999 -113.15044639 -112.98243040   -0.00226055
3.0      2.70 -113.14395254 -112.97546041 -113.14381864 -112.97559430   -0.00474793
3.0      2.80 -113.13719944 -112.96835935 -113.13690368 -112.96865510   -0.00706032
3.0      2.90 -113.13032824 -112.96122022 -113.12981585 -112.96173261   -0.00929440
3.0      3.00 -113.12342561 -112.95415657 -113.12266158 -112.95492060   -0.01134648
3.0      3.10 -113.11655764 -112.94729528 -113.11553482 -112.94831811   -0.01311792
3.0      3.20 -113.10776767 -112.94044471 -113.10665771 -112.94155467   -0.01358270
3.0      3.30 -113.10239159 -112.93347527 -113.10040873 -112.93545813   -0.01819358
3.0      3.40 -113.09584408 -112.93788556 -113.09371462 -112.94001502   -0.01821624
3.0      3.50 -113.08951672 -112.94210068 -113.08730432 -112.94431308   -0.01792341
3.0      3.60 -113.08340255 -112.94590823 -113.08111795 -112.94819283   -0.01757554
3.0      3.70 -113.07750628 -112.94929476 -113.07514822 -112.95165282   -0.01722699
3.0      3.80 -113.07183220 -112.95228535 -113.06943763 -112.95467992   -0.01674899
3.0      3.90 -113.06638241 -112.95491453 -113.06396987 -112.95732707   -0.01622036
3.0      4.00 -113.06115678 -112.95721803 -113.05875423 -112.95962057   -0.01561875
3.0      4.10 -113.05615336 -112.95923018 -113.05377880 -112.96160474   -0.01498370
3.0      4.20 -113.05136873 -112.96098280 -113.04904839 -112.96330314   -0.01429484
3.0      4.40 -113.04243789 -112.96382319 -113.04024644 -112.96601464   -0.01294133
3.0      4.60 -113.03432368 -112.96594109 -113.03230880 -112.96795597   -0.01156387
3.0      4.80 -113.02698559 -112.96750052 -113.02518296 -112.96930315   -0.01019709
3.0      5.00 -113.02038894 -112.96863256 -113.01881846 -112.97020305   -0.00887785
3.0      5.20 -113.01450763 -112.96944001 -113.01319044 -112.97075720   -0.00759128
3.0      5.40 -113.00932416 -112.97000127 -113.00825870 -112.97106674   -0.00638450
3.0      5.60 -113.00482583 -112.97037513 -113.00400544 -112.97119552   -0.00525261
3.0      5.80 -113.00099700 -112.97060634 -113.00039437 -112.97120897   -0.00423689
3.0      6.00 -112.99781216 -112.97072959 -112.99739013 -112.97115162   -0.00335431
3.0      7.00 -112.98949834 -112.97059069 -112.98946428 -112.97062476   -0.00080182
3.0      8.00 -112.98755831 -112.97033074 -112.98755701 -112.97033204   -0.00014968
3.0      9.00 -112.98715254 -112.97021328 -112.98715252 -112.97021330   -0.00002093
3.0     10.00 -112.98572360 -112.96556788 -112.98572358 -112.96556790   -0.00002024
3.0     12.00 -112.98566480 -112.96556318 -112.98566480 -112.96556318   -0.00000669
3.0     14.00 -112.98564510 -112.96556688 -112.98564510 -112.96556688   -0.00000369
3.0     16.00 -112.98563562 -112.96557102 -112.98563562 -112.96557102   -0.00000204
3.0     18.00 -112.98563055 -112.96557462 -112.98563055 -112.96557462   -0.00000092
3.0     20.00 -112.98562763 -112.96557758 -112.98562763 -112.96557758   -0.00000008

3.1      0.20 -112.79657036 -112.65471801 -112.77232636 -112.67896201    0.05339754
3.1      0.60 -112.86480701 -112.72552617 -112.80497412 -112.78535906    0.06894636
3.1      1.00 -113.00398322 -112.86042964 -112.96519903 -112.89921382    0.06374477
3.1      1.40 -113.11144050 -112.96490636 -113.09556041 -112.98078646    0.04554996
3.1      1.60 -113.14000480 -112.99166810 -113.13039622 -113.00127667    0.03650999
3.1      1.80 -113.15427108 -113.00417039 -113.14858681 -113.00985466    0.02865139
3.1      2.00 -113.15766500 -113.00591838 -113.15457332 -113.00901006    0.02143815
3.1      2.10 -113.15633443 -113.00382737 -113.15412857 -113.00603323    0.01820834
3.1      2.20 -113.15347968 -113.00026108 -113.15196006 -113.00178070    0.01518304
3.1      2.30 -113.14941902 -112.99554206 -113.14841937 -112.99654171    0.01236216
3.1      2.40 -113.14442765 -112.98994929 -113.14381945 -112.99055748    0.00967387
3.1      2.50 -113.13873938 -112.98371983 -113.13841049 -112.98404872    0.00713276
3.1      2.60 -113.13254962 -112.97705252 -113.13240432 -112.97719781    0.00475091
3.1      2.70 -113.12601939 -112.97011265 -113.12598399 -112.97014804    0.00234894
3.1      2.80 -113.11927956 -112.96303722 -113.11927921 -112.96303757    0.00023207
3.1      2.90 -113.11062793 -112.95531325 -113.11061092 -112.95533026   -0.00162554
3.1      3.00 -113.10335343 -112.94815194 -113.10328273 -112.94822264   -0.00331169
3.1      3.10 -113.09874806 -112.94210058 -113.09857019 -112.94227846   -0.00527567
3.1      3.20 -113.09140477 -112.92095639 -113.09083835 -112.92152280   -0.00980939
3.1      3.30 -113.08505523 -112.92273891 -113.08435274 -112.92344140   -0.01065517
3.1      3.40 -113.07840700 -112.92156956 -113.07748034 -112.92249622   -0.01201979
3.1      3.50 -113.07204103 -112.92426914 -113.07096708 -112.92534308   -0.01255170
3.1      3.60 -113.06595390 -112.92751180 -113.06477436 -112.92869134   -0.01272422
3.1      3.70 -113.06010306 -112.93059501 -113.05885049 -112.93184758   -0.01267476
3.1      3.80 -113.05448321 -112.93339639 -113.05316636 -112.93471325   -0.01255866
3.1      3.90 -113.04909347 -112.93589803 -113.04773026 -112.93726124   -0.01234709
3.1      4.00 -113.04393271 -112.93811182 -113.04254083 -112.93950370   -0.01205623
3.1      4.10 -113.03899876 -112.94005933 -113.03755329 -112.94150479   -0.01187115
3.1      4.20 -113.03428848 -112.94176479 -113.03285512 -112.94319814   -0.01142649
3.1      4.40 -113.02552324 -112.94454513 -113.02414156 -112.94592681   -0.01048700
3.1      4.60 -113.01760346 -112.94662987 -113.01632150 -112.94791184   -0.00945211
3.1      4.80 -113.01049726 -112.94816903 -113.00935398 -112.94931231   -0.00836370
3.1      5.00 -113.00417833 -112.94928506 -113.00320440 -112.95025899   -0.00724664
3.1      5.20 -112.99862606 -112.95007538 -112.99782867 -112.95087277   -0.00617073
3.1      5.40 -112.99382173 -112.95061602 -112.99319872 -112.95123904   -0.00515071
3.1      5.60 -112.98974199 -112.95096611 -112.98928052 -112.95142758   -0.00420487
3.1      5.80 -112.98635165 -112.95117273 -112.98602740 -112.95149698   -0.00336177
3.1      6.00 -112.98359880 -112.95127442 -112.98338344 -112.95148978   -0.00262960
3.1      7.00 -112.97673547 -112.95112536 -112.97672097 -112.95113986   -0.00060929
3.1      8.00 -112.97517729 -112.95090011 -112.97517676 -112.95090064   -0.00011300
3.1      9.00 -112.97483910 -112.95079290 -112.97483908 -112.95079292   -0.00002101
3.1     10.00 -112.97474569 -112.95074048 -112.97474569 -112.95074048   -0.00000519
3.1     12.00 -112.97468843 -112.95069454 -112.97468843 -112.95069454   -0.00000104
3.1     14.00 -112.97466751 -112.95067565 -112.97466751 -112.95067565   -0.00000023
3.1     16.00 -112.97465749 -112.95066641 -112.97465749 -112.95066641   -0.00000012
3.1     18.00 -112.97465219 -112.95066143 -112.97465219 -112.95066143   -0.00000029
3.1     20.00 -112.97464917 -112.95065857 -112.97464917 -112.95065857   -0.00000038

3.2      0.20 -112.83493263 -112.71048643 -112.73411060 -112.81130846    0.04880407
3.2      0.60 -112.89141464 -112.76897499 -112.82292629 -112.83746334    0.06078680
3.2      1.00 -113.01001127 -112.88246214 -112.98003610 -112.91243730    0.05408138
3.2      1.40 -113.10247814 -112.96950300 -113.08994771 -112.98203344    0.03884874
3.2      1.60 -113.12727783 -112.99197600 -113.11952052 -112.99973332    0.03145478
3.2      1.80 -113.13929384 -113.00188706 -113.13468440 -113.00649651    0.02474110
3.2      2.00 -113.14143159 -113.00215771 -113.13888406 -113.00470523    0.01866318
3.2      2.10 -113.13972116 -112.99960732 -113.13787528 -113.00145320    0.01597580
3.2      2.20 -113.13660307 -112.99571358 -113.13530990 -112.99700675    0.01343581
3.2      2.30 -113.13236760 -112.99076851 -113.13148757 -112.99164854    0.01112820
3.2      2.40 -113.12726834 -112.98502705 -113.12671311 -112.98558228    0.00886949
3.2      2.50 -113.12152204 -112.97870773 -113.12118581 -112.97904396    0.00692136
3.2      2.60 -113.11531112 -112.97199525 -113.11515591 -112.97215046    0.00471384
3.2      2.70 -113.10878673 -112.96504390 -113.10873003 -112.96510060    0.00285442
3.2      2.80 -113.10207245 -112.95798230 -113.10206390 -112.95799084    0.00110982
3.2      2.90 -113.09526806 -112.95091850 -113.09526612 -112.95092044   -0.00052880
3.2      3.00 -113.08845308 -112.94394650 -113.08842539 -112.94397419   -0.00200029
3.2      3.10 -113.08169027 -112.93715421 -113.08160861 -112.93723587   -0.00343450
3.2      3.20 -113.07502737 -112.93063638 -113.07486753 -112.93079622   -0.00480147
3.2      3.30 -113.06849859 -112.92451553 -113.06824266 -112.92477145   -0.00606491
3.2      3.40 -113.06211771 -112.91892003 -113.06174416 -112.91929358   -0.00730419
3.2      3.50 -113.05559161 -112.91185823 -113.05501948 -112.91243036   -0.00905024
3.2      3.60 -113.04941941 -112.91220714 -113.04872095 -112.91290560   -0.00976469
3.2      3.70 -113.04360003 -112.91434206 -113.04281343 -112.91512867   -0.01005267
3.2      3.80 -113.03804060 -112.91666571 -113.03719345 -112.91751286   -0.01010471
3.2      3.90 -113.03272461 -112.91888163 -113.03182398 -112.91978227   -0.01008562
3.2      4.00 -113.02764624 -112.92090780 -113.02670717 -112.92184686   -0.00996757
3.2      4.10 -113.02280167 -112.92272484 -113.02184452 -112.92368199   -0.00974027
3.2      4.20 -113.01818730 -112.92433617 -113.01722134 -112.92530213   -0.00947224
3.2      4.40 -113.00963436 -112.92699407 -113.00869018 -112.92793824   -0.00878268
3.2      4.60 -113.00195756 -112.92900670 -113.00107180 -112.92989246   -0.00798949
3.2      4.80 -112.99512975 -112.93050024 -112.99434932 -112.93128067   -0.00705903
3.2      5.00 -112.98912737 -112.93158468 -112.98847167 -112.93224038   -0.00610747
3.2      5.20 -112.98392770 -112.93235111 -112.98340288 -112.93287593   -0.00517620
3.2      5.40 -112.97950291 -112.93287306 -112.97910371 -112.93327225   -0.00429596
3.2      5.60 -112.97581362 -112.93320965 -112.97552673 -112.93349654   -0.00348432
3.2      5.80 -112.97280438 -112.93340901 -112.97260894 -112.93360445   -0.00276785
3.2      6.00 -112.97040340 -112.93351042 -112.97027729 -112.93363653   -0.00215325
3.2      7.00 -112.96458638 -112.93342068 -112.96457836 -112.93342870   -0.00050002
3.2      8.00 -112.96327935 -112.93323409 -112.96327903 -112.93323440   -0.00009737
3.2      9.00 -112.96298549 -112.93313612 -112.96298547 -112.93313613   -0.00001932
3.2     10.00 -112.96289953 -112.93308554 -112.96289953 -112.93308554   -0.00000451
3.2     12.00 -112.96284394 -112.93304022 -112.96284394 -112.93304022   -0.00000021
3.2     14.00 -112.96282321 -112.93302145 -112.96282321 -112.93302145   -0.00000104
3.2     16.00 -112.96281327 -112.93301225 -112.96281327 -112.93301225   -0.00000135
3.2     18.00 -112.96280800 -112.93300730 -112.96280800 -112.93300730   -0.00000150
3.2     20.00 -112.96280499 -112.93300444 -112.96280499 -112.93300444   -0.00000159

