      1.6   1.40   -109.61443081   -109.05355112   -109.55862029   -109.10936164
      1.6   1.60   -111.25702446   -110.69827394   -111.20098353   -110.75431487
      1.6   1.80   -112.11636116   -111.55755861   -112.06423748   -111.60968229
      1.6   2.00   -112.57367276   -112.01426865   -112.52564680   -112.06229462
      1.6   2.10   -112.71435130   -112.15469291   -112.66782556   -112.20121866
      1.6   2.20   -112.81629181   -112.25650045   -112.77052210   -112.30227016
      1.6   2.30   -112.88946853   -112.32971882   -112.84361921   -112.37556814
      1.6   2.40   -112.94123138   -112.38174462   -112.89436487   -112.42861113
      1.6   2.50   -112.97700925   -112.41805514   -112.92817333   -112.46689106
      1.6   2.60   -113.00081896   -112.44272789   -112.94851072   -112.49503613
      1.6   2.70   -113.01564536   -112.45882552   -112.95841550   -112.51605539
      1.6   2.80   -113.02372359   -112.46868506   -112.95995132   -112.53245733
      1.6   2.90   -113.02674223   -112.47412788   -112.95472929   -112.54614081
      1.6   3.00   -113.02597710   -112.47661670   -112.94512086   -112.55747294
      1.6   3.10   -113.02239330   -112.47737462   -112.93339418   -112.56637374
      1.6   3.20   -113.01674990   -112.47744902   -112.92109313   -112.57310579
      1.6   3.30   -113.00964712   -112.47776411   -112.90850941   -112.57890182
      1.6   3.40   -113.00155364   -112.47923714   -112.89610320   -112.58468759
      1.6   3.50   -112.99284094   -112.48320141   -112.88440862   -112.59163373
      1.6   3.60   -112.98377321   -112.49717415   -112.88141616   -112.59953120
      1.6   3.70   -112.97433061   -112.51112794   -112.87180623   -112.61365232
      1.6   3.80   -112.96486386   -112.52646411   -112.86276444   -112.62856353
      1.6   3.90   -112.95551901   -112.54212607   -112.85460264   -112.64304244
      1.6   4.00   -112.94637190   -112.55764379   -112.84729834   -112.65671734
      1.6   4.10   -112.93746836   -112.57275047   -112.84061393   -112.66960491
      1.6   4.20   -112.92884087   -112.58728306   -112.83479857   -112.68132536
      1.6   4.40   -112.91249553   -112.61426082   -112.82498334   -112.70177301
      1.6   4.60   -112.89743260   -112.63819973   -112.81698852   -112.71864380
      1.6   4.80   -112.88366739   -112.65908934   -112.81045291   -112.73230381
      1.6   5.00   -112.87116457   -112.67711038   -112.80506281   -112.74321214
      1.6   5.20   -112.85985989   -112.69253377   -112.80054437   -112.75184928
      1.6   5.40   -112.84967523   -112.70566110   -112.79670826   -112.75862807
      1.6   5.60   -112.84052823   -112.71679033   -112.79341766   -112.76390090
      1.6   5.80   -112.83233757   -112.72619802   -112.79057208   -112.76796351
      1.6   6.00   -112.82502529   -112.73413144   -112.78808953   -112.77106720
      1.6   7.00   -112.79920957   -112.75826520   -112.77931458   -112.77816019
      1.6   8.00   -112.78619008   -112.76746953   -112.77956258   -112.77409703
      1.6   9.00   -112.78110364   -112.76944251   -112.77973672   -112.77080943
      1.6  10.00   -112.77992032   -112.76848847   -112.77971702   -112.76869176
      1.6  12.00   -112.77967065   -112.76625257   -112.77966725   -112.76625597
      1.6  14.00   -112.77964901   -112.76492418   -112.77964898   -112.76492421
      1.6  16.00   -112.77964219   -112.76398338   -112.77964219   -112.76398338
      1.6  18.00   -112.77963955   -112.76349015   -112.77963955   -112.76349015
      1.6  20.00   -112.77963859   -112.76315416   -112.77963859   -112.76315416

      1.7   1.40   -109.17045068   -108.65703372   -109.11061869   -108.71686571
      1.7   1.60   -111.08565069   -110.56817016   -111.02897271   -110.62484814
      1.7   1.80   -112.09317759   -111.57307906   -112.04099247   -111.62526419
      1.7   2.00   -112.63127609   -112.10896959   -112.58355988   -112.15668580
      1.7   2.10   -112.79764070   -112.27445074   -112.75154452   -112.32054691
      1.7   2.20   -112.91884249   -112.39495018   -112.87395741   -112.43983526
      1.7   2.30   -113.00650950   -112.48212236   -112.96192488   -112.52670698
      1.7   2.40   -113.06919757   -112.54454683   -113.02415468   -112.58958973
      1.7   2.50   -113.11322730   -112.58857025   -113.06677123   -112.63502633
      1.7   2.60   -113.14327981   -112.61890791   -113.09450920   -112.66767852
      1.7   2.70   -113.16283521   -112.63908537   -113.11054897   -112.69137161
      1.7   2.80   -113.17449731   -112.65176640   -113.11724307   -112.70902064
      1.7   2.90   -113.18023348   -112.65899513   -113.11627887   -112.72294974
      1.7   3.00   -113.18154464   -112.66237234   -113.10900117   -112.73491580
      1.7   3.10   -113.17956126   -112.66318364   -113.09640621   -112.74633869
      1.7   3.20   -113.17512351   -112.66249570   -113.08416072   -112.75345849
      1.7   3.30   -113.16890826   -112.66121895   -113.07211389   -112.75801332
      1.7   3.40   -113.16144785   -112.66019115   -113.06003045   -112.76160855
      1.7   3.50   -113.15315046   -112.66031291   -113.04845377   -112.76500959
      1.7   3.60   -113.14433878   -112.66288823   -113.03792531   -112.76930169
      1.7   3.70   -113.13529572   -112.67134623   -113.03071277   -112.77592919
      1.7   3.80   -113.12608487   -112.68237660   -113.02400217   -112.78445931
      1.7   3.90   -113.11686775   -112.69568168   -113.01588617   -112.79666325
      1.7   4.00   -113.10773459   -112.71005167   -113.00832170   -112.80946456
      1.7   4.10   -113.09877559   -112.72461960   -113.00147867   -112.82191652
      1.7   4.20   -113.09005431   -112.73895647   -112.99550874   -112.83350204
      1.7   4.40   -113.07347184   -112.76608574   -112.98527503   -112.85428255
      1.7   4.60   -113.05815220   -112.79051170   -112.97708620   -112.87157771
      1.7   4.80   -113.04413463   -112.81200205   -112.97042253   -112.88571416
      1.7   5.00   -113.03139304   -112.83063614   -112.96495724   -112.89707194
      1.7   5.20   -113.01986628   -112.84663812   -112.96040920   -112.90609521
      1.7   5.40   -113.00947649   -112.86028993   -112.95657624   -112.91319018
      1.7   5.60   -113.00014043   -112.87188437   -112.95330748   -112.91871732
      1.7   5.80   -112.99177547   -112.88170016   -112.95049079   -112.92298483
      1.7   6.00   -112.98430220   -112.88999016   -112.94804251   -112.92624985
      1.7   7.00   -112.95781209   -112.91538470   -112.93946666   -112.93373014
      1.7   8.00   -112.94402356   -112.92562040   -112.93521021   -112.93443375
      1.7   9.00   -112.93771063   -112.92898511   -112.93539376   -112.93130199
      1.7  10.00   -112.93574425   -112.92890687   -112.93537133   -112.92927979
      1.7  12.00   -112.93532247   -112.92698828   -112.93531666   -112.92699409
      1.7  14.00   -112.93529613   -112.92575515   -112.93529608   -112.92575520
      1.7  16.00   -112.93528806   -112.92488060   -112.93528806   -112.92488060
      1.7  18.00   -112.93528466   -112.92443195   -112.93528466   -112.92443195
      1.7  20.00   -112.93528318   -112.92412806   -112.93528318   -112.92412806

      1.8   1.40   -108.60324766   -108.14389754   -108.59075615   -108.15638905
      1.8   1.60   -110.81176899   -110.33822475   -110.80504511   -110.34494863
      1.8   1.80   -111.98658466   -111.50682808   -111.98145056   -111.51196218
      1.8   2.00   -112.61708412   -112.13312410   -112.61167289   -112.13853533
      1.8   2.10   -112.81288524   -112.32731667   -112.80669928   -112.33350263
      1.8   2.20   -112.95615454   -112.46925738   -112.94881914   -112.47659278
      1.8   2.30   -113.06041755   -112.57245936   -113.05139000   -112.58148690
      1.8   2.40   -113.13561746   -112.64686327   -113.12431472   -112.65816601
      1.8   2.50   -113.18909963   -112.69981922   -113.17451080   -112.71440805
      1.8   2.60   -113.22630741   -112.73678284   -113.20708768   -112.75600258
      1.8   2.70   -113.25128809   -112.76182462   -113.22573923   -112.78737349
      1.8   2.80   -113.26706675   -112.77800262   -113.23337947   -112.81168989
      1.8   2.90   -113.27592293   -112.78764125   -113.23202794   -112.83153624
      1.8   3.00   -113.27959502   -112.79253474   -113.22332595   -112.84880381
      1.8   3.10   -113.27942475   -112.79409523   -113.20820334   -112.86531664
      1.8   3.20   -113.27638908   -112.79344665   -113.19145275   -112.87838297
      1.8   3.30   -113.27120832   -112.79148283   -113.17791311   -112.88477804
      1.8   3.40   -113.26450589   -112.78896972   -113.16555947   -112.88791615
      1.8   3.50   -113.25675125   -112.78661527   -113.15375207   -112.88961445
      1.8   3.60   -113.24829572   -112.78516892   -113.14278185   -112.89068279
      1.8   3.70   -113.23941202   -112.78561860   -113.13399997   -112.89103065
      1.8   3.80   -113.23034773   -112.78939118   -113.12610519   -112.89363372
      1.8   3.90   -113.22127370   -112.79815389   -113.11871250   -112.90071509
      1.8   4.00   -113.21221966   -112.80940124   -113.11111707   -112.91050383
      1.8   4.10   -113.20330101   -112.82222151   -113.10423313   -112.92128940
      1.8   4.20   -113.19457397   -112.83565763   -113.09810292   -112.93212869
      1.8   4.40   -113.17669231   -112.86109316   -113.08632626   -112.95145921
      1.8   4.60   -113.16124662   -112.88574141   -113.07819662   -112.96879141
      1.8   4.80   -113.14706714   -112.90771159   -113.07162533   -112.98315341
      1.8   5.00   -113.13415176   -112.92690068   -113.06623341   -112.99481903
      1.8   5.20   -113.12245237   -112.94345311   -113.06181866   -113.00408682
      1.8   5.40   -113.11189758   -112.95761623   -113.05811166   -113.01140216
      1.8   5.60   -113.10240728   -112.96966986   -113.05498342   -113.01709373
      1.8   5.80   -113.09390026   -112.97989054   -113.05228391   -113.02150689
      1.8   6.00   -113.08629769   -112.98853410   -113.04994429   -113.02488750
      1.8   7.00   -113.05933605   -113.01511700   -113.04182287   -113.03263018
      1.8   8.00   -113.04519945   -113.02606308   -113.03710506   -113.03415748
      1.8   9.00   -113.03823288   -113.03030482   -113.03434824   -113.03418947
      1.8  10.00   -113.03520247   -113.03140869   -113.03432796   -113.03228320
      1.8  12.00   -113.03429055   -113.03018686   -113.03427792   -113.03019948
      1.8  14.00   -113.03426157   -113.02910110   -113.03426147   -113.02910120
      1.8  16.00   -113.03425652   -113.02826125   -113.03425652   -113.02826125
      1.8  18.00   -113.03425535   -113.02787130   -113.03425535   -113.02787130
      1.8  20.00   -113.03425552   -113.02760955   -113.03425552   -113.02760955

      1.9   1.40   -107.94365251   -107.54025051   -107.88531902   -107.59858400
      1.9   1.60   -110.44915935   -110.02294706   -110.39721381   -110.07489259
      1.9   1.80   -111.80960086   -111.37349023   -111.76324553   -111.41984555
      1.9   2.00   -112.54504908   -112.10258940   -112.50363297   -112.14400551
      1.9   2.10   -112.77447433   -112.32959803   -112.73441888   -112.36965349
      1.9   2.20   -112.94297863   -112.49604384   -112.90449931   -112.53452316
      1.9   2.30   -113.06622733   -112.61754206   -113.02867306   -112.65509633
      1.9   2.40   -113.15574274   -112.70557562   -113.11846262   -112.74285574
      1.9   2.50   -113.22004233   -112.76865104   -113.18233027   -112.80636310
      1.9   2.60   -113.26544104   -112.81307939   -113.22657702   -112.85194342
      1.9   2.70   -113.29663545   -112.84356879   -113.25570076   -112.88450348
      1.9   2.80   -113.31713424   -112.86365283   -113.27302667   -112.90776041
      1.9   2.90   -113.32957575   -112.87600987   -113.28120428   -112.92438133
      1.9   3.00   -113.33596231   -112.88268977   -113.28171916   -112.93693291
      1.9   3.10   -113.33784014   -112.88529809   -113.27432954   -112.94880869
      1.9   3.20   -113.33642316   -112.88516165   -113.25993848   -112.96164633
      1.9   3.30   -113.33243939   -112.88308726   -113.24728978   -112.96823688
      1.9   3.40   -113.32661151   -112.87981512   -113.23616210   -112.97026453
      1.9   3.50   -113.31949907   -112.87605615   -113.22472551   -112.97082971
      1.9   3.60   -113.31150830   -112.87242739   -113.21373252   -112.97020316
      1.9   3.70   -113.30294425   -112.86822581   -113.21600813   -112.95516194
      1.9   3.80   -113.29396958   -112.86743886   -113.20915790   -112.95225054
      1.9   3.90   -113.28488002   -112.87017842   -113.19815418   -112.95690427
      1.9   4.00   -113.27582748   -112.87468427   -113.18659075   -112.96392100
      1.9   4.10   -113.26691004   -112.88055924   -113.17528753   -112.97218176
      1.9   4.20   -113.25824742   -112.88919067   -113.16476095   -112.98267714
      1.9   4.40   -113.24162173   -112.91930194   -113.15234404   -113.00857964
      1.9   4.60   -113.22597462   -112.94334273   -113.14329500   -113.02602234
      1.9   4.80   -113.21157094   -112.96538312   -113.13622029   -113.04073377
      1.9   5.00   -113.19843149   -112.98489841   -113.13053803   -113.05279187
      1.9   5.20   -113.18652037   -113.00186077   -113.12592255   -113.06245860
      1.9   5.40   -113.17577111   -113.01644126   -113.12209042   -113.07012195
      1.9   5.60   -113.16610463   -113.02888565   -113.11887365   -113.07611664
      1.9   5.80   -113.15743931   -113.03945683   -113.11613042   -113.08076572
      1.9   6.00   -113.14969547   -113.04840709   -113.11377090   -113.08433166
      1.9   7.00   -113.12225527   -113.07596436   -113.10569947   -113.09252017
      1.9   8.00   -113.10792456   -113.08730926   -113.10109808   -113.09413574
      1.9   9.00   -113.10083770   -113.09178144   -113.09829252   -113.09432661
      1.9  10.00   -113.09738884   -113.09342308   -113.09651609   -113.09429583
      1.9  12.00   -113.09468616   -113.09410907   -113.09456436   -113.09423087
      1.9  14.00   -113.09420759   -113.09352857   -113.09420672   -113.09352944
      1.9  16.00   -113.09419706   -113.09280187   -113.09419706   -113.09280187
      1.9  18.00   -113.09419268   -113.09245005   -113.09419268   -113.09245005
      1.9  20.00   -113.09419057   -113.09221583   -113.09419057   -113.09221583

      2.0   1.40   -107.23658774   -106.88606556   -107.20035625   -106.92229705
      2.0   1.60   -110.01011998   -109.63207037   -109.96247602   -109.67971433
      2.0   1.80   -111.57122665   -111.18331301   -111.53239848   -111.22214117
      2.0   2.00   -112.42462245   -112.03224904   -112.39406070   -112.06281079
      2.0   2.10   -112.69222487   -112.29840338   -112.66485600   -112.32577226
      2.0   2.20   -112.88945758   -112.49436511   -112.86460657   -112.51921612
      2.0   2.30   -113.03434869   -112.63811173   -113.01136546   -112.66109496
      2.0   2.40   -113.14019120   -112.74291623   -113.11843302   -112.76467441
      2.0   2.50   -113.21682631   -112.81861119   -113.19554761   -112.83988989
      2.0   2.60   -113.27155944   -112.87249329   -113.25053303   -112.89351970
      2.0   2.70   -113.30982491   -112.91000272   -113.28861408   -112.93121355
      2.0   2.80   -113.33568097   -112.93519815   -113.31364322   -112.95723591
      2.0   2.90   -113.35217616   -112.95112601   -113.32840448   -112.97489769
      2.0   3.00   -113.36162729   -112.96009970   -113.33404307   -112.98768392
      2.0   3.10   -113.36626709   -112.96450021   -113.31040674   -113.02036056
      2.0   3.20   -113.36654995   -112.96466088   -113.30657322   -113.02463761
      2.0   3.30   -113.36389654   -112.96210216   -113.30007653   -113.02592217
      2.0   3.40   -113.35909768   -112.95768666   -113.29169136   -113.02509299
      2.0   3.50   -113.35276407   -112.95211994   -113.28228680   -113.02259721
      2.0   3.60   -113.34536692   -112.94596522   -113.27252706   -113.01880508
      2.0   3.70   -113.33725350   -112.93969784   -113.26313790   -113.01381345
      2.0   3.80   -113.32863377   -112.93461877   -113.25396571   -113.00928683
      2.0   3.90   -113.31971143   -112.93288579   -113.24386842   -113.00872880
      2.0   4.00   -113.31071495   -112.93417957   -113.23303905   -113.01185547
      2.0   4.10   -113.30178070   -112.93724885   -113.22210132   -113.01692823
      2.0   4.20   -113.29299331   -112.94125180   -113.21147608   -113.02276903
      2.0   4.40   -113.27608916   -112.95075590   -113.19175162   -113.03509344
      2.0   4.60   -113.26063766   -112.97268820   -113.17860830   -113.05471756
      2.0   4.80   -113.24607339   -112.99398288   -113.17060374   -113.06945253
      2.0   5.00   -113.23276883   -113.01350556   -113.16454601   -113.08172838
      2.0   5.20   -113.22069226   -113.03073903   -113.15971809   -113.09171320
      2.0   5.40   -113.20978472   -113.04567140   -113.15578849   -113.09966763
      2.0   5.60   -113.19997137   -113.05847538   -113.15251813   -113.10592862
      2.0   5.80   -113.19117253   -113.06938315   -113.14975740   -113.11079828
      2.0   6.00   -113.18330944   -113.07863523   -113.14739919   -113.11454547
      2.0   7.00   -113.15549474   -113.10716833   -113.13945531   -113.12320777
      2.0   8.00   -113.14113256   -113.11883968   -113.13501932   -113.12495292
      2.0   9.00   -113.13427015   -113.12326391   -113.13235787   -113.12517618
      2.0  10.00   -113.13116888   -113.12468454   -113.13069914   -113.12515428
      2.0  12.00   -113.12893277   -113.12507713   -113.12891788   -113.12509201
      2.0  14.00   -113.12800659   -113.12506714   -113.12800640   -113.12506733
      2.0  16.00   -113.12734024   -113.12505710   -113.12734024   -113.12505710
      2.0  18.00   -113.12703944   -113.12505233   -113.12703944   -113.12505234
      2.0  20.00   -113.12684189   -113.12504996   -113.12684188   -113.12504996

      2.1   1.40   -106.54943076   -106.24827575   -106.51719355   -106.28051296
      2.1   1.60   -109.50874833   -109.17524272   -109.46499724   -109.21899381
      2.1   1.80   -111.27818222   -110.93458436   -111.24378267   -110.96898391
      2.1   2.00   -112.26229405   -111.91343709   -112.23528274   -111.94044839
      2.1   2.10   -112.57299003   -112.22226117   -112.54891711   -112.24633408
      2.1   2.20   -112.80283394   -112.45053218   -112.78102908   -112.47233703
      2.1   2.30   -112.97238613   -112.61872733   -112.95244734   -112.63866612
      2.1   2.40   -113.09688478   -112.74203806   -113.07822954   -112.76069330
      2.1   2.50   -113.18753648   -112.83177238   -113.16823216   -112.85107669
      2.1   2.60   -113.25309823   -112.89624970   -113.23589284   -112.91345510
      2.1   2.70   -113.29950737   -112.94181586   -113.28237240   -112.95895083
      2.1   2.80   -113.33156214   -112.97312274   -113.31413883   -112.99054605
      2.1   2.90   -113.35277757   -112.99368797   -113.33449716   -113.01196838
      2.1   3.00   -113.36580981   -113.00617242   -113.34563647   -113.02634575
      2.1   3.10   -113.37316724   -113.01293437   -113.32589346   -113.06020815
      2.1   3.20   -113.37552893   -113.01497833   -113.32429609   -113.06621116
      2.1   3.30   -113.37444624   -113.01373139   -113.31969318   -113.06848445
      2.1   3.40   -113.37082136   -113.01014266   -113.31258713   -113.06837689
      2.1   3.50   -113.36535128   -113.00497289   -113.30395124   -113.06637293
      2.1   3.60   -113.35857533   -112.99884407   -113.29435470   -113.06306470
      2.1   3.70   -113.35090969   -112.99226046   -113.28439263   -113.05877752
      2.1   3.80   -113.34267307   -112.98553976   -113.27457201   -113.05364082
      2.1   3.90   -113.33406246   -112.97930256   -113.26521186   -113.04815316
      2.1   4.00   -113.32520842   -112.97592319   -113.25575412   -113.04537749
      2.1   4.10   -113.31631611   -112.97588322   -113.24538939   -113.04680994
      2.1   4.20   -113.30752209   -112.97792457   -113.23507765   -113.05036901
      2.1   4.40   -113.29050848   -112.98464065   -113.21566550   -113.05948363
      2.1   4.60   -113.27452671   -112.99225282   -113.19834964   -113.06842989
      2.1   4.80   -113.25975779   -113.00049729   -113.18355797   -113.07669711
      2.1   5.00   -113.24669151   -113.02273886   -113.17784883   -113.09158155
      2.1   5.20   -113.23445929   -113.03976794   -113.17265380   -113.10157344
      2.1   5.40   -113.22340174   -113.05485649   -113.16858120   -113.10967703
      2.1   5.60   -113.21344809   -113.06792563   -113.16525858   -113.11611514
      2.1   5.80   -113.20452101   -113.07911957   -113.16250053   -113.12114005
      2.1   6.00   -113.19654282   -113.08864456   -113.16016992   -113.12501746
      2.1   7.00   -113.16836778   -113.11810859   -113.15246600   -113.13401037
      2.1   8.00   -113.15399858   -113.13008248   -113.14825502   -113.13582603
      2.1   9.00   -113.14738886   -113.13443334   -113.14576783   -113.13605437
      2.1  10.00   -113.14459152   -113.13567944   -113.14424238   -113.13602858
      2.1  12.00   -113.14265142   -113.13595276   -113.14264231   -113.13596188
      2.1  14.00   -113.14187431   -113.13593554   -113.14187420   -113.13593565
      2.1  16.00   -113.14125445   -113.13592474   -113.14125445   -113.13592474
      2.1  18.00   -113.14100560   -113.13591958   -113.14100560   -113.13591958
      2.1  20.00   -113.14084533   -113.13591693   -113.14084533   -113.13591693

      2.13   1.40   -106.34660929   -106.06048560   -106.31545439   -106.09164050
      2.13   1.60   -109.33690844   -109.01677409   -109.29421801   -109.05946451
      2.13   1.80   -111.17311285   -110.84270872   -111.13970198   -110.87611959
      2.13   2.00   -112.20186150   -111.86600078   -112.17563311   -111.89222917
      2.13   2.10   -112.52750967   -112.18970183   -112.50423457   -112.21297693
      2.13   2.20   -112.76872204   -112.42928579   -112.74760123   -112.45040660
      2.13   2.30   -112.94689672   -112.60606400   -112.92765333   -112.62530738
      2.13   2.40   -113.07793170   -112.73587767   -113.05998349   -112.75382587
      2.13   2.50   -113.17365195   -112.83051556   -113.15663748   -112.84753003
      2.13   2.60   -113.24286431   -112.89876172   -113.22643283   -112.91519321
      2.13   2.70   -113.29213490   -112.94716847   -113.27592679   -112.96337658
      2.13   2.80   -113.32636900   -112.98063589   -113.30994357   -112.99706133
      2.13   2.90   -113.34924668   -113.00284095   -113.33212555   -113.01996208
      2.13   3.00   -113.36383233   -113.00389140   -113.32839771   -113.03932603
      2.13   3.10   -113.37185289   -113.02422871   -113.32728708   -113.06879452
      2.13   3.20   -113.37494754   -113.02696539   -113.32630081   -113.07561212
      2.13   3.30   -113.37442100   -113.02621749   -113.32234628   -113.07829222
      2.13   3.40   -113.37121442   -113.02296839   -113.31573352   -113.07844928
      2.13   3.50   -113.36605509   -113.01799888   -113.30735853   -113.07669543
      2.13   3.60   -113.35950546   -113.01194422   -113.29796837   -113.07348131
      2.13   3.70   -113.35199981   -113.00532771   -113.28793519   -113.06939233
      2.13   3.80   -113.34387405   -112.99852158   -113.27798705   -113.06440859
      2.13   3.90   -113.33536525   -112.99178044   -113.26854416   -113.05860153
      2.13   4.00   -113.32659104   -112.98682626   -113.25902979   -113.05438752
      2.13   4.10   -113.31772610   -112.98541269   -113.24928917   -113.05384962
      2.13   4.20   -113.30893589   -112.98659746   -113.23910275   -113.05643060
      2.13   4.40   -113.29189962   -112.99247317   -113.21981491   -113.06455788
      2.13   4.60   -113.27587007   -112.99958184   -113.20253524   -113.07291667
      2.13   4.80   -113.26102370   -113.00673809   -113.18750089   -113.08026090
      2.13   5.00   -113.24747160   -113.01547669   -113.17517397   -113.08777431
      2.13   5.20   -113.23562416   -113.03962134   -113.17359115   -113.10165434
      2.13   5.40   -113.22452048   -113.05466113   -113.16942263   -113.10975897
      2.13   5.60   -113.21452280   -113.06777636   -113.16606428   -113.11623488
      2.13   5.80   -113.20555502   -113.07904409   -113.16329715   -113.12130196
      2.13   6.00   -113.19754003   -113.08864755   -113.16097003   -113.12521755
      2.13   7.00   -113.16924701   -113.11840168   -113.15333704   -113.13431165
      2.13   8.00   -113.15487062   -113.13047711   -113.14919855   -113.13614918
      2.13   9.00   -113.14833137   -113.13481546   -113.14676681   -113.13638001
      2.13  10.00   -113.14561279   -113.13602480   -113.14528408   -113.13635351
      2.13  12.00   -113.14375082   -113.13627734   -113.14374249   -113.13628567
      2.13  14.00   -113.14301082   -113.13625895   -113.14301072   -113.13625904
      2.13  16.00   -113.14241612   -113.13624792   -113.14241612   -113.13624792
      2.13  18.00   -113.14218410   -113.13624262   -113.14218410   -113.13624262
      2.13  20.00   -113.14203591   -113.13623989   -113.14203591   -113.13623989

      2.2   1.40   -105.97214988   -105.71648459   -105.92662245   -105.76201201
      2.2   1.60   -108.96442366   -108.67084191   -108.92394645   -108.71131913
      2.2   1.80   -110.93648003   -110.63235771   -110.90520081   -110.66363693
      2.2   2.00   -112.06257921   -111.75268764   -112.03801970   -111.77724716
      2.2   2.10   -112.42138278   -112.10941691   -112.39945981   -112.13133988
      2.2   2.20   -112.68792706   -112.37423436   -112.66830584   -112.39385558
      2.2   2.30   -112.88537401   -112.57021134   -112.86740924   -112.58817611
      2.2   2.40   -113.03104744   -112.71460745   -113.01447932   -112.73117557
      2.2   2.50   -113.13788310   -112.82031660   -113.12229581   -112.83590389
      2.2   2.60   -113.21554121   -112.89697210   -113.20060772   -112.91190560
      2.2   2.70   -113.27128623   -112.94182992   -113.24742950   -112.96568664
      2.2   2.80   -113.31048132   -112.97988646   -113.28485443   -113.00551336
      2.2   2.90   -113.33715901   -113.00568989   -113.31020623   -113.03264267
      2.2   3.00   -113.35413496   -113.03254714   -113.33792923   -113.04875287
      2.2   3.10   -113.36440074   -113.04218258   -113.33479302   -113.07179030
      2.2   3.20   -113.36932358   -113.04659876   -113.32606740   -113.08985494
      2.2   3.30   -113.37005185   -113.04701486   -113.32350267   -113.09356404
      2.2   3.40   -113.36779242   -113.04458626   -113.31784222   -113.09453646
      2.2   3.50   -113.36334012   -113.04014566   -113.31027132   -113.09321447
      2.2   3.60   -113.35730960   -113.03436036   -113.30128232   -113.09038764
      2.2   3.70   -113.35017556   -113.02777768   -113.29149896   -113.08645428
      2.2   3.80   -113.34230601   -113.02084245   -113.28136710   -113.08178135
      2.2   3.90   -113.33398455   -113.01382949   -113.27149126   -113.07632278
      2.2   4.00   -113.32539873   -113.00697373   -113.26214477   -113.07022769
      2.2   4.10   -113.31663705   -113.00232802   -113.25265539   -113.06630967
      2.2   4.20   -113.30787012   -113.00116678   -113.24284529   -113.06619161
      2.2   4.40   -113.29079719   -113.00479319   -113.22380935   -113.07178103
      2.2   4.60   -113.27468004   -113.01099024   -113.20667164   -113.07899865
      2.2   4.80   -113.25971253   -113.01726322   -113.19157997   -113.08539578
      2.2   5.00   -113.24596433   -113.02314056   -113.17839890   -113.09070599
      2.2   5.20   -113.23345445   -113.02943803   -113.16731012   -113.09558236
      2.2   5.40   -113.22282914   -113.05051919   -113.16718784   -113.10616049
      2.2   5.60   -113.21274608   -113.06359593   -113.16371317   -113.11262884
      2.2   5.80   -113.20369477   -113.07496238   -113.16089806   -113.11775909
      2.2   6.00   -113.19560282   -113.08470522   -113.15856293   -113.12174511
      2.2   7.00   -113.16705418   -113.11504782   -113.15105043   -113.13105156
      2.2   8.00   -113.15264580   -113.12735105   -113.14705803   -113.13293882
      2.2   9.00   -113.14622882   -113.13168873   -113.14474236   -113.13317518
      2.2  10.00   -113.14365037   -113.13284639   -113.14334942   -113.13314733
      2.2  12.00   -113.14193814   -113.13306994   -113.14193083   -113.13307725
      2.2  14.00   -113.14128555   -113.13304968   -113.14128547   -113.13304976
      2.2  16.00   -113.14073403   -113.13303819   -113.14073403   -113.13303819
      2.2  18.00   -113.14053742   -113.13303263   -113.14053742   -113.13303263
      2.2  20.00   -113.14041464   -113.13302972   -113.14041463   -113.13302972

      2.3   1.40   -105.60237635   -105.38736443   -105.56313302   -105.42660776
      2.3   1.60   -108.40550261   -108.14718692   -108.36810286   -108.18458667
      2.3   1.80   -110.55262304   -110.28377052   -110.52417412   -110.31221944
      2.3   2.00   -111.82856751   -111.55376416   -111.80603759   -111.57629408
      2.3   2.10   -112.24036869   -111.96337022   -112.22032528   -111.98341363
      2.3   2.20   -112.54784803   -112.26902047   -112.52979713   -112.28707137
      2.3   2.30   -112.77664770   -112.49626963   -112.76029169   -112.51262564
      2.3   2.40   -112.94624104   -112.66452551   -112.93128340   -112.67948314
      2.3   2.50   -113.07129366   -112.78840800   -113.05735895   -112.80234271
      2.3   2.60   -113.16278357   -112.87894277   -113.14716207   -112.89456428
      2.3   2.70   -113.22906256   -112.94428650   -113.21325892   -112.96009014
      2.3   2.80   -113.27627830   -112.99065919   -113.25992443   -113.00701306
      2.3   2.90   -113.30908290   -113.02270500   -113.29166234   -113.04012556
      2.3   3.00   -113.33097636   -113.04391394   -113.31341933   -113.06147096
      2.3   3.10   -113.34464877   -113.05696904   -113.32357081   -113.07804701
      2.3   3.20   -113.35234225   -113.06403615   -113.31524463   -113.10113377
      2.3   3.30   -113.35514664   -113.06644778   -113.31488552   -113.10670890
      2.3   3.40   -113.35446217   -113.06547730   -113.31120536   -113.10873411
      2.3   3.50   -113.35119341   -113.06205368   -113.30503996   -113.10820713
      2.3   3.60   -113.34604067   -113.05690921   -113.29707804   -113.10587185
      2.3   3.70   -113.33954550   -113.05063087   -113.28795148   -113.10222489
      2.3   3.80   -113.33212709   -113.04369995   -113.27811529   -113.09771175
      2.3   3.90   -113.32411040   -113.03650947   -113.26811310   -113.09250677
      2.3   4.00   -113.31574737   -113.02930077   -113.25835374   -113.08669440
      2.3   4.10   -113.30721061   -113.02212526   -113.24913088   -113.08020498
      2.3   4.20   -113.29856300   -113.01661943   -113.23996371   -113.07521872
      2.3   4.40   -113.28147616   -113.01508920   -113.22164214   -113.07492322
      2.3   4.60   -113.26524684   -113.01949816   -113.20450573   -113.08023927
      2.3   4.80   -113.25012687   -113.02504085   -113.18938592   -113.08578180
      2.3   5.00   -113.23620289   -113.03022050   -113.17609847   -113.09032492
      2.3   5.20   -113.22347642   -113.03471908   -113.16439266   -113.09380283
      2.3   5.40   -113.21190314   -113.03869657   -113.15415116   -113.09644854
      2.3   5.60   -113.20143205   -113.04278214   -113.14544682   -113.09876738
      2.3   5.80   -113.19321011   -113.06160309   -113.14942493   -113.10538827
      2.3   6.00   -113.18502559   -113.07145143   -113.14711914   -113.10935788
      2.3   7.00   -113.15608445   -113.10256325   -113.13974592   -113.11890178
      2.3   8.00   -113.14157375   -113.11524777   -113.13596303   -113.12085849
      2.3   9.00   -113.13526467   -113.11965496   -113.13381670   -113.12110293
      2.3  10.00   -113.13283945   -113.12078897   -113.13255519   -113.12107323
      2.3  12.00   -113.13132346   -113.12099338   -113.13131679   -113.12100005
      2.3  14.00   -113.13078830   -113.12097128   -113.13078823   -113.12097135
      2.3  16.00   -113.13031117   -113.12095921   -113.13031117   -113.12095921
      2.3  18.00   -113.13016651   -113.12095329   -113.13016651   -113.12095329
      2.3  20.00   -113.13008096   -113.12095013   -113.13008096   -113.12095013

      2.4   1.40   -105.51272696   -105.33324087   -105.47983400   -105.36613383
      2.4   1.60   -107.87222307   -107.64457622   -107.83764804   -107.67915125
      2.4   1.80   -110.13538188   -109.89770814   -110.10982054   -109.92326948
      2.4   2.00   -111.56282890   -111.31945289   -111.54242561   -111.33985619
      2.4   2.10   -112.03196456   -111.78637698   -112.01379625   -111.80454529
      2.4   2.20   -112.38456850   -112.13711309   -112.36835092   -112.15333068
      2.4   2.30   -112.64825921   -112.39368461   -112.63262912   -112.40931469
      2.4   2.40   -112.84475405   -112.59441926   -112.83098119   -112.60819212
      2.4   2.50   -112.99036425   -112.73884064   -112.97634668   -112.75285820
      2.4   2.60   -113.09760659   -112.84501198   -113.08643829   -112.85618028
      2.4   2.70   -113.17586587   -112.92233012   -113.16497889   -112.93321711
      2.4   2.80   -113.23222668   -112.97784856   -113.22120127   -112.98887397
      2.4   2.90   -113.27201595   -113.01688164   -113.26042020   -113.02847739
      2.4   3.00   -113.29925275   -113.04343927   -113.28650413   -113.05618788
      2.4   3.10   -113.31698558   -113.06056126   -113.30215287   -113.07539396
      2.4   3.20   -113.32754630   -113.07056798   -113.30948802   -113.08862626
      2.4   3.30   -113.33296029   -113.07543558   -113.29852658   -113.10986929
      2.4   3.40   -113.33408371   -113.07620946   -113.29701685   -113.11327632
      2.4   3.50   -113.33218135   -113.07405804   -113.29251053   -113.11372886
      2.4   3.60   -113.32805082   -113.06979912   -113.28578234   -113.11206760
      2.4   3.70   -113.32230949   -113.06407734   -113.27751218   -113.10887466
      2.4   3.80   -113.31543500   -113.05741028   -113.26818641   -113.10465886
      2.4   3.90   -113.30779746   -113.05022306   -113.25839407   -113.09962646
      2.4   4.00   -113.29968429   -113.04286161   -113.24846756   -113.09407834
      2.4   4.10   -113.29131858   -113.03553464   -113.23882869   -113.08802453
      2.4   4.20   -113.28285539   -113.02819608   -113.22986606   -113.08118541
      2.4   4.40   -113.26587618   -113.01953544   -113.21203405   -113.07337757
      2.4   4.60   -113.24955291   -113.02093620   -113.19520126   -113.07528785
      2.4   4.80   -113.23429191   -113.02548576   -113.18004192   -113.07973575
      2.4   5.00   -113.22020819   -113.03030625   -113.16673204   -113.08378239
      2.4   5.20   -113.20731677   -113.03455661   -113.15501995   -113.08685342
      2.4   5.40   -113.19557564   -113.03807589   -113.14466991   -113.08898162
      2.4   5.60   -113.18491233   -113.04094185   -113.13544747   -113.09040670
      2.4   5.80   -113.17524293   -113.04333561   -113.12722689   -113.09135164
      2.4   6.00   -113.16648715   -113.04553096   -113.11995787   -113.09206024
      2.4   7.00   -113.13877363   -113.08398924   -113.12186445   -113.10089843
      2.4   8.00   -113.12408859   -113.09711501   -113.11829257   -113.10291103
      2.4   9.00   -113.11779517   -113.10168049   -113.11631255   -113.10316310
      2.4  10.00   -113.11546730   -113.10284421   -113.11518002   -113.10313149
      2.4  12.00   -113.11412493   -113.10304887   -113.11411830   -113.10305549
      2.4  14.00   -113.11369998   -113.10302565   -113.11369991   -113.10302573
      2.4  16.00   -113.11330409   -113.10301306   -113.11330409   -113.10301306
      2.4  18.00   -113.11321050   -113.10300682   -113.11321050   -113.10300682
      2.4  20.00   -113.11316151   -113.10300345   -113.11316151   -113.10300345

      2.5   1.40   -105.71693493   -105.56728939   -105.68991581   -105.59430851
      2.5   1.60   -107.41616440   -107.21487686   -107.38324708   -107.24779418
      2.5   1.80   -109.69761198   -109.48703966   -109.67502065   -109.50963099
      2.5   2.00   -111.26817683   -111.05271949   -111.25020950   -111.07068682
      2.5   2.10   -111.79777046   -111.58023472   -111.78164733   -111.59635785
      2.5   2.20   -112.19933151   -111.97998518   -112.18490198   -111.99441471
      2.5   2.30   -112.50163971   -112.28073172   -112.48867854   -112.29369288
      2.5   2.40   -112.72803136   -112.50577377   -112.71616812   -112.51763700
      2.5   2.50   -112.89669898   -112.66822615   -112.88624850   -112.67867663
      2.5   2.60   -113.02165515   -112.79722920   -113.01164181   -112.80724255
      2.5   2.70   -113.11347031   -112.88811785   -113.10392864   -112.89765952
      2.5   2.80   -113.18020488   -112.95402536   -113.17080008   -112.96343015
      2.5   2.90   -113.22793432   -113.00101255   -113.21832672   -113.01062015
      2.5   3.00   -113.26124869   -113.03365970   -113.25107971   -113.04382868
      2.5   3.10   -113.28362636   -113.05543852   -113.27240166   -113.06666323
      2.5   3.20   -113.29771782   -113.06899296   -113.28484277   -113.08186801
      2.5   3.30   -113.30581268   -113.07652131   -113.27652108   -113.10581291
      2.5   3.40   -113.30900430   -113.07933343   -113.27733412   -113.11100361
      2.5   3.50   -113.30867189   -113.07870207   -113.27462027   -113.11275368
      2.5   3.60   -113.30572324   -113.07554763   -113.26928002   -113.11199085
      2.5   3.70   -113.30086145   -113.07059049   -113.26207263   -113.10937931
      2.5   3.80   -113.29463073   -113.06439988   -113.25362807   -113.10540254
      2.5   3.90   -113.28745282   -113.05743306   -113.24430840   -113.10057748
      2.5   4.00   -113.27965438    -113.05006635  -113.23459067   -113.09513006  
      2.5   4.10   -113.27148948   -113.04260395   -113.22477255   -113.08932088
      2.5   4.20   -113.26315532   -113.03521898   -113.21535085   -113.08302346
      2.5   4.40   -113.24641422   -113.02154410   -113.19797409   -113.06998422
      2.5   4.60   -113.23003554   -113.01812161   -113.18114775   -113.06700940
      2.5   4.80   -113.21464176   -113.02099977   -113.16607602   -113.06956552
      2.5   5.00   -113.20040298   -113.02528915   -113.15273110   -113.07296103
      2.5   5.20   -113.18735164   -113.02938174   -113.14101344   -113.07571994
      2.5   5.40   -113.17545518   -113.03283667   -113.13067547   -113.07761639
      2.5   5.60   -113.16464470   -113.03560235   -113.12147619   -113.07877086
      2.5   5.80   -113.15483426   -113.03775803   -113.11322137   -113.07937092
      2.5   6.00   -113.14593320   -113.03942179   -113.10577121   -113.07958379
      2.5   7.00   -113.11742923   -113.06162686   -113.09950809   -113.07954800
      2.5   8.00   -113.10260573   -113.07536149   -113.09645208   -113.08151515
      2.5   9.00   -113.09624049   -113.08017899   -113.09465275   -113.08176673
      2.5  10.00   -113.09395666   -113.08142451   -113.09364899   -113.08173219
      2.5  12.00   -113.09278315   -113.08164629   -113.09277612   -113.08165332
      2.5  14.00   -113.09245569   -113.08162257   -113.09245561   -113.08162265
      2.5  16.00   -113.09213823   -113.08160956   -113.09213823   -113.08160956
      2.5  18.00   -113.09209425   -113.08160305   -113.09209425   -113.08160305
      2.5  20.00   -113.09208074   -113.08159949   -113.09208074   -113.08159949

      2.6   1.40   -106.16440509   -106.03868611   -106.14190021   -106.06119100
      2.6   1.60   -107.09312664   -106.91457530   -107.06071964   -106.94698231
      2.6   1.80   -109.25798531   -109.07043403   -109.23795476   -109.09046459
      2.6   2.00   -110.94851981   -110.75756989   -110.93285683   -110.77323286
      2.6   2.10   -111.53953775   -111.34684791   -111.52550759   -111.36087807
      2.6   2.20   -111.99305481   -111.79874567   -111.98045438   -111.81134610
      2.6   2.30   -112.33729793   -112.14154057   -112.32595252   -112.15288598
      2.6   2.40   -112.59673675   -112.39970414   -112.58643134   -112.41000955
      2.6   2.50   -112.79114821   -112.59303776   -112.78183971   -112.60234626
      2.6   2.60   -112.93594514   -112.73683820   -112.92739180   -112.74539154
      2.6   2.70   -113.04303373   -112.84304076   -113.03498560   -112.85108889
      2.6   2.80   -113.12149097   -112.92070680   -113.11368855   -112.92850922
      2.6   2.90   -113.17821169   -112.97671724   -113.17038067   -112.98454826
      2.6   3.00   -113.21842138   -113.01628807   -113.21027780   -113.02443164
      2.6   3.10   -113.24608434   -113.04337582   -113.23731497   -113.05214519
      2.6   3.20   -113.26421817   -113.06099348   -113.25449096   -113.07072069
      2.6   3.30   -113.27533855   -113.07157429   -113.24944557   -113.09746727
      2.6   3.40   -113.28089042   -113.07673865   -113.25283751   -113.10479156
      2.6   3.50   -113.28235617   -113.07788332   -113.25210803   -113.10813146
      2.6   3.60   -113.28076720   -113.07604790   -113.24829141   -113.10852369
      2.6   3.70   -113.27692421   -113.07204397   -113.24223489   -113.10673329
      2.6   3.80   -113.27144679   -113.06650719   -113.23460439   -113.10334959
      2.6   3.90   -113.26481497   -113.05994095   -113.22589603   -113.09885989
      2.6   4.00   -113.25740099   -113.05275037   -113.21660696   -113.09354440
      2.6   4.10   -113.24949336   -113.04526832   -113.20699047   -113.08777121
      2.6   4.20   -113.24131602   -113.03776190   -113.19740218   -113.08167573
      2.6   4.40   -113.22479010   -113.02295000   -113.17964477   -113.06809533
      2.6   4.60   -113.20846183   -113.01344114   -113.16325692   -113.05864605
      2.6   4.80   -113.19294718   -113.01357798   -113.14815906   -113.05836609
      2.6   5.00   -113.17855685   -113.01695736   -113.13494572   -113.06056848
      2.6   5.20   -113.16534650   -113.02077891   -113.12336240   -113.06276301
      2.6   5.40   -113.15329483   -113.02418201   -113.11319273   -113.06428410
      2.6   5.60   -113.14233894   -113.02695928   -113.10415181   -113.06514640
      2.6   5.80   -113.13239557   -113.02912555   -113.09609883   -113.06542230
      2.6   6.00   -113.12337437   -113.03076803   -113.08881649   -113.06532592
      2.6   7.00   -113.08925577   -113.03433266   -113.06297973   -113.06060871
      2.6   8.00   -113.06973259   -113.03471586   -113.06158176   -113.04286669
      2.6   9.00   -113.07226359   -113.05687224   -113.07045166   -113.05868417
      2.6  10.00   -113.07004919   -113.05826236   -113.06969597   -113.05861558
      2.6  12.00   -113.06927647   -113.05377881   -113.06927281   -113.05378247
      2.6  14.00   -113.06910460   -113.05365506   -113.06910457   -113.05365510
      2.6  16.00   -113.06907858   -113.05358981   -113.06907858   -113.05358981
      2.6  18.00   -113.06911750   -113.05354830   -113.06911750   -113.05354830
      2.6  20.00   -113.06911516   -113.05351980   -113.06911516   -113.05351980

      2.7   1.40   -106.76805086   -106.66057321   -106.75013383   -106.67849024
      2.7   1.60   -106.94875778   -106.79040784   -106.89685056   -106.84231506
      2.7   1.80   -108.84201980   -108.67348926   -108.75972412   -108.75578494
      2.7   2.00   -110.60979425   -110.43999408   -110.55214125   -110.49764708
      2.7   2.10   -111.25979183   -111.08884535   -111.21018938   -111.13844779
      2.7   2.20   -111.76674865   -111.59455301   -111.72313857   -111.63816309
      2.7   2.30   -112.15573511   -111.98232539   -112.11670504   -112.02135546
      2.7   2.40   -112.45122261   -112.27673805   -112.41619503   -112.31176563
      2.7   2.50   -112.67402092   -112.49851646   -112.64239828   -112.53013911
      2.7   2.60   -112.84095083   -112.66453828   -112.81174490   -112.69374421
      2.7   2.70   -112.96516638   -112.78793938   -112.93805427   -112.81505149
      2.7   2.80   -113.05682286   -112.87886545   -113.03158826   -112.90410005
      2.7   2.90   -113.12369559   -112.94507964   -113.10019446   -112.96858076
      2.7   3.00   -113.17170738   -112.99249600   -113.14986687   -113.01433651
      2.7   3.10   -113.20536273   -113.02561460   -113.18509421   -113.04588313
      2.7   3.20   -113.22809353   -113.04786145   -113.20939384   -113.06656114
      2.7   3.30   -113.24265221   -113.06193620   -113.23120786   -113.07338055
      2.7   3.40   -113.25089284   -113.06979651   -113.24062343   -113.08006592
      2.7   3.50   -113.25441321   -113.07299276   -113.24492337   -113.08248260
      2.7   3.60   -113.25438315   -113.07269954   -113.24552573   -113.08155697
      2.7   3.70   -113.25171410   -113.06983518   -113.24340466   -113.07814462
      2.7   3.80   -113.24711133   -113.06511549   -113.23929187   -113.07293495
      2.7   3.90   -113.24112110   -113.05910203   -113.23375122   -113.06647191
      2.7   4.00   -113.23416678   -113.05224068   -113.22719547   -113.05921198
      2.7   4.10   -113.22657681   -113.04489069   -113.21998085   -113.05148665
      2.7   4.20   -113.21860549   -113.03734707   -113.21235382   -113.04359874
      2.7   4.40   -113.20226287   -113.02247735   -113.19665730   -113.02808291
      2.7   4.60   -113.18608318   -113.00887579   -113.18086189   -113.01409709
      2.7   4.80   -113.17047942   -113.00485440   -113.16601435   -113.00931947
      2.7   5.00   -113.15594227   -113.00673224   -113.15217561   -113.01049889
      2.7   5.20   -113.14257410   -113.01006322   -113.13941617   -113.01322115
      2.7   5.40   -113.13036673   -113.01333802   -113.12770572   -113.01599903
      2.7   5.60   -113.11926431   -113.01611578   -113.11702985   -113.01835024
      2.7   5.80   -113.10918701   -113.01832143   -113.10731354   -113.02019490
      2.7   6.00   -113.10004617   -113.02000601   -113.09847068   -113.02158150
      2.7   7.00   -113.06557915   -113.02359538   -113.06495896   -113.02421557
      2.7   8.00   -113.04607343   -113.02403120   -113.04594111   -113.02416352
      2.7   9.00   -113.03889924   -113.02383969   -113.03889022   -113.02384870
      2.7  10.00   -113.03724243   -113.02369326   -113.03724209   -113.02369361
      2.7  12.00   -113.03090904   -113.02216151   -113.03090903   -113.02216151
      2.7  14.00   -113.03077401   -113.02213326   -113.03077401   -113.02213326
      2.7  16.00   -113.03071190   -113.02212307   -113.03071190   -113.02212307
      2.7  18.00   -113.03067332   -113.02211786   -113.03067332   -113.02211787
      2.7  20.00   -113.03064707   -113.02211488   -113.03064707   -113.02211488

      2.8   1.40   -107.44109586   -107.34674365   -107.43007105   -107.35776845
      2.8   1.60   -107.00244449   -106.86303242   -106.95310462   -106.91237230
      2.8   1.80   -108.48062474   -108.32639229   -108.41006885   -108.39694818
      2.8   2.00   -110.26091995   -110.10894802   -110.21065896   -110.15920901
      2.8   2.10   -110.96251530   -110.81027322   -110.92198455   -110.85080396
      2.8   2.20   -111.52197319   -111.36906984   -111.48857210   -111.40247092
      2.8   2.30   -111.95748224   -111.80379746   -111.93087850   -111.83040119
      2.8   2.40   -112.29155133   -112.13698793   -112.26944079   -112.15909847
      2.8   2.50   -112.54536688   -112.38998078   -112.52658669   -112.40876098
      2.8   2.60   -112.73676441   -112.58061230   -112.72061771   -112.59675900
      2.8   2.70   -112.88007046   -112.72321578   -112.86597747   -112.73730877
      2.8   2.80   -112.98652318   -112.82902762   -112.97411602   -112.84143478
      2.8   2.90   -113.06481966   -112.90674038   -113.05382367   -112.91773637
      2.8   3.00   -113.12163418   -112.96302268   -113.11180418   -112.97285268
      2.8   3.10   -113.16206550   -113.00297069   -113.15324431   -113.01179188
      2.8   3.20   -113.19000622   -113.03047315   -113.18196528   -113.03851409
      2.8   3.30   -113.20846934   -113.04852968   -113.19968183   -113.05731719
      2.8   3.40   -113.21977024   -113.05947021   -113.21133366   -113.06790679
      2.8   3.50   -113.22563345   -113.06502119   -113.21755936   -113.07309528
      2.8   3.60   -113.22738584   -113.06651117   -113.21964994   -113.07424707
      2.8   3.70   -113.22606448   -113.06498131   -113.21865541   -113.07239039
      2.8   3.80   -113.22247173   -113.06124130   -113.21536854   -113.06834450
      2.8   3.90   -113.21722875   -113.05592303   -113.21041669   -113.06273509
      2.8   4.00   -113.21081710   -113.04952316   -113.20428193   -113.05605834
      2.8   4.10   -113.20361017   -113.04243693   -113.19734180   -113.04870530
      2.8   4.20   -113.19589737   -113.03498323   -113.18987880   -113.04100180
      2.8   4.40   -113.17979869   -113.01995978   -113.17425818   -113.02550029
      2.8   4.60   -113.16374116   -113.00536100   -113.15852868   -113.01057349
      2.8   4.80   -113.14813130   -112.99621642   -113.14335344   -113.00099428
      2.8   5.00   -113.13345732   -112.99574074   -113.12934957   -112.99984849
      2.8   5.20   -113.11993435   -112.99824781   -113.11651024   -113.00167191
      2.8   5.40   -113.10757265   -113.00126059   -113.10470238   -113.00413086
      2.8   5.60   -113.09632439   -113.00398557   -113.09393350   -113.00637645
      2.8   5.80   -113.08611387   -113.00621398   -113.08412173   -113.00820611
      2.8   6.00   -113.07685457   -113.00794317   -113.07519221   -113.00960553
      2.8   7.00   -113.04207041   -113.01168086   -113.04143693   -113.01231434
      2.8   8.00   -113.02268077   -113.01219649   -113.02250974   -113.01236752
      2.8   9.00   -113.01559410   -113.01210095   -113.01557153   -113.01212353
      2.8  10.00   -113.01394638   -113.01198079   -113.01394514   -113.01198203
      2.8  12.00   -113.01352551   -113.01187689   -113.01352551   -113.01187689
      2.8  14.00   -113.01347836   -113.01184355   -113.01347836   -113.01184355
      2.8  16.00   -113.01346132   -113.01182937   -113.01346132   -113.01182937
      2.8  18.00   -113.01345299   -113.01182225   -113.01345299   -113.01182225
      2.8  20.00   -113.01344850   -113.01181834   -113.01344850   -113.01181834

      2.9   1.40   -108.11859218   -108.03297806   -108.10993852   -108.04163173
      2.9   1.60   -107.23973360   -107.11699412   -107.20040417   -107.15632355
      2.9   1.80   -108.20995906   -108.06894732   -108.16174670   -108.11715968
      2.9   2.00   -109.91461443   -109.77723767   -109.84872058   -109.84313152
      2.9   2.10   -110.65386462   -110.51734109   -110.59782156   -110.57338415
      2.9   2.20   -111.26138994   -111.12500663   -111.21318985   -111.17320673
      2.9   2.30   -111.74336522   -111.60673576   -111.70106324   -111.64903774
      2.9   2.40   -112.11787596   -111.98079549   -112.08012717   -112.01854428
      2.9   2.50   -112.40506443   -112.26744774   -112.37092781   -112.30158437
      2.9   2.60   -112.62323011   -112.48505884   -112.59194808   -112.51634087
      2.9   2.70   -112.78765555   -112.64894322   -112.75879687   -112.67780190
      2.9   2.80   -112.91060242   -112.77137667   -112.88378003   -112.79819905
      2.9   2.90   -113.00170036   -112.86199465   -112.97669877   -112.88699624
      2.9   3.00   -113.06841463   -112.92826306   -113.04510807   -112.95156962
      2.9   3.10   -113.11648673   -112.97592338   -113.09477013   -112.99763999
      2.9   3.20   -113.15031642   -113.00937431   -113.13007860   -113.02961213
      2.9   3.30   -113.17320091   -113.03194710   -113.16060365   -113.04454436
      2.9   3.40   -113.18798332   -113.04640263   -113.17661027   -113.05777567
      2.9   3.50   -113.19651244   -113.05464495   -113.18593757   -113.06521982
      2.9   3.60   -113.20029824   -113.05818323   -113.19036443   -113.06811705
      2.9   3.70   -113.20051938   -113.05819901   -113.19113686   -113.06758153
      2.9   3.80   -113.19808810   -113.05560978   -113.18918635   -113.06451154
      2.9   3.90   -113.19371048   -113.05112941   -113.18524130   -113.05959859
      2.9   4.00   -113.18793367   -113.04531604   -113.17985993   -113.05338977
      2.9   4.10   -113.18118209   -113.03860947   -113.17348132   -113.04631024
      2.9   4.20   -113.17378487   -113.03135997   -113.16642800   -113.03871683
      2.9   4.40   -113.15801361   -113.01631427   -113.15135228   -113.02297560
      2.9   4.60   -113.14203455   -113.00170838   -113.13596708   -113.00777584
      2.9   4.80   -113.12650412   -112.98883447   -113.12094803   -112.99439057
      2.9   5.00   -113.11171926   -112.98491261   -113.10696925   -112.98966262
      2.9   5.20   -113.09804762   -112.98611520   -113.09408606   -112.99007676
      2.9   5.40   -113.08553612   -112.98866920   -113.08225687   -112.99194845
      2.9   5.60   -113.07414660   -112.99125512   -113.07141851   -112.99398320
      2.9   5.80   -113.06380815   -112.99346682   -113.06152388   -112.99575108
      2.9   6.00   -113.05443708   -112.99522228   -113.05252660   -112.99713277
      2.9   7.00   -113.01941898   -112.99906848   -113.01858409   -112.99990337
      2.9   8.00   -113.00111486   -112.99877565   -112.99999924   -112.99989126
      2.9   9.00   -112.99961478   -112.99314631   -112.99960647   -112.99315462
      2.9  10.00   -112.99962742   -112.99158699   -112.99962727   -112.99158714
      2.9  12.00   -112.99951802   -112.99117204   -112.99951802   -112.99117205
      2.9  14.00   -112.99813135   -112.98625641   -112.99813135   -112.98625641
      2.9  16.00   -112.99812183   -112.98620377   -112.99812183   -112.98620377
      2.9  18.00   -112.99811716   -112.98617096   -112.99811716   -112.98617096
      2.9  20.00   -112.99811465   -112.98614890   -112.99811465   -112.98614890

      3.0   1.40   -108.75304434   -108.67629395   -108.74339873   -108.68593957
      3.0   1.60   -107.61640434   -107.50889356   -107.58002250   -107.54527540
      3.0   1.80   -108.05625618   -107.92519007   -108.01507053   -107.96637571
      3.0   2.00   -109.58776341   -109.46179844   -109.52946424   -109.52009761
      3.0   2.10   -110.34287078   -110.21905389   -110.29719939   -110.26472527
      3.0   2.20   -110.98912363   -110.86652797   -110.95309796   -110.90255364
      3.0   2.30   -111.51506365   -111.39300514   -111.48616178   -111.42190701
      3.0   2.40   -111.93062088   -111.80866655   -111.90728971   -111.83199771
      3.0   2.50   -112.25301035   -112.13092090   -112.23390360   -112.15002765
      3.0   2.60   -112.50007211   -112.37772182   -112.48425190   -112.39354203
      3.0   2.70   -112.68764035   -112.56497202   -112.67440796   -112.57820441
      3.0   2.80   -112.82884687   -112.70583983   -112.81765489   -112.71703182
      3.0   2.90   -112.93421692   -112.81086809   -112.92464652   -112.82043848
      3.0   3.00   -113.01202191   -112.88834051   -113.00374499   -112.89661743
      3.0   3.10   -113.06868305   -112.94468495   -113.06149492   -112.95187308
      3.0   3.20   -113.10915073   -112.98485107   -113.10281633   -112.99118548
      3.0   3.30   -113.13703635   -113.01253301   -113.12941668   -113.02015267
      3.0   3.40   -113.15576685   -113.03098611   -113.14848076   -113.03827221
      3.0   3.50   -113.16732276   -113.04229435   -113.16037133   -113.04924577
      3.0   3.60   -113.17342304   -113.04817533   -113.16675465   -113.05484373
      3.0   3.70   -113.17540535   -113.04996944   -113.16901877   -113.05635603
      3.0   3.80   -113.17430550   -113.04871673   -113.16817767   -113.05484456
      3.0   3.90   -113.17092552   -113.04522509   -113.16503182   -113.05111878
      3.0   4.00   -113.16588657   -113.04012471   -113.16020034   -113.04581094
      3.0   4.10   -113.15967072   -113.03390880   -113.15417812   -113.03940140
      3.0   4.20   -113.15265200   -113.02696678   -113.14733481   -113.03228397
      3.0   4.40   -113.13729847   -113.01208853   -113.13227388   -113.01711312
      3.0   4.60   -113.12143435   -112.99732340   -113.11656170   -113.00219605
      3.0   4.80   -113.10596743   -112.98328251   -113.10098894   -112.98826099
      3.0   5.00   -113.09113597   -112.97506607   -113.08632702   -112.97987502
      3.0   5.20   -113.07732732   -112.97429525   -113.07307992   -112.97854265
      3.0   5.40   -113.06467421   -112.97611082   -113.06103081   -112.97975422
      3.0   5.60   -113.05315293   -112.97843309   -113.05006861   -112.98151740
      3.0   5.80   -113.04269871   -112.98056628   -113.04007768   -112.98318731
      3.0   6.00   -113.03323157   -112.98231279   -113.03098823   -112.98455613
      3.0   7.00   -112.99827229   -112.98600511   -112.99689107   -112.98738633
      3.0   8.00   -112.98763338   -112.97840172   -112.98750395   -112.97853116
      3.0   9.00   -112.98727787   -112.97207547   -112.98727456   -112.97207878
      3.0  10.00   -112.98712724   -112.97056399   -112.98712714   -112.97056409
      3.0  12.00   -112.98701299   -112.97015729   -112.98701299   -112.97015729
      3.0  14.00   -112.98697696   -112.97010882   -112.98697696   -112.97010882
      3.0  16.00   -112.98696187   -112.97009131   -112.98696187   -112.97009131
      3.0  18.00   -112.98695436   -112.97008280   -112.98695436   -112.97008280
      3.0  20.00   -112.98695026   -112.97007823   -112.98695026   -112.97007823

      3.1   1.40   -109.34766007   -109.27006460   -109.34329647   -109.27442820
      3.1   1.60   -108.08792168   -107.99022707   -108.06242191   -108.01572684
      3.1   1.80   -108.03772390   -107.91989424   -107.98481497   -107.97280317
      3.1   2.00   -109.30072231   -109.18366465   -109.25006708   -109.23431989
      3.1   2.10   -110.04169674   -109.92794622   -109.98879244   -109.98085052
      3.1   2.20   -110.71150291   -110.60028133   -110.66677870   -110.64500554
      3.1   2.30   -111.27541745   -111.16550200   -111.24158401   -111.19933545
      3.1   2.40   -111.73077327   -111.62167083   -111.70314614   -111.64929796
      3.1   2.50   -112.08925221   -111.98059513   -112.06394586   -112.00590148
      3.1   2.60   -112.36702458   -112.25843933   -112.34799169   -112.27747223
      3.1   2.70   -112.57964961   -112.47103983   -112.56355669   -112.48713275
      3.1   2.80   -112.74089610   -112.63217496   -112.72715562   -112.64591545
      3.1   2.90   -112.86207669   -112.75319426   -112.85021845   -112.76505250
      3.1   3.00   -112.95224792   -112.84317856   -112.94189904   -112.85352743
      3.1   3.10   -113.01853020   -112.90926072   -113.00944613   -112.91834480
      3.1   3.20   -113.06625996   -112.95423224   -113.05126858   -112.96922362
      3.1   3.30   -113.09999356   -112.99044136   -113.09024429   -113.00019062
      3.1   3.40   -113.12318395   -113.01342063   -113.11389972   -113.02270486
      3.1   3.50   -113.13816840   -113.02821064   -113.12932240   -113.03705664
      3.1   3.60   -113.14689737   -113.03676202   -113.13843166   -113.04522773
      3.1   3.70   -113.15088606   -113.04059288   -113.14276048   -113.04871846
      3.1   3.80   -113.15130859   -113.04088156   -113.14350289   -113.04868727
      3.1   3.90   -113.14907467   -113.03854298   -113.14156160   -113.04605605
      3.1   4.00   -113.14488925   -113.03428961   -113.13764986   -113.04152899
      3.1   4.10   -113.13929933   -113.02867708   -113.13230343   -113.03567297
      3.1   4.20   -113.13272944   -113.02214198   -113.12596321   -113.02890821
      3.1   4.40   -113.11789235   -113.00761424   -113.11153967   -113.01396693
      3.1   4.60   -113.10220853   -112.99273376   -113.09619735   -112.99874494
      3.1   4.80   -113.08675428   -112.97864473   -113.08100849   -112.98439053
      3.1   5.00   -113.07195597   -112.96692664   -113.06645856   -112.97242406
      3.1   5.20   -113.05803493   -112.96333290   -113.05313104   -112.96823679
      3.1   5.40   -113.04525258   -112.96401942   -113.04101748   -112.96825452
      3.1   5.60   -113.03361447   -112.96590349   -113.02998438   -112.96953358
      3.1   5.80   -113.02306456   -112.96786927   -113.01993599   -112.97099783
      3.1   6.00   -113.01352959   -112.96955087   -113.01080247   -112.97227799
      3.1   7.00   -112.97976916   -112.97198177   -112.97664452   -112.97510642
      3.1   8.00   -112.97529376   -112.95864668   -112.97522886   -112.95871159
      3.1   9.00   -112.97499180   -112.95257486   -112.97498979   -112.95257686
      3.1  10.00   -112.97483510   -112.95113708   -112.97483504   -112.95113714
      3.1  12.00   -112.97471546   -112.95074101   -112.97471546   -112.95074101
      3.1  14.00   -112.97467810   -112.95069184   -112.97467810   -112.95069184
      3.1  16.00   -112.97466258   -112.95067408   -112.97466258   -112.95067408
      3.1  18.00   -112.97465489   -112.95066548   -112.97465489   -112.95066548
      3.1  20.00   -112.97465071   -112.95066087   -112.97465071   -112.95066087

      3.2   1.40   -109.87124967   -109.79512330   -109.86804853   -109.79832445
      3.2   1.60   -108.59662489   -108.50720377   -108.57624859   -108.52758007
      3.2   1.80   -108.15887341   -108.05473420   -108.11013068   -108.10347693
      3.2   2.00   -109.07218597   -108.96352271   -109.01822128   -109.01748739
      3.2   2.10   -109.76577983   -109.65978737   -109.71877349   -109.70679371
      3.2   2.20   -110.43753702   -110.33497503   -110.39080890   -110.38170315
      3.2   2.30   -111.02886112   -110.92878143   -110.99143389   -110.96620866
      3.2   2.40   -111.52019762   -111.42175923   -111.48988760   -111.45206924
      3.2   2.50   -111.91447787   -111.81706901   -111.88965288   -111.84189400
      3.2   2.60   -112.22397574   -112.12718282   -112.20347145   -112.14768711
      3.2   2.70   -112.46325765   -112.36687809   -112.44351037   -112.38662536
      3.2   2.80   -112.64631844   -112.55004784   -112.63182270   -112.56454357
      3.2   2.90   -112.78487641   -112.68867044   -112.77249712   -112.70104972
      3.2   3.00   -112.88875626   -112.79254436   -112.87807247   -112.80322815
      3.2   3.10   -112.96576759   -112.86950307   -112.95647890   -112.87879176
      3.2   3.20   -113.02166659   -112.92308665   -113.00720241   -112.93755083
      3.2   3.30   -113.06195416   -112.96567051   -113.05209449   -112.97553018
      3.2   3.40   -113.09016807   -112.99375660   -113.08087801   -113.00304665
      3.2   3.50   -113.10902661   -113.01248907   -113.10020814   -113.02130754
      3.2   3.60   -113.12073457   -113.02407490   -113.11232869   -113.03248077
      3.2   3.70   -113.12700403   -113.03023039   -113.11896521   -113.03826921
      3.2   3.80   -113.12916329   -113.03228821   -113.12144832   -113.04000318
      3.2   3.90   -113.12824248   -113.03128409   -113.12082824   -113.03869833
      3.2   4.00   -113.12504072   -113.02802340   -113.11790219   -113.03516192
      3.2   4.10   -113.12017802   -113.02313421   -113.11327796   -113.03003427
      3.2   4.20   -113.11413603   -113.01710742   -113.10744920   -113.02379425
      3.2   4.40   -113.09992548   -113.00310460   -113.09361607   -113.00941402
      3.2   4.60   -113.08449304   -112.98825064   -113.07846763   -112.99427605
      3.2   4.80   -113.06906633   -112.97399400   -113.06322223   -112.97983810
      3.2   5.00   -113.05430045   -112.96089292   -113.04854720   -112.96664618
      3.2   5.20   -113.04032066   -112.95373792   -113.03491374   -112.95914484
      3.2   5.40   -113.02742718   -112.95276812   -113.02263334   -112.95756196
      3.2   5.60   -113.01569214   -112.95397266   -113.01148495   -112.95817985
      3.2   5.80   -113.00507476   -112.95564685   -113.00135467   -112.95936694
      3.2   6.00   -112.99551462   -112.95718139   -112.99216437   -112.96053164
      3.2   7.00   -112.96529278   -112.95604482   -112.96330017   -112.95803744
      3.2   8.00   -112.96345926   -112.94057632   -112.96341480   -112.94062078
      3.2   9.00   -112.96316326   -112.93483005   -112.96316177   -112.93483154
      3.2  10.00   -112.96299867   -112.93347226   -112.96299862   -112.93347230
      3.2  12.00   -112.96287336   -112.93308803   -112.96287336   -112.93308803
      3.2  14.00   -112.96283470   -112.93303818   -112.96283470   -112.93303818
      3.2  16.00   -112.96281876   -112.93302014   -112.96281876   -112.93302014
      3.2  18.00   -112.96281090   -112.93301144   -112.96281090   -112.93301144
      3.2  20.00   -112.96280664   -112.93300678   -112.96280664   -112.93300678                     
