1.5      2.10 -112.49426107 -111.71593971 -112.37998031 -111.83022047
1.5      2.20 -112.59453434 -111.81895811 -112.52645431 -111.88703814
1.5      2.30 -112.66556811 -111.89208572 -112.59754183 -111.96011199
1.5      2.40 -112.71515469 -111.94344051 -112.64253688 -112.01605832
1.5      2.50 -112.74889940 -111.97869825 -112.67023365 -112.05736400
1.5      2.60 -112.77087807 -112.00197754 -112.68506850 -112.08778711
1.5      2.70 -112.78407484 -112.01629232 -112.69043096 -112.10993619
1.5      2.80 -112.79070025 -112.02387189 -112.68872284 -112.12584930
1.5      2.90 -112.79104763 -112.05453942 -112.66295261 -112.18263445
1.5      3.00 -112.78910708 -112.08698671 -112.66094334 -112.21515046
1.5      3.10 -112.78451083 -112.11636757 -112.65701382 -112.24386458
1.5      3.20 -112.77801291 -112.14329060 -112.65174177 -112.26956173
1.5      3.30 -112.77019174 -112.16824809 -112.64550973 -112.29293010
1.5      3.40 -112.76148518 -112.19161526 -112.63874707 -112.31435337
1.5      3.50 -112.75222128 -112.21366398 -112.63172782 -112.33415744
1.5      3.60 -112.74264512 -112.23458006 -112.62469496 -112.35253023
1.5      3.70 -112.73294029 -112.25448096 -112.61777303 -112.36964822
1.5      3.80 -112.72324439 -112.27343285 -112.61118322 -112.38549402
1.5      3.90 -112.71365992 -112.29146642 -112.60496108 -112.40016526
1.5      4.00 -112.70426240 -112.30859106 -112.59912730 -112.41372617
1.5      4.10 -112.69510678 -112.32480683 -112.59370820 -112.42620541
1.5      4.20 -112.68623223 -112.34011282 -112.58866991 -112.43767514
1.5      4.40 -112.66942588 -112.36801728 -112.57967458 -112.45776858
1.5      4.60 -112.65396211 -112.39242118 -112.57206531 -112.47431798
1.5      4.80 -112.63986126 -112.41354465 -112.56561333 -112.48779258
1.5      5.00 -112.62708147 -112.43167902 -112.56011556 -112.49864493
1.5      5.20 -112.61554919 -112.44715134 -112.55540536 -112.50729517
1.5      5.40 -112.60517631 -112.46029119 -112.55134272 -112.51412478
1.5      5.60 -112.59587108 -112.47140980 -112.54781262 -112.51946826
1.5      5.80 -112.58754458 -112.48078942 -112.54472145 -112.52361256
1.5      6.00 -112.58011371 -112.48867929 -112.54199534 -112.52679766
1.5      7.00 -112.55391780 -112.51233543 -112.53414642 -112.53210682
1.5      8.00 -112.54116622 -112.52058364 -112.53559931 -112.52615054
1.5      9.00 -112.53680750 -112.52138745 -112.53576688 -112.52242806
1.5     10.00 -112.53584907 -112.51987850 -112.53569045 -112.52003713
1.5     12.00 -112.53563234 -112.51730939 -112.53562908 -112.51731265
1.5     14.00 -112.53559743 -112.51584660 -112.53559740 -112.51584662
1.5     16.00 -112.53558217 -112.51488577 -112.53558217 -112.51488577
1.5     18.00 -112.53557354 -112.51432423 -112.53557354 -112.51432423
1.5     20.00 -112.53556821 -112.51394071 -112.53556821 -112.51394071

1.6      2.10 -112.64655884 -111.93729521 -112.54993992 -112.03391414
1.6      2.20 -112.76875819 -112.06126585 -112.66079097 -112.16923307
1.6      2.30 -112.85629160 -112.15075737 -112.79395688 -112.21309209
1.6      2.40 -112.91807193 -112.21395254 -112.85709093 -112.27493353
1.6      2.50 -112.96090514 -112.25794506 -112.89614769 -112.32270251
1.6      2.60 -112.98969159 -112.28769158 -112.91945024 -112.35793293
1.6      2.70 -113.00800905 -112.30680477 -112.93139981 -112.38341402
1.6      2.80 -113.01849595 -112.31795129 -112.93483238 -112.40161485
1.6      2.90 -113.02312292 -112.32312615 -112.93229838 -112.41395069
1.6      3.00 -113.02338267 -112.32384319 -112.92540866 -112.42181720
1.6      3.10 -113.02041966 -112.32126616 -112.91080402 -112.43088180
1.6      3.20 -113.01362778 -112.36124666 -112.88596648 -112.48890796
1.6      3.30 -113.00670639 -112.38733906 -112.88045300 -112.51359245
1.6      3.40 -112.99864255 -112.41166157 -112.87423802 -112.53606609
1.6      3.50 -112.98982267 -112.43452845 -112.86760739 -112.55674373
1.6      3.60 -112.98053697 -112.45616604 -112.86084348 -112.57585954
1.6      3.70 -112.97100406 -112.47672478 -112.85415375 -112.59357510
1.6      3.80 -112.96138929 -112.49629547 -112.84766435 -112.61002041
1.6      3.90 -112.95181751 -112.51492557 -112.84148348 -112.62525960
1.6      4.00 -112.94238215 -112.53263437 -112.83567991 -112.63933661
1.6      4.10 -112.93315218 -112.54942615 -112.83024204 -112.65233629
1.6      4.20 -112.92417766 -112.56530039 -112.82518822 -112.66428983
1.6      4.40 -112.90712519 -112.59430808 -112.81617299 -112.68526028
1.6      4.60 -112.89138620 -112.61974791 -112.80854669 -112.70258742
1.6      4.80 -112.87700717 -112.64182140 -112.80210198 -112.71672658
1.6      5.00 -112.86396170 -112.66081101 -112.79662901 -112.72814370
1.6      5.20 -112.85218057 -112.67704009 -112.79195984 -112.73726082
1.6      5.40 -112.84157525 -112.69084122 -112.78794566 -112.74447080
1.6      5.60 -112.83205241 -112.70253393 -112.78446642 -112.75011992
1.6      5.80 -112.82352136 -112.71241149 -112.78142715 -112.75450570
1.6      6.00 -112.81589704 -112.72073498 -112.77875236 -112.75787965
1.6      7.00 -112.78879263 -112.74597606 -112.76908762 -112.76568107
1.6      8.00 -112.77485503 -112.75569805 -112.76723020 -112.76332287
1.6      9.00 -112.76908691 -112.75807078 -112.76740962 -112.75974807
1.6     10.00 -112.76762424 -112.75721978 -112.76736632 -112.75747770
1.6     12.00 -112.76727222 -112.75490758 -112.76726746 -112.75491235
1.6     14.00 -112.76723274 -112.75354080 -112.76723270 -112.75354084
1.6     16.00 -112.76721557 -112.75263391 -112.76721557 -112.75263391
1.6     18.00 -112.76720573 -112.75211900 -112.76720573 -112.75211900
1.6     20.00 -112.76719957 -112.75176905 -112.76719957 -112.75176905
          
1.7      2.10 -112.70449179 -112.06002859 -112.62137143 -112.14314894
1.7      2.20 -112.85317219 -112.21015593 -112.76889784 -112.29443028
1.7      2.30 -112.95985562 -112.31795436 -112.86441257 -112.41339740
1.7      2.40 -113.03610065 -112.39555538 -112.98433091 -112.44732512
1.7      2.50 -113.08962529 -112.44997577 -113.03701701 -112.50258405
1.7      2.60 -113.12639705 -112.48745369 -113.06943596 -112.54441478
1.7      2.70 -113.15070851 -112.51231933 -113.08830619 -112.57472165
1.7      2.80 -113.16571184 -112.52775263 -113.09729541 -112.59616906
1.7      2.90 -113.17374809 -112.53611918 -113.09904908 -112.61081819
1.7      3.00 -113.17657843 -112.53920223 -113.08029560 -112.63548506
1.7      3.10 -113.17554407 -112.53836233 -113.07290064 -112.64100577
1.7      3.20 -113.17167470 -112.53464638 -113.06285405 -112.64346702
1.7      3.30 -113.16412739 -112.52881352 -113.03647955 -112.65646136
1.7      3.40 -113.15683690 -112.55393579 -113.03079924 -112.67997345
1.7      3.50 -113.14856320 -112.57749860 -113.02459836 -112.70146345
1.7      3.60 -113.13964944 -112.59974691 -113.01817360 -112.72122274
1.7      3.70 -113.13035440 -112.62086217 -113.01169849 -112.73951808
1.7      3.80 -113.12087459 -112.64096080 -113.00536227 -112.75647312
1.7      3.90 -113.11135953 -112.66010810 -112.99925745 -112.77221017
1.7      4.00 -113.10192232 -112.67833362 -112.99344780 -112.78680814
1.7      4.10 -113.09264746 -112.69564565 -112.98801723 -112.80027589
1.7      4.20 -113.08359709 -112.71204320 -112.98295158 -112.81268871
1.7      4.40 -113.06633501 -112.74209244 -112.97394146 -112.83448598
1.7      4.60 -113.05034798 -112.76853593 -112.96631336 -112.85257055
1.7      4.80 -113.03571079 -112.79154308 -112.95987856 -112.86737531
1.7      5.00 -113.02241353 -112.81137791 -112.95444173 -112.87934971
1.7      5.20 -113.01039572 -112.82835721 -112.94982004 -112.88893289
1.7      5.40 -112.99957155 -112.84281451 -112.94586085 -112.89652521
1.7      5.60 -112.98984742 -112.85507546 -112.94244098 -112.90248189
1.7      5.80 -112.98113146 -112.86544246 -112.93946138 -112.90711254
1.7      6.00 -112.97333725 -112.87418697 -112.93684510 -112.91067912
1.7      7.00 -112.94557344 -112.90087332 -112.92749724 -112.91894952
1.7      8.00 -112.93088131 -112.91159503 -112.92187309 -112.92060325
1.7      9.00 -112.92384658 -112.91541171 -112.92079912 -112.91845917
1.7     10.00 -112.92130407 -112.91576932 -112.92075844 -112.91631495
1.7     12.00 -112.92065874 -112.91392250 -112.92065010 -112.91393114
1.7     14.00 -112.92061221 -112.91266121 -112.92061214 -112.91266128
1.7     16.00 -112.92059352 -112.91181489 -112.92059352 -112.91181489
1.7     18.00 -112.92058274 -112.91135052 -112.92058274 -112.91135052
1.7     20.00 -112.92057595 -112.91103695 -112.92057595 -112.91103695
          
1.8      2.10 -112.68666270 -112.10206100 -112.61573645 -112.17298725
1.8      2.20 -112.86704169 -112.28361766 -112.79518386 -112.35547549
1.8      2.30 -112.99687201 -112.41434440 -112.92589937 -112.48531704
1.8      2.40 -113.08984805 -112.50796267 -113.00704977 -112.59076094
1.8      2.50 -113.15609648 -112.57511810 -113.10271249 -112.62850209
1.8      2.60 -113.20226742 -112.62180830 -113.13543166 -112.68864406
1.8      2.70 -113.23361634 -112.65353758 -113.16182155 -112.72533236
1.8      2.80 -113.25391214 -112.67410013 -113.17673732 -112.75127495
1.8      2.90 -113.26593974 -112.68630370 -113.18310495 -112.76913849
1.8      3.00 -113.27178121 -112.69225112 -113.18306071 -112.78097162
1.8      3.10 -113.27301210 -112.69353647 -113.17834331 -112.78820526
1.8      3.20 -113.27083602 -112.69137939 -113.17037043 -112.79184498
1.8      3.30 -113.26617630 -112.68671670 -113.16007206 -112.79282094
1.8      3.40 -113.25973987 -112.68026726 -113.14806301 -112.79194412
1.8      3.50 -113.25036271 -112.66476069 -113.12474897 -112.79037443
1.8      3.60 -113.24191221 -112.68751598 -113.11860334 -112.81082485
1.8      3.70 -113.23292872 -112.70907658 -113.11254515 -112.82946016
1.8      3.80 -113.22364350 -112.72959455 -113.10637633 -112.84686172
1.8      3.90 -113.21423350 -112.74915914 -113.10037671 -112.86301593
1.8      4.00 -113.20483376 -112.76781354 -113.09463966 -112.87800765
1.8      4.10 -113.19554621 -112.78557141 -113.08920475 -112.89191288
1.8      4.20 -113.18644649 -112.80243107 -113.08407795 -112.90479961
1.8      4.40 -113.16901489 -112.83343441 -113.07505685 -112.92739245
1.8      4.60 -113.15280782 -112.86083015 -113.06741980 -112.94621818
1.8      4.80 -113.13793304 -112.88474336 -113.06099862 -112.96167777
1.8      5.00 -113.12439951 -112.90540910 -113.05559359 -112.97421502
1.8      5.20 -113.11215747 -112.92313064 -113.05101996 -112.98426814
1.8      5.40 -113.10112622 -112.93823889 -113.04711658 -112.99224853
1.8      5.60 -113.09121366 -112.95106334 -113.04375843 -112.99851856
1.8      5.80 -113.08232770 -112.96191381 -113.04084149 -113.00340002
1.8      6.00 -113.07438118 -112.97107082 -113.03828723 -113.00716477
1.8      7.00 -113.04608779 -112.99905645 -113.02921862 -113.01592562
1.8      8.00 -113.03108171 -113.01041044 -113.02379641 -113.01769574
1.8      9.00 -113.02358723 -113.01487961 -113.02055362 -113.01791322
1.8     10.00 -113.01992525 -113.01649601 -113.01854198 -113.01787928
1.8     12.00 -113.01779606 -113.01631745 -113.01775651 -113.01635700
1.8     14.00 -113.01771450 -113.01519699 -113.01771426 -113.01519723
1.8     16.00 -113.01769439 -113.01441546 -113.01769439 -113.01441546
1.8     18.00 -113.01768283 -113.01400524 -113.01768283 -113.01400524
1.8     20.00 -113.01767552 -113.01373062 -113.01767552 -113.01373062
          
1.9      2.10 -112.60494177 -112.07510194 -112.51180173 -112.16824198
1.9      2.20 -112.82342638 -112.29454663 -112.72772209 -112.39025092
1.9      2.30 -112.98091506 -112.45274697 -112.92098580 -112.51267622
1.9      2.40 -113.09414611 -112.56648756 -113.03697889 -112.62365477
1.9      2.50 -113.17515890 -112.64802264 -113.13719722 -112.68598432
1.9      2.60 -113.23241039 -112.70564288 -113.17348413 -112.76456915
1.9      2.70 -113.27204264 -112.74553226 -113.20689394 -112.81068096
1.9      2.80 -113.29855443 -112.77219903 -113.22748542 -112.84326804
1.9      2.90 -113.31526336 -112.78898067 -113.23875824 -112.86548580
1.9      3.00 -113.32463605 -112.79836277 -113.24264188 -112.88035694
1.9      3.10 -113.32852766 -112.80221754 -113.24106318 -112.88968202
1.9      3.20 -113.32834784 -112.80196962 -113.23545054 -112.89486692
1.9      3.30 -113.32517476 -112.79870971 -113.22691841 -112.89696605
1.9      3.40 -113.31983363 -112.79327317 -113.21635164 -112.89675516
1.9      3.50 -113.31295418 -112.78629803 -113.20434147 -112.89491074
1.9      3.60 -113.30501549 -112.77827209 -113.19128702 -112.89200056
1.9      3.70 -113.29459713 -112.75755548 -113.17116228 -112.88099033
1.9      3.80 -113.28557652 -112.77830047 -113.16535869 -112.89851830
1.9      3.90 -113.27632648 -112.79816788 -113.15966031 -112.91483405
1.9      4.00 -113.26700772 -112.81714661 -113.15415216 -112.93000217
1.9      4.10 -113.25774216 -112.83525656 -113.14885179 -112.94414694
1.9      4.20 -113.24862118 -112.85249813 -113.14378279 -112.95733652
1.9      4.40 -113.23106228 -112.88433656 -113.13484056 -112.98055827
1.9      4.60 -113.21466421 -112.91261094 -113.12726520 -113.00000995
1.9      4.80 -113.19957216 -112.93738788 -113.12091239 -113.01604765
1.9      5.00 -113.18581736 -112.95886191 -113.11559586 -113.02908340
1.9      5.20 -113.17336294 -112.97731422 -113.11111384 -113.03956332
1.9      5.40 -113.16213504 -112.99306755 -113.10731633 -113.04788626
1.9      5.60 -113.15204442 -113.00645187 -113.10406130 -113.05443500
1.9      5.80 -113.14299969 -113.01778234 -113.10123239 -113.05954964
1.9      6.00 -113.13491357 -113.02734711 -113.09877689 -113.06348379
1.9      7.00 -113.10619663 -113.05655860 -113.09011354 -113.07264169
1.9      8.00 -113.09114320 -113.06829311 -113.08495249 -113.07448382
1.9      9.00 -113.08388977 -113.07272659 -113.08191412 -113.07470225
1.9     10.00 -113.08055408 -113.07416355 -113.08005080 -113.07466683
1.9     12.00 -113.07800450 -113.07449794 -113.07798705 -113.07451538
1.9     14.00 -113.07704665 -113.07447251 -113.07704642 -113.07447274
1.9     16.00 -113.07648634 -113.07445175 -113.07648634 -113.07445175
1.9     18.00 -113.07597895 -113.07443946 -113.07597895 -113.07443946
1.9     20.00 -113.07574548 -113.07443164 -113.07574548 -113.07443164
          
2.0      2.10 -112.46600008 -111.98600955 -112.38249891 -112.06951072
2.0      2.20 -112.73048972 -112.25128088 -112.63710002 -112.34467057
2.0      2.30 -112.92113333 -112.44248846 -112.82947065 -112.53415114
2.0      2.40 -113.05852385 -112.58026507 -112.97157116 -112.66721776
2.0      2.50 -113.15713717 -112.67912177 -113.07634130 -112.75991764
2.0      2.60 -113.22747808 -112.74973555 -113.18590140 -112.79131223
2.0      2.70 -113.27687161 -112.79929217 -113.21969824 -112.85646555
2.0      2.80 -113.31069617 -112.83319622 -113.24687665 -112.89701575
2.0      2.90 -113.33290303 -112.85540945 -113.26342356 -112.92488892
2.0      3.00 -113.34642005 -112.86887610 -113.27154447 -112.94375169
2.0      3.10 -113.35343696 -112.87580134 -113.27333440 -112.95590391
2.0      3.20 -113.35560845 -112.87785336 -113.27041680 -112.96304501
2.0      3.30 -113.35419487 -112.87630408 -113.26398222 -112.96651673
2.0      3.40 -113.35015955 -112.87212646 -113.25507052 -112.96721548
2.0      3.50 -113.34423816 -112.86606363 -113.24442432 -112.96587747
2.0      3.60 -113.33699100 -112.85868154 -113.23254757 -112.96312498
2.0      3.70 -113.32884444 -112.85041153 -113.21985698 -112.95939899
2.0      3.80 -113.32012353 -112.84158558 -113.20646887 -112.95524024
2.0      3.90 -113.30918452 -112.81918474 -113.18975597 -112.93861329
2.0      4.00 -113.29999969 -112.83809287 -113.18479440 -112.95329816
2.0      4.10 -113.29079606 -112.85642520 -113.17970828 -112.96751298
2.0      4.20 -113.28168393 -112.87394965 -113.17481841 -112.98081516
2.0      4.40 -113.26403983 -112.90646888 -113.16595797 -113.00455074
2.0      4.60 -113.24747953 -112.93552199 -113.15840293 -113.02459859
2.0      4.80 -113.23219025 -112.96110328 -113.15206422 -113.04122931
2.0      5.00 -113.21822818 -112.98335244 -113.14676595 -113.05481467
2.0      5.20 -113.20557172 -113.00251844 -113.14232843 -113.06576174
2.0      5.40 -113.19415558 -113.01890885 -113.13857095 -113.07449349
2.0      5.60 -113.18389459 -113.03284968 -113.13538944 -113.08135483
2.0      5.80 -113.17469880 -113.04465865 -113.13264767 -113.08670978
2.0      6.00 -113.16648121 -113.05462981 -113.13026265 -113.09084837
2.0      7.00 -113.13740158 -113.08503461 -113.12191326 -113.10052293
2.0      8.00 -113.12251743 -113.09706390 -113.11708735 -113.10249398
2.0      9.00 -113.11560198 -113.10125490 -113.11411984 -113.10273704
2.0     10.00 -113.11271561 -113.10239375 -113.11240917 -113.10270019
2.0     12.00 -113.11052208 -113.10254383 -113.11051455 -113.10255136
2.0     14.00 -113.10975168 -113.10249271 -113.10975158 -113.10249281
2.0     16.00 -113.10910584 -113.10247049 -113.10910584 -113.10247049
2.0     18.00 -113.10881267 -113.10245740 -113.10881267 -113.10245740
2.0     20.00 -113.10862215 -113.10244902 -113.10862215 -113.10244902
          
2.1      2.10 -112.27225806 -111.83758586 -112.20732497 -111.90251894
2.1      2.20 -112.59254703 -112.15850236 -112.50586789 -112.24518150
2.1      2.30 -112.82308127 -112.38947847 -112.73451236 -112.47804738
2.1      2.40 -112.98936203 -112.55604687 -112.90443526 -112.64097364
2.1      2.50 -113.10910257 -112.67594854 -113.03003165 -112.75501947
2.1      2.60 -113.19485016 -112.76176071 -113.13035404 -112.82625683
2.1      2.70 -113.25576194 -112.82277621 -113.21115865 -112.86737950
2.1      2.80 -113.29819746 -112.86523733 -113.24212271 -112.92131208
2.1      2.90 -113.32686794 -112.89387225 -113.26439210 -112.95634809
2.1      3.00 -113.34525137 -112.91217033 -113.27741684 -112.98000486
2.1      3.10 -113.35593827 -112.92273530 -113.28305556 -112.99561801
2.1      3.20 -113.36087561 -112.92752619 -113.28308059 -113.00532121
2.1      3.30 -113.36153940 -112.92802932 -113.27904007 -113.01052864
2.1      3.40 -113.35905470 -112.92537847 -113.27199347 -113.01243970
2.1      3.50 -113.35428036 -112.92043953 -113.26282501 -113.01189488
2.1      3.60 -113.34787112 -112.91387260 -113.25217483 -113.00956889
2.1      3.70 -113.34032552 -112.90617978 -113.24050912 -113.00599618
2.1      3.80 -113.33202349 -112.89774340 -113.22801339 -113.00175350
2.1      3.90 -113.32325493 -112.88885538 -113.21532404 -112.99678627
2.1      4.00 -113.31230350 -112.84690766 -113.19338230 -112.96582887
2.1      4.10 -113.30314020 -112.85812505 -113.18891457 -112.97235068
2.1      4.20 -113.29407362 -112.87540769 -113.18456680 -112.98491450
2.1      4.40 -113.27639045 -112.90838330 -113.17599945 -113.00877431
2.1      4.60 -113.25969304 -112.93808360 -113.16852824 -113.02924839
2.1      4.80 -113.24422433 -112.96438836 -113.16224118 -113.04637152
2.1      5.00 -113.23006774 -112.98736706 -113.15700528 -113.06042951
2.1      5.20 -113.21721801 -113.00722269 -113.15264592 -113.07179477
2.1      5.40 -113.20561988 -113.02423889 -113.14893264 -113.08092613
2.1      5.60 -113.19519337 -113.03873224 -113.14584234 -113.08808328
2.1      5.80 -113.18585068 -113.05101949 -113.14319207 -113.09367810
2.1      6.00 -113.17750551 -113.06139846 -113.14089583 -113.09800814
2.1      7.00 -113.14808535 -113.09299866 -113.13291796 -113.10816606
2.1      8.00 -113.13333859 -113.10527842 -113.12836014 -113.11025687
2.1      9.00 -113.12691663 -113.10929527 -113.12569199 -113.11051991
2.1     10.00 -113.12426859 -113.11022848 -113.12403623 -113.11046084
2.1     12.00 -113.12253799 -113.11030251 -113.12253291 -113.11030758
2.1     14.00 -113.12173200 -113.11025530 -113.12173193 -113.11025537
2.1     16.00 -113.12134307 -113.11023127 -113.12134307 -113.11023127
2.1     18.00 -113.12091266 -113.11021727 -113.12091266 -113.11021727
2.1     20.00 -113.12076643 -113.11020827 -113.12076643 -113.11020827
          
2.13      2.10 -112.19804075 -111.77708091 -112.14135987 -111.83376179
2.13      2.20 -112.53878070 -112.11840128 -112.45464533 -112.20253664
2.13      2.30 -112.78384961 -112.36387588 -112.69649106 -112.45123442
2.13      2.40 -112.96061110 -112.54089703 -112.87645947 -112.62504867
2.13      2.50 -113.08760952 -112.66780620 -113.03029333 -112.72512239
2.13      2.60 -113.17934783 -112.75981483 -113.11102976 -112.82813290
2.13      2.70 -113.24436216 -112.82488479 -113.20693705 -112.86230989
2.13      2.80 -113.28988384 -112.87041630 -113.23665211 -112.92364802
2.13      2.90 -113.32087071 -112.90135755 -113.26082341 -112.96140485
2.13      3.00 -113.34099656 -112.92139025 -113.27545729 -112.98692951
2.13      3.10 -113.35299698 -112.93326258 -113.28244515 -113.00381442
2.13      3.20 -113.35892481 -112.93903888 -113.28352703 -113.01443665
2.13      3.30 -113.36033391 -112.94028279 -113.28034467 -113.02027202
2.13      3.40 -113.35840726 -112.93818573 -113.27391868 -113.02267431
2.13      3.50 -113.35404758 -112.93365730 -113.26525319 -113.02245170
2.13      3.60 -113.34794317 -112.92739102 -113.25503362 -113.02030057
2.13      3.70 -113.34061827 -112.91991462 -113.24371310 -113.01681979
2.13      3.80 -113.33247240 -112.91162988 -113.23149814 -113.01260415
2.13      3.90 -113.32381051 -112.90284295 -113.21906386 -113.00758961
2.13      4.00 -113.31486492 -112.89378648 -113.20634558 -113.00230581
2.13      4.10 -113.30378990 -112.85760347 -113.18812608 -112.97326729
2.13      4.20 -113.29472861 -112.87284200 -113.18417764 -112.98339297
2.13      4.40 -113.27704534 -112.90578125 -113.17586580 -113.00696079
2.13      4.60 -113.26030903 -112.93565668 -113.16843936 -113.02752634
2.13      4.80 -113.24478532 -112.96217293 -113.16210012 -113.04485813
2.13      5.00 -113.23056828 -112.98537429 -113.15689355 -113.05904902
2.13      5.20 -113.21765785 -113.00544562 -113.15256714 -113.07053633
2.13      5.40 -113.20600208 -113.02266044 -113.14891329 -113.07974923
2.13      5.60 -113.19552285 -113.03733072 -113.14585061 -113.08700296
2.13      5.80 -113.18613319 -113.04977216 -113.14322788 -113.09267746
2.13      6.00 -113.17774709 -113.06028321 -113.14095851 -113.09707178
2.13      7.00 -113.14821651 -113.09227389 -113.13310342 -113.10738697
2.13      8.00 -113.13351051 -113.10464085 -113.12863322 -113.10951813
2.13      9.00 -113.12720518 -113.10861446 -113.12603229 -113.10978734
2.13     10.00 -113.12474053 -113.10953879 -113.12452171 -113.10975761
2.13     12.00 -113.12300624 -113.10956271 -113.12300164 -113.10956731
2.13     14.00 -113.12223523 -113.10951595 -113.12223516 -113.10951601
2.13     16.00 -113.12187568 -113.10949168 -113.12187568 -113.10949168
2.13     18.00 -113.12145710 -113.10947727 -113.12145710 -113.10947727
2.13     20.00 -113.12132536 -113.10946805 -113.12132536 -113.10946805
          
2.2      2.10 -112.02236377 -111.62894509 -111.98666892 -111.66463994
2.2      2.20 -112.41070908 -112.01777207 -112.33247923 -112.09600192
2.2      2.30 -112.68943740 -112.29683175 -112.60461515 -112.38165400
2.2      2.40 -112.89037845 -112.49797658 -112.80781925 -112.58053578
2.2      2.50 -113.03533169 -112.64302594 -112.95767681 -112.72068082
2.2      2.60 -113.13925198 -112.74680326 -113.07823299 -112.80782225
2.2      2.70 -113.21402543 -112.82168464 -113.21365650 -112.82205358
2.2      2.80 -113.26656894 -112.87421072 -113.22020391 -112.92057575
2.2      2.90 -113.30284353 -112.91042197 -113.24769253 -112.96557298
2.2      3.00 -113.32694418 -112.93441693 -113.26596706 -112.99539404
2.2      3.10 -113.34193967 -112.94927505 -113.27638475 -113.01482997
2.2      3.20 -113.35012638 -112.95730316 -113.27986283 -113.02756672
2.2      3.30 -113.35323677 -112.96024266 -113.27850415 -113.03497529
2.2      3.40 -113.35258645 -112.95941676 -113.27351729 -113.03848592
2.2      3.50 -113.34917799 -112.95583437 -113.26599563 -113.03901673
2.2      3.60 -113.34377580 -112.95026491 -113.25671881 -113.03732190
2.2      3.70 -113.33696235 -112.94329441 -113.24613071 -113.03412605
2.2      3.80 -113.32918174 -112.93536902 -113.23427159 -113.03027917
2.2      3.90 -113.32077303 -112.92682863 -113.22249148 -113.02511019
2.2      4.00 -113.31199507 -112.91793189 -113.21033058 -113.01959638
2.2      4.10 -113.30304416 -112.90887281 -113.19796356 -113.01395341
2.2      4.20 -113.29202183 -112.86977989 -113.17911019 -112.98269153
2.2      4.40 -113.27428486 -112.89639172 -113.17150581 -112.99917078
2.2      4.60 -113.25747897 -112.92654832 -113.16423065 -113.01979664
2.2      4.80 -113.24184311 -112.95347018 -113.15797088 -113.03734241
2.2      5.00 -113.22750102 -112.97711563 -113.15275300 -113.05186366
2.2      5.20 -113.21446472 -112.99762788 -113.14840083 -113.06369177
2.2      5.40 -113.20268882 -113.01525449 -113.14478893 -113.07315437
2.2      5.60 -113.19209914 -113.03029505 -113.14175178 -113.08064240
2.2      5.80 -113.18261060 -113.04306107 -113.13916334 -113.08650834
2.2      6.00 -113.17413792 -113.05385153 -113.13693336 -113.09105608
2.2      7.00 -113.14436777 -113.08667794 -113.12928984 -113.10175587
2.2      8.00 -113.12973240 -113.09924832 -113.12501076 -113.10396996
2.2      9.00 -113.12364659 -113.10315956 -113.12255351 -113.10425264
2.2     10.00 -113.12135314 -113.10402526 -113.12115515 -113.10422325
2.2     12.00 -113.11979609 -113.10401504 -113.11979215 -113.10401898
2.2     14.00 -113.11910225 -113.10396754 -113.11910220 -113.10396760
2.2     16.00 -113.11880612 -113.10394233 -113.11880612 -113.10394233
2.2     18.00 -113.11841097 -113.10392740 -113.11841097 -113.10392740
2.2     20.00 -113.11831003 -113.10391774 -113.11831003 -113.10391774
          
2.3      2.10 -111.71126132 -111.35551503 -111.70313230 -111.36364405
2.3      2.20 -112.18319055 -111.82777112 -112.11830243 -111.89265924
2.3      2.30 -112.52044100 -112.16523966 -112.44147639 -112.24420428
2.3      2.40 -112.76312153 -112.40804209 -112.68468629 -112.48647733
2.3      2.50 -112.93825088 -112.58320859 -112.86354533 -112.65791414
2.3      2.60 -113.06396959 -112.70865942 -113.01188835 -112.76074066
2.3      2.70 -113.15480456 -112.79952731 -113.09141815 -112.86291372
2.3      2.80 -113.21958483 -112.86429135 -113.19487670 -112.88899948
2.3      2.90 -113.26479207 -112.90941427 -113.21936373 -112.95484261
2.3      3.00 -113.29561185 -112.94011551 -113.24309256 -112.99263480
2.3      3.10 -113.31566534 -112.96002349 -113.25796033 -113.01772850
2.3      3.20 -113.32766577 -112.97186040 -113.26534231 -113.03418386
2.3      3.30 -113.33365119 -112.97767206 -113.26708552 -113.04423773
2.3      3.40 -113.33516300 -112.97900635 -113.26453952 -113.04962982
2.3      3.50 -113.33337253 -112.97703997 -113.25889635 -113.05151616
2.3      3.60 -113.32917192 -112.97266953 -113.25095166 -113.05088979
2.3      3.70 -113.32324107 -112.96657834 -113.24147012 -113.04834929
2.3      3.80 -113.31609858 -112.95928718 -113.23070406 -113.04468169
2.3      3.90 -113.30814061 -112.95119321 -113.21953378 -113.03980004
2.3      4.00 -113.29966999 -112.94259927 -113.20797769 -113.03429157
2.3      4.10 -113.29091785 -112.93373540 -113.19622700 -113.02842625
2.3      4.20 -113.28205887 -112.92477370 -113.18442395 -113.02240862
2.3      4.40 -113.26227864 -112.87946475 -113.15589347 -112.98584992
2.3      4.60 -113.24533848 -112.90550379 -113.14938634 -113.00145593
2.3      4.80 -113.22955236 -112.93290447 -113.14331445 -113.01914239
2.3      5.00 -113.21502853 -112.95713646 -113.13816491 -113.03400008
2.3      5.20 -113.20180804 -112.97825952 -113.13387578 -113.04619179
2.3      5.40 -113.18985605 -112.99647502 -113.13033675 -113.05599432
2.3      5.60 -113.17910339 -113.01205553 -113.12738259 -113.06377633
2.3      5.80 -113.16946762 -113.02530125 -113.12488238 -113.06988649
2.3      6.00 -113.16086456 -113.03650888 -113.12274128 -113.07463216
2.3      7.00 -113.13071078 -113.07061706 -113.11549288 -113.08583496
2.3      8.00 -113.11612627 -113.08355484 -113.11151112 -113.08816999
2.3      9.00 -113.11030105 -113.08744552 -113.10927261 -113.08847396
2.3     10.00 -113.10822572 -113.08826426 -113.10804474 -113.08844523
2.3     12.00 -113.10691794 -113.08822054 -113.10691451 -113.08822397
2.3     14.00 -113.10633899 -113.08817152 -113.10633894 -113.08817157
2.3     16.00 -113.10587840 -113.08814539 -113.10587840 -113.08814539
2.3     18.00 -113.10577470 -113.08812976 -113.10577470 -113.08812976
2.3     20.00 -113.10571990 -113.08811962 -113.10571990 -113.08811962
          
2.4      2.10 -111.32985580 -111.00866087 -111.31915178 -111.01936489
2.4      2.20 -111.90532241 -111.58427061 -111.85830217 -111.63129085
2.4      2.30 -112.31408271 -111.99311859 -112.24171795 -112.06548335
2.4      2.40 -112.60725969 -112.28632523 -112.53276209 -112.36082282
2.4      2.50 -112.81862981 -112.49766837 -112.74718306 -112.56911512
2.4      2.60 -112.97123054 -112.65018962 -112.90419401 -112.71722615
2.4      2.70 -113.08053815 -112.75920607 -113.02959261 -112.81015161
2.4      2.80 -113.15981865 -112.83848015 -113.11032286 -112.88797594
2.4      2.90 -113.21537928 -112.89388625 -113.18487512 -112.92439041
2.4      3.00 -113.25409039 -112.93247008 -113.21119602 -112.97536445
2.4      3.10 -113.28008215 -112.95831038 -113.23117730 -113.00721523
2.4      3.20 -113.29655627 -112.97461789 -113.24294309 -113.02823107
2.4      3.30 -113.30591477 -112.98380161 -113.24815127 -113.04156511
2.4      3.40 -113.30996727 -112.98767667 -113.24834330 -113.04930065
2.4      3.50 -113.31008449 -112.98761822 -113.24466635 -113.05303635
2.4      3.60 -113.30730822 -112.98467178 -113.23847957 -113.05350043
2.4      3.70 -113.30243184 -112.97963366 -113.23017624 -113.05188926
2.4      3.80 -113.29606031 -112.97311111 -113.22050022 -113.04867121
2.4      3.90 -113.28865590 -112.96556756 -113.21009738 -113.04412608
2.4      4.00 -113.28057234 -112.95735699 -113.19915331 -113.03877601
2.4      4.10 -113.27208007 -112.94874935 -113.18791522 -113.03291420
2.4      4.20 -113.26338495 -112.93994931 -113.17659621 -113.02673805
2.4      4.40 -113.24596524 -112.92233867 -113.15406851 -113.01423539
2.4      4.60 -113.22657399 -112.88031200 -113.12744423 -112.97944177
2.4      4.80 -113.21061275 -112.90599745 -113.12186723 -112.99474297
2.4      5.00 -113.19591507 -112.93072395 -113.11677753 -113.00986149
2.4      5.20 -113.18250880 -112.95240018 -113.11252323 -113.02238575
2.4      5.40 -113.17037826 -112.97117365 -113.10903779 -113.03251412
2.4      5.60 -113.15946014 -112.98728284 -113.10614604 -113.04059693
2.4      5.80 -113.14967369 -113.00100874 -113.10371497 -113.04696747
2.4      6.00 -113.14093534 -113.01264095 -113.10165239 -113.05192390
2.4      7.00 -113.11034691 -113.04810961 -113.09477654 -113.06367998
2.4      8.00 -113.09573106 -113.06151990 -113.09109432 -113.06615664
2.4      9.00 -113.09009311 -113.06547789 -113.08908363 -113.06648738
2.4     10.00 -113.08820673 -113.06628746 -113.08803255 -113.06646164
2.4     12.00 -113.08714265 -113.06622632 -113.08713947 -113.06622950
2.4     14.00 -113.08667645 -113.06617787 -113.08667640 -113.06617791
2.4     16.00 -113.08627414 -113.06615217 -113.08627414 -113.06615217
2.4     18.00 -113.08623646 -113.06613676 -113.08623646 -113.06613676
2.4     20.00 -113.08622885 -113.06612682 -113.08622885 -113.06612682
          
2.5      2.10 -110.86421248 -110.57485560 -110.84672121 -110.59234687
2.5      2.20 -111.56928464 -111.27983378 -111.54167365 -111.30744476
2.5      2.30 -112.06608469 -111.77655923 -112.00148285 -111.84116107
2.5      2.40 -112.42069516 -112.13108496 -112.35144742 -112.20033269
2.5      2.50 -112.67577023 -112.38605372 -112.60865854 -112.45316541
2.5      2.60 -112.85990916 -112.57005960 -112.79674282 -112.63322594
2.5      2.70 -112.99283308 -112.70282334 -112.93439678 -112.76125965
2.5      2.80 -113.08842357 -112.79822922 -113.03576128 -112.85089150
2.5      2.90 -113.15656756 -112.86615390 -113.13747206 -112.88524938
2.5      3.00 -113.20423738 -112.91365323 -113.17461301 -112.94327761
2.5      3.10 -113.23719721 -112.94645724 -113.19867466 -112.98497979
2.5      3.20 -113.25891854 -112.96800774 -113.21510189 -113.01182439
2.5      3.30 -113.27223131 -112.98114302 -113.22415849 -113.02921585
2.5      3.40 -113.27926367 -112.98799630 -113.22740613 -113.03985384
2.5      3.50 -113.28162243 -112.99017809 -113.22625931 -113.04554122
2.5      3.60 -113.28052582 -112.98890956 -113.22185667 -113.04757871
2.5      3.70 -113.27689997 -112.98511931 -113.21488255 -113.04713673
2.5      3.80 -113.27145051 -112.97951486 -113.20632989 -113.04463549
2.5      3.90 -113.26471629 -112.97263633 -113.19676564 -113.04058699
2.5      4.00 -113.25710970 -112.96489659 -113.18650198 -113.03550432
2.5      4.10 -113.24894649 -112.95661114 -113.17575636 -113.02980127
2.5      4.20 -113.24046782 -112.94802040 -113.16484236 -113.02364586
2.5      4.40 -113.22324966 -112.93060364 -113.14307199 -113.01078131
2.5      4.60 -113.20642006 -112.91358304 -113.12180139 -112.99820171
2.5      4.80 -113.18739293 -112.87566247 -113.09579638 -112.96725902
2.5      5.00 -113.17251626 -112.90027949 -113.09090077 -112.98189498
2.5      5.20 -113.15892423 -112.92243594 -113.08664709 -112.99471308
2.5      5.40 -113.14660893 -112.94172242 -113.08317159 -113.00515976
2.5      5.60 -113.13551827 -112.95833933 -113.08032014 -113.01353747
2.5      5.80 -113.12557410 -112.97254132 -113.07795246 -113.02016296
2.5      6.00 -113.11669254 -112.98460440 -113.07595830 -113.02533865
2.5      7.00 -113.08560088 -113.02152992 -113.06943462 -113.03769618
2.5      8.00 -113.07084921 -113.03554599 -113.06606014 -113.04033506
2.5      9.00 -113.06532041 -113.03966936 -113.06428919 -113.04070058
2.5     10.00 -113.06359875 -113.04050576 -113.06342290 -113.04068160
2.5     12.00 -113.06277799 -113.04044379 -113.06277482 -113.04044696
2.5     14.00 -113.06242198 -113.04040026 -113.06242193 -113.04040031
2.5     16.00 -113.06207037 -113.04037751 -113.06207037 -113.04037751
2.5     18.00 -113.06210120 -113.04036429 -113.06210120 -113.04036429
2.5     20.00 -113.06214251 -113.04035583 -113.06214251 -113.04035583
          
2.6      2.10 -110.29407384 -110.03416345 -110.29293585 -110.03530144
2.6      2.20 -111.16353927 -110.90322097 -111.14919981 -110.91756043
2.6      2.30 -111.76969330 -111.50909069 -111.71054291 -111.56824108
2.6      2.40 -112.19953702 -111.93870317 -112.13541772 -112.00282246
2.6      2.50 -112.50757968 -112.24653673 -112.44534978 -112.30876664
2.6      2.60 -112.72964898 -112.46840227 -112.67077123 -112.52728001
2.6      2.70 -112.89008321 -112.62863029 -112.83533769 -112.68337582
2.6      2.80 -113.00583986 -112.74418130 -112.95510905 -112.79491211
2.6      2.90 -113.09012799 -112.82927488 -113.05856842 -112.86083445
2.6      3.00 -113.14912684 -112.88830165 -113.12070012 -112.91672836
2.6      3.10 -113.18827387 -112.92596480 -113.16304465 -112.95119402
2.6      3.20 -113.21614538 -112.95366263 -113.18327118 -112.98653682
2.6      3.30 -113.23409233 -112.97142711 -113.19640032 -113.00911912
2.6      3.40 -113.24461638 -112.98176737 -113.20301472 -113.02336903
2.6      3.50 -113.24960367 -112.98657316 -113.20455667 -113.03162015
2.6      3.60 -113.25048068 -112.98727340 -113.20225697 -113.03549711
2.6      3.70 -113.24832984 -112.98495237 -113.19680042 -113.03648179
2.6      3.80 -113.24397456 -112.98043503 -113.18969058 -113.03471900
2.6      3.90 -113.23804286 -112.97435053 -113.18109317 -113.03130022
2.6      4.00 -113.23101507 -112.96717974 -113.17145033 -113.02674448
2.6      4.10 -113.22325913 -112.95929051 -113.16117355 -113.02137609
2.6      4.20 -113.21505658 -112.95096383 -113.15067573 -113.01534469
2.6      4.40 -113.19811687 -112.93379991 -113.12953876 -113.00237802
2.6      4.60 -113.18134640 -112.91682915 -113.10921331 -112.98896224
2.6      4.80 -113.16535051 -112.90061317 -113.08906049 -112.97690319
2.6      5.00 -113.14662116 -112.86778572 -113.06237487 -112.95203201
2.6      5.20 -113.13284179 -112.89024906 -113.05803959 -112.96505126
2.6      5.40 -113.12033313 -112.90996272 -113.05450711 -112.97578873
2.6      5.60 -113.10905678 -112.92704076 -113.05163892 -112.98445861
2.6      5.80 -113.09894053 -112.94169802 -113.04929914 -112.99133941
2.6      6.00 -113.08990093 -112.95418765 -113.04735331 -112.99673528
2.6      7.00 -113.05820351 -112.99265807 -113.04113882 -113.00972275
2.6      8.00 -113.04316780 -113.00743867 -113.03806540 -113.01254108
2.6      9.00 -113.03763831 -113.01184562 -113.03653769 -113.01294624
2.6     10.00 -113.03604648 -113.01274793 -113.03585975 -113.01293467
2.6     12.00 -113.03546489 -113.01269809 -113.03546151 -113.01270147
2.6     14.00 -113.03521613 -113.01266308 -113.03521608 -113.01266313
2.6     16.00 -113.03489702 -113.01264552 -113.03489702 -113.01264552
2.6     18.00 -113.03499888 -113.01263591 -113.03499888 -113.01263591
2.6     20.00 -113.03509093 -113.01263003 -113.03509093 -113.01263003
          
2.7      2.10 -109.59038831 -109.35773447 -109.52551724 -109.42260554
2.7      2.20 -110.67193005 -110.43845148 -110.60117868 -110.50920285
2.7      2.30 -111.41529584 -111.18125546 -111.35338978 -111.24316152
2.7      2.40 -111.93796003 -111.70350360 -111.87695278 -111.76451085
2.7      2.50 -112.31056485 -112.07576937 -112.25258968 -112.13374455
2.7      2.60 -112.57845977 -112.34337005 -112.52338513 -112.39844469
2.7      2.70 -112.77331722 -112.53857950 -112.73169088 -112.58020584
2.7      2.80 -112.91320241 -112.67843973 -112.87556195 -112.71608019
2.7      2.90 -113.01395342 -112.77915991 -112.97980663 -112.81330671
2.7      3.00 -113.08599143 -112.85116894 -113.05492527 -112.88223509
2.7      3.10 -113.13681476 -112.90196943 -113.10850541 -112.93027878
2.7      3.20 -113.16906541 -112.93254698 -113.14978230 -112.95183009
2.7      3.30 -113.19243577 -112.95573514 -113.16632808 -112.98184283
2.7      3.40 -113.20704862 -112.97015909 -113.17640816 -113.00079955
2.7      3.50 -113.21511482 -112.97803746 -113.18078684 -113.01236544
2.7      3.60 -113.21830606 -112.98104482 -113.18074053 -113.01861035
2.7      3.70 -113.21788868 -112.98044915 -113.17711293 -113.02122490
2.7      3.80 -113.21482448 -112.97721345 -113.17179462 -113.02024331
2.7      3.90 -113.20984590 -112.97207107 -113.16425856 -113.01765841
2.7      4.00 -113.20351229 -112.96558188 -113.15500251 -113.01409167
2.7      4.10 -113.19625194 -112.95817416 -113.14545389 -113.00897221
2.7      4.20 -113.18839289 -112.95017549 -113.13593106 -113.00263732
2.7      4.40 -113.17182065 -112.93334427 -113.11550015 -112.98966477
2.7      4.60 -113.15515141 -112.91643760 -113.09568241 -112.97590660
2.7      4.80 -113.13913036 -112.90019226 -113.07650628 -112.96281635
2.7      5.00 -113.11977139 -112.83630896 -113.03429222 -112.92178813
2.7      5.20 -113.10578920 -112.85771544 -113.02831299 -112.93519164
2.7      5.40 -113.09307381 -112.87758198 -113.02455907 -112.94609671
2.7      5.60 -113.08159468 -112.89500127 -113.02157930 -112.95501666
2.7      5.80 -113.07128656 -112.91005316 -113.01920957 -112.96213014
2.7      6.00 -113.06206773 -112.92293929 -113.01726783 -112.96773920
2.7      7.00 -113.02962508 -112.96299085 -113.01126732 -112.98134861
2.7      8.00 -113.01409036 -112.97870787 -113.00844729 -112.98435094
2.7      9.00 -113.00837419 -112.98355068 -113.00713337 -112.98479151
2.7     10.00 -113.00683854 -112.98456884 -113.00662732 -112.98478006
2.7     12.00 -113.00646621 -112.98453165 -113.00646231 -112.98453556
2.7     14.00 -113.00631657 -112.98450285 -113.00631650 -112.98450292
2.7     16.00 -113.00598598 -112.98448857 -113.00598598 -112.98448857
2.7     18.00 -113.00615618 -112.98448127 -113.00615618 -112.98448127
2.7     20.00 -113.00629721 -112.98447702 -113.00629721 -112.98447702
          
2.8      2.10 -108.71023452 -108.50270564 -108.67735702 -108.53558315
2.8      2.20 -110.07329761 -109.86484359 -110.04403867 -109.89410253
2.8      2.30 -110.99151105 -110.78215695 -110.95176271 -110.82190529
2.8      2.40 -111.62967993 -111.41960982 -111.58251297 -111.46677678
2.8      2.50 -112.08146931 -111.87089850 -112.03304228 -111.91932553
2.8      2.60 -112.40498729 -112.19408097 -112.35838353 -112.24068473
2.8      2.70 -112.63818171 -112.42704445 -112.59443511 -112.47079105
2.8      2.80 -112.80673268 -112.59543461 -112.76608386 -112.63608343
2.8      2.90 -112.92846660 -112.71705673 -112.89081591 -112.75470741
2.8      3.00 -113.01598453 -112.80449494 -112.98121330 -112.83926616
2.8      3.10 -113.07831223 -112.86676250 -113.04616453 -112.89891020
2.8      3.20 -113.12198432 -112.91038338 -113.09214154 -112.94022616
2.8      3.30 -113.14779095 -112.93459628 -113.13494278 -112.94744444
2.8      3.40 -113.16717531 -112.95380399 -113.14792434 -112.97305496
2.8      3.50 -113.17884256 -112.96528358 -113.15527647 -112.98884967
2.8      3.60 -113.18474305 -112.97099667 -113.15752272 -112.99821700
2.8      3.70 -113.18635789 -112.97242760 -113.15606008 -113.00272541
2.8      3.80 -113.18481116 -112.97070190 -113.15174880 -113.00376427
2.8      3.90 -113.18095771 -112.96667531 -113.14548369 -113.00214933
2.8      4.00 -113.17544934 -112.96100015 -113.13764097 -112.99880853
2.8      4.10 -113.16878446 -112.95417489 -113.12878201 -112.99417735
2.8      4.20 -113.16134484 -112.94658092 -113.11929899 -112.98862677
2.8      4.40 -113.14524046 -112.93018311 -113.09951365 -112.97590992
2.8      4.60 -113.12872667 -112.91339124 -113.07981614 -112.96230177
2.8      4.80 -113.11269313 -112.89709048 -113.06086337 -112.94892024
2.8      5.00 -113.10400519 -112.89160656 -113.04995854 -112.94565321
2.8      5.20 -113.08945123 -112.87693601 -113.03829052 -112.92809673
2.8      5.40 -113.06614536 -112.84637336 -112.99487168 -112.91764704
2.8      5.60 -113.05444615 -112.86374588 -112.99161139 -112.92658063
2.8      5.80 -113.04393119 -112.87903943 -112.98898667 -112.93398395
2.8      6.00 -113.03451752 -112.89224498 -112.98700105 -112.93976145
2.8      7.00 -113.00120939 -112.93382591 -112.98106724 -112.95396806
2.8      8.00 -112.98493195 -112.95064623 -112.97841574 -112.95716243
2.8      9.00 -112.97875058 -112.95614110 -112.97724875 -112.95764293
2.8     10.00 -112.97713418 -112.95736805 -112.97687412 -112.95762811
2.8     12.00 -112.97689973 -112.95734265 -112.97689471 -112.95734768
2.8     14.00 -112.97683206 -112.95731798 -112.97683197 -112.95731808
2.8     16.00 -112.97711301 -112.95730438 -112.97711301 -112.95730438
2.8     18.00 -112.97663918 -112.95729724 -112.97663918 -112.95729724
2.8     20.00 -112.97681977 -112.95729290 -112.97681977 -112.95729290
          
2.9      2.10 -107.60042687 -107.41431038 -107.60019792 -107.41453933
2.9      2.20 -109.34891788 -109.16246282 -109.34836846 -109.16301225
2.9      2.30 -110.49419104 -110.30730232 -110.49193130 -110.30956207
2.9      2.40 -111.27795165 -111.09067601 -111.27426776 -111.09435990
2.9      2.50 -111.82756240 -111.63996354 -111.82281133 -111.64471461
2.9      2.60 -112.21871345 -112.03084354 -112.21325753 -112.03629946
2.9      2.70 -112.49963713 -112.31153258 -112.49346926 -112.31770045
2.9      2.80 -112.70237631 -112.51405924 -112.69550464 -112.52093091
2.9      2.90 -112.84885666 -112.66033828 -112.84146824 -112.66772670
2.9      3.00 -112.95442059 -112.76570533 -112.94644912 -112.77367680
2.9      3.10 -113.02997818 -112.84106762 -113.02132072 -112.84972508
2.9      3.20 -113.08337965 -112.89427543 -113.07393535 -112.90371973
2.9      3.30 -113.12033081 -112.93103636 -113.10991479 -112.94145238
2.9      3.40 -113.14501963 -112.95554056 -113.13347768 -112.96708251
2.9      3.50 -113.16054916 -112.97089308 -113.14776110 -112.98368113
2.9      3.60 -113.16923750 -112.97941356 -113.15504597 -112.99360508
2.9      3.70 -113.17282848 -112.98284735 -113.15709453 -112.99858130
2.9      3.80 -113.17264016 -112.98251351 -113.15521029 -112.99994339
2.9      3.90 -113.16967349 -112.97941459 -113.15041999 -112.99866808
2.9      4.00 -113.16469095 -112.97431457 -113.14353092 -112.99547460
2.9      4.10 -113.15827576 -112.96779826 -113.13513978 -112.99093423
2.9      4.20 -113.15087551 -112.96031486 -113.12580880 -112.98538157
2.9      4.40 -113.13441476 -112.94374793 -113.10493110 -112.97323160
2.9      4.60 -113.11719355 -112.92651261 -113.08349328 -112.96021288
2.9      4.80 -113.10026791 -112.90968830 -113.06263590 -112.94732031
2.9      5.00 -113.08411785 -112.89380442 -113.04351218 -112.93441009
2.9      5.20 -113.06806714 -112.87809043 -113.02278963 -112.92336793
2.9      5.40 -113.05116070 -112.86342736 -112.99876277 -112.91582529
2.9      5.60 -113.03781014 -112.86365544 -112.98671884 -112.91474674
2.9      5.80 -113.02657264 -112.87159562 -112.97937621 -112.91879205
2.9      6.00 -113.01674243 -112.88107907 -112.97426990 -112.92355160
2.9      7.00 -112.98628745 -112.92069866 -112.96657479 -112.94041132
2.9      8.00 -112.97000458 -112.93684653 -112.96332193 -112.94352917
2.9      9.00 -112.96379561 -112.94238449 -112.96218964 -112.94399046
2.9     10.00 -112.96211288 -112.94370106 -112.96182126 -112.94399267
2.9     12.00 -112.96187418 -112.94392052 -112.96186779 -112.94392691
2.9     14.00 -112.96215527 -112.94390117 -112.96215519 -112.94390125
2.9     16.00 -112.96238327 -112.94389055 -112.96238327 -112.94389055
2.9     18.00 -112.96261282 -112.94388495 -112.96261282 -112.94388495
2.9     20.00 -112.96279584 -112.94388159 -112.96279584 -112.94388159
          
3.0      2.10 -106.11460887 -105.94546324 -106.11457433 -105.94549778
3.0      2.20 -108.41772287 -108.24849419 -108.41770382 -108.24851325
3.0      2.30 -109.86597246 -109.69628001 -109.86527180 -109.69698067
3.0      2.40 -110.83595040 -110.66579236 -110.83387721 -110.66786556
3.0      2.50 -111.50785875 -111.33731261 -111.50462126 -111.34055010
3.0      2.60 -111.98244382 -111.81158519 -111.97835087 -111.81567814
3.0      2.70 -112.32172181 -112.15060917 -112.31700726 -112.15532373
3.0      2.80 -112.56602281 -112.39469705 -112.56079529 -112.39992457
3.0      2.90 -112.74250840 -112.57099533 -112.73664987 -112.57685386
3.0      3.00 -112.86995757 -112.69827215 -112.86358317 -112.70464655
3.0      3.10 -112.96160995 -112.78976061 -112.95464705 -112.79672350
3.0      3.20 -113.02693129 -112.85492369 -113.01926613 -112.86258884
3.0      3.30 -113.07276287 -112.90060240 -113.06429441 -112.90907086
3.0      3.40 -113.10409820 -112.93179107 -113.09467003 -112.94121924
3.0      3.50 -113.12461763 -112.95217138 -113.11408632 -112.96270269
3.0      3.60 -113.13705782 -112.96448090 -113.12532313 -112.97621559
3.0      3.70 -113.14346963 -112.97077147 -113.13037209 -112.98386902
3.0      3.80 -113.14539909 -112.97259002 -113.13098367 -112.98700544
3.0      3.90 -113.14401708 -112.97110839 -113.12800009 -112.98712538
3.0      4.00 -113.14021383 -112.96721803 -113.12248624 -112.98494561
3.0      4.10 -113.13466860 -112.96159945 -113.11514887 -112.98111918
3.0      4.20 -113.12790164 -112.95477419 -113.10650715 -112.97616868
3.0      4.40 -113.11220754 -112.93901334 -113.08698002 -112.96424086
3.0      4.60 -113.09533109 -112.92214409 -113.06630082 -112.95117436
3.0      4.80 -113.07853132 -112.90543651 -113.04583792 -112.93812991
3.0      5.00 -113.06246667 -112.88956759 -113.02531602 -112.92671825
3.0      5.20 -113.04729162 -112.87470356 -113.00737376 -112.91462143
3.0      5.40 -113.03124915 -112.85834818 -112.98453235 -112.90506498
3.0      5.60 -113.01628849 -112.84749501 -112.96491962 -112.89886388
3.0      5.80 -113.00441737 -112.85026527 -112.95550121 -112.89918142
3.0      6.00 -112.99427428 -112.85813718 -112.94958558 -112.90282587
3.0      7.00 -112.96285730 -112.89737911 -112.94083287 -112.91940353
3.0      8.00 -112.94567665 -112.91443272 -112.93747593 -112.92263344
3.0      9.00 -112.93861793 -112.92091899 -112.93641041 -112.92312651
3.0     10.00 -112.93654809 -112.92271039 -112.93612195 -112.92313653
3.0     12.00 -112.93630404 -112.92306525 -112.93629454 -112.92307476
3.0     14.00 -112.93666438 -112.92305175 -112.93666426 -112.92305187
3.0     16.00 -112.93700006 -112.92304060 -112.93700006 -112.92304060
3.0     18.00 -112.93721416 -112.92303540 -112.93721416 -112.92303540
3.0     20.00 -112.93742487 -112.92303228 -112.93742487 -112.92303228
          
3.1      2.10 -104.06537387 -103.90987576 -104.06073983 -103.91450981
3.1      2.20 -107.21835142 -107.06354320 -107.21827284 -107.06362179
3.1      2.30 -109.08649432 -108.93136726 -109.08461208 -108.93324949
3.1      2.40 -110.29967182 -110.14403476 -110.29518465 -110.14852192
3.1      2.50 -111.12610257 -110.97000835 -111.11951075 -110.97660017
3.1      2.60 -111.70407399 -111.54761535 -111.69598763 -111.55570171
3.1      2.70 -112.11470991 -111.95796922 -112.10559562 -111.96708350
3.1      2.80 -112.40933483 -112.25237531 -112.39938920 -112.26232095
3.1      2.90 -112.62188376 -112.46474971 -112.61121873 -112.47541474
3.1      3.00 -112.77548743 -112.61820769 -112.76395056 -112.62974456
3.1      3.10 -112.88628393 -112.72887653 -112.87397654 -112.74118392
3.1      3.20 -112.96572537 -112.80820195 -112.95252096 -112.82140636
3.1      3.30 -113.02203953 -112.86440876 -113.00784040 -112.87860789
3.1      3.40 -113.06119833 -112.90346795 -113.04589257 -112.91877371
3.1      3.50 -113.08757896 -112.92975660 -113.07097454 -112.94636102
3.1      3.60 -113.10442006 -112.94651354 -113.08639033 -112.96454326
3.1      3.70 -113.11413823 -112.95615567 -113.09459549 -112.97569840
3.1      3.80 -113.11854924 -112.96049918 -113.09734176 -112.98170666
3.1      3.90 -113.11902486 -112.96091649 -113.09577874 -112.98416261
3.1      4.00 -113.11660573 -112.95844917 -113.09149511 -112.98355979
3.1      4.10 -113.11208419 -112.95389067 -113.08505994 -112.98091492
3.1      4.20 -113.10606570 -112.94784761 -113.07708990 -112.97682342
3.1      4.40 -113.09128741 -112.93306201 -113.05834545 -112.96600397
3.1      4.60 -113.07483291 -112.91666258 -113.03802107 -112.95347442
3.1      4.80 -113.05818678 -112.90014238 -113.01767722 -112.94065194
3.1      5.00 -113.04216239 -112.88432426 -112.99814708 -112.92833957
3.1      5.20 -113.02711767 -112.86956700 -112.97957388 -112.91711079
3.1      5.40 -113.01279202 -112.85543104 -112.96126400 -112.90695906
3.1      5.60 -112.99727490 -112.83918577 -112.94870175 -112.88775892
3.1      5.80 -112.98437855 -112.83276693 -112.93471656 -112.88242892
3.1      6.00 -112.97383719 -112.83744958 -112.92699458 -112.88429219
3.1      7.00 -112.93802822 -112.87212136 -112.91270928 -112.89744029
3.1      8.00 -112.91995401 -112.89012427 -112.90920953 -112.90086875
3.1      9.00 -112.91180479 -112.89781497 -112.90820702 -112.90141274
3.1     10.00 -112.90884802 -112.90058296 -112.90799988 -112.90143110
3.1     12.00 -112.90832800 -112.90134945 -112.90830782 -112.90136964
3.1     14.00 -112.90877213 -112.90134506 -112.90877188 -112.90134531
3.1     16.00 -112.90917069 -112.90133572 -112.90917069 -112.90133572
3.1     18.00 -112.90942316 -112.90133087 -112.90942316 -112.90133087
3.1     20.00 -112.90966677 -112.90132817 -112.90966676 -112.90132817
          
3.2      2.10 -101.05461100 -100.90940602 -101.04768036 -100.91633666
3.2      2.20 -105.62012919 -105.47686715 -105.61634642 -105.48064992
3.2      2.30 -108.10099027 -107.95793922 -108.10059680 -107.95833268
3.2      2.40 -109.64141735 -109.49793311 -109.63906728 -109.50028318
3.2      2.50 -110.66636218 -110.52237479 -110.66183917 -110.52689781
3.2      2.60 -111.37374575 -111.22933743 -111.36759308 -111.23549010
3.2      2.70 -111.87226397 -111.72753560 -111.86497445 -111.73482512
3.2      2.80 -112.22814985 -112.08318876 -112.22001442 -112.09132419
3.2      2.90 -112.48421824 -112.33909158 -112.47537913 -112.34793070
3.2      3.00 -112.66917749 -112.52393264 -112.65967934 -112.53343080
3.2      3.10 -112.80280623 -112.65747461 -112.79252190 -112.66775894
3.2      3.20 -112.89901345 -112.75361571 -112.88793287 -112.76469629
3.2      3.30 -112.96772644 -112.82227680 -112.95576662 -112.83423661
3.2      3.40 -113.01610892 -112.87061799 -113.00314636 -112.88358055
3.2      3.50 -113.04938261 -112.90385900 -113.03528842 -112.91795319
3.2      3.60 -113.07139035 -112.92584142 -113.05602721 -112.94120456
3.2      3.70 -113.08498605 -112.93941834 -113.06820064 -112.95620376
3.2      3.80 -113.09230575 -112.94672536 -113.07398265 -112.96504847
3.2      3.90 -113.09495854 -112.94937165 -113.07503736 -112.96929284
3.2      4.00 -113.09416243 -112.94857578 -113.07251417 -112.97022403
3.2      4.10 -113.09084284 -112.94526414 -113.06738688 -112.96872010
3.2      4.20 -113.08570545 -112.94014349 -113.06020218 -112.96564676
3.2      4.40 -113.07201199 -112.92651474 -113.04274258 -112.95578415
3.2      4.60 -113.05606398 -112.91068126 -113.02305859 -112.94368665
3.2      4.80 -113.03960337 -112.89439663 -113.00299150 -112.93100849
3.2      5.00 -113.02360910 -112.87865409 -112.98351222 -112.91875097
3.2      5.20 -113.00857112 -112.86395412 -112.96490263 -112.90762261
3.2      5.40 -112.99453701 -112.85026548 -112.94649631 -112.89830618
3.2      5.60 -112.98105487 -112.83673868 -112.92824771 -112.88954585
3.2      5.80 -112.96684964 -112.82214713 -112.91767379 -112.87132298
3.2      6.00 -112.95563750 -112.81968450 -112.90691172 -112.86841028
3.2      7.00 -112.91914935 -112.85221852 -112.89069355 -112.88067433
3.2      8.00 -112.90059515 -112.87074916 -112.88693492 -112.88440940
3.2      9.00 -112.89185442 -112.87907169 -112.88589919 -112.88502692
3.2     10.00 -112.88803009 -112.88273762 -112.88570938 -112.88505833
3.2     12.00 -112.88620589 -112.88486648 -112.88607592 -112.88499645
3.2     14.00 -112.88658998 -112.88496811 -112.88658863 -112.88496946
3.2     16.00 -112.88702169 -112.88495806 -112.88702169 -112.88495806
3.2     18.00 -112.88729823 -112.88495217 -112.88729822 -112.88495218
3.2     20.00 -112.88755983 -112.88494875 -112.88755982 -112.88494877         
