1.6      0.20 -110.14838110 -109.68129763 -110.14699250 -109.68268624     0.02542962
1.6      0.60 -110.00353026 -109.60416717 -110.00300188 -109.60469555    -0.01451675
1.6      1.00 -110.86358712 -110.50102226 -110.83004723 -110.53456215    -0.10504981
1.6      1.40 -112.07966670 -111.63656799 -112.01281767 -111.70341701    -0.15859359
1.6      1.60 -112.45137460 -111.99076418 -112.38243231 -112.05970647    -0.16432437
1.6      1.80 -112.68624624 -112.21932057 -112.60959035 -112.29597646    -0.17296380
1.6      2.00 -112.82652807 -112.35837973 -112.73928266 -112.44562514    -0.18229655
1.6      2.10 -112.87210047 -112.40437834 -112.78094742 -112.49553139    -0.18527121
1.6      2.20 -112.90565759 -112.43894333 -112.81054521 -112.53405571    -0.18799984
1.6      2.30 -112.92972405 -112.46459239 -112.83044825 -112.56386819    -0.19057972
1.6      2.40 -112.94633127 -112.48338243 -112.84277039 -112.58694331    -0.19292105
1.6      2.50 -112.95709836 -112.49698732 -112.84978626 -112.60429942    -0.19457542
1.6      2.60 -112.96331624 -112.50677371 -112.85285949 -112.61723046    -0.19551856
1.6      2.70 -112.96601257 -112.51388310 -112.85294036 -112.62695531    -0.19580080
1.6      2.80 -112.96600201 -112.51932011 -112.85078887 -112.63453325    -0.19542148
1.6      2.90 -112.96393111 -112.52405384 -112.84747978 -112.64050517    -0.19407056
1.6      3.00 -112.96031502 -112.52910715 -112.84381015 -112.64561202    -0.19147958
1.6      3.10 -112.95555697 -112.53522361 -112.84061713 -112.65016345    -0.18735497
1.6      3.20 -112.94995990 -112.54204857 -112.83762376 -112.65438471    -0.18221903
1.6      3.30 -112.94377510 -112.54967740 -112.83331658 -112.66013592    -0.17700385
1.6      3.40 -112.93719813 -112.55836100 -112.82856650 -112.66699263    -0.17132678
1.6      3.50 -112.93038035 -112.56794473 -112.82374052 -112.67458457    -0.16516059
1.6      3.60 -112.92344912 -112.57817225 -112.81904272 -112.68257866    -0.15858253
1.6      3.70 -112.91650841 -112.58879174 -112.81445044 -112.69084971    -0.15175727
1.6      3.80 -112.90963798 -112.59957996 -112.81043883 -112.69877911    -0.14462718
1.6      3.90 -112.90289455 -112.61034687 -112.80680584 -112.70643558    -0.13739538
1.6      4.00 -112.89631665 -112.62093757 -112.80354588 -112.71370834    -0.13015649
1.6      4.10 -112.88993078 -112.63123301 -112.80059742 -112.72056637    -0.12300362
1.6      4.20 -112.88375385 -112.64114503 -112.79798225 -112.72691664    -0.11598353
1.6      4.40 -112.87206488 -112.65959846 -112.79354485 -112.73811850    -0.10255474
1.6      4.60 -112.86128625 -112.67605285 -112.78994186 -112.74739724    -0.09014068
1.6      4.80 -112.85141254 -112.69048757 -112.78698390 -112.75491622    -0.07884876
1.6      5.00 -112.84241657 -112.70300788 -112.78449503 -112.76092942    -0.06870125
1.6      5.20 -112.83426024 -112.71378090 -112.78240104 -112.76564010    -0.05965388
1.6      5.40 -112.82689993 -112.72299653 -112.78058530 -112.76931115    -0.05164497
1.6      5.60 -112.82028889 -112.73084471 -112.77902778 -112.77210581    -0.04458797
1.6      5.80 -112.81437862 -112.73750331 -112.77765898 -112.77422294    -0.03839924
1.6      6.00 -112.80912012 -112.74313281 -112.77644763 -112.77580531    -0.03299209
1.6      7.00 -112.79097498 -112.76017088 -112.77922142 -112.77192445    -0.01496368
1.6      8.00 -112.78280700 -112.76602001 -112.77976229 -112.76906473    -0.00646849

1.7      0.20 -110.69413208 -110.25890847 -110.69100587 -110.26203467    0.03675358
1.7      0.60 -110.52432842 -110.15985627 -110.52398401 -110.16020068   -0.01119868
1.7      1.00 -111.11910131 -110.80097082 -111.08917804 -110.83089408   -0.09286604
1.7      1.40 -112.21857551 -111.82252172 -112.15548453 -111.88561270   -0.14493775
1.7      1.60 -112.58541154 -112.17017490 -112.51965574 -112.23593070   -0.15159285
1.7      1.80 -112.82447987 -112.40037064 -112.75378976 -112.47106074   -0.15806086
1.7      2.00 -112.97051275 -112.54253735 -112.88985400 -112.62319610   -0.16737421
1.7      2.10 -113.01866986 -112.58985794 -112.93353151 -112.67499629   -0.17105496
1.7      2.20 -113.05451804 -112.62543734 -112.96548241 -112.71447297   -0.17400037
1.7      2.30 -113.08055526 -112.65175877 -112.98736730 -112.74494673   -0.17684648
1.7      2.40 -113.09882753 -112.67087668 -113.00119332 -112.76851089   -0.17958342
1.7      2.50 -113.11098193 -112.68447976 -113.00939981 -112.78606189   -0.18167572
1.7      2.60 -113.11833072 -112.69394626 -113.01329583 -112.79898115   -0.18314706
1.7      2.70 -113.12193404 -112.70041015 -113.01444190 -112.80790229   -0.18372791
1.7      2.80 -113.12264387 -112.70483209 -113.01356320 -112.81391276   -0.18351184
1.7      2.90 -113.12113835 -112.70805939 -113.01099934 -112.81819840   -0.18266227
1.7      3.00 -113.11795769 -112.71085572 -113.00759140 -112.82122201   -0.18096855
1.7      3.10 -113.11353363 -112.71386151 -113.00374336 -112.82365178   -0.17839901
1.7      3.20 -113.10820878 -112.71748945 -113.00010687 -112.82559137   -0.17478983
1.7      3.30 -113.10224875 -112.72201605 -112.99591964 -112.82834516   -0.17065733
1.7      3.40 -113.09585888 -112.72771675 -112.99123767 -112.83233796   -0.16604180
1.7      3.50 -113.08920096 -112.73466388 -112.98632037 -112.83754447   -0.16090546
1.7      3.60 -113.08240203 -112.74268703 -112.98144015 -112.84364891   -0.15525773
1.7      3.70 -113.07556068 -112.75151287 -112.97699238 -112.85008116   -0.14908095
1.7      3.80 -113.06875343 -112.76086325 -112.97266474 -112.85695194   -0.14265948
1.7      3.90 -113.06203921 -112.77049196 -112.96869799 -112.86383318   -0.13601762
1.7      4.00 -113.05546283 -112.78019429 -112.96507638 -112.87058074   -0.12927040
1.7      4.10 -113.04905751 -112.78980646 -112.96186711 -112.87699686   -0.12248280
1.7      4.20 -113.04284731 -112.79920258 -112.95900145 -112.88304845   -0.11575178
1.7      4.40 -113.03106918 -112.81699805 -112.95416847 -112.89389875   -0.10270590
1.7      4.60 -113.02019097 -112.83313168 -112.95031789 -112.90300476   -0.09048846
1.7      4.80 -113.01021840 -112.84744775 -112.94712841 -112.91053774   -0.07930228
1.7      5.00 -113.00112776 -112.85996669 -112.94459062 -112.91650384   -0.06916932
1.7      5.20 -112.99288130 -112.87080427 -112.94247811 -112.92120746   -0.06010483
1.7      5.40 -112.98543451 -112.88012017 -112.94067179 -112.92488289   -0.05206203
1.7      5.60 -112.97873937 -112.88808717 -112.93913209 -112.92769445   -0.04496388
1.7      5.80 -112.97274589 -112.89487403 -112.93779590 -112.92982403   -0.03873137
1.7      6.00 -112.96740319 -112.90063682 -112.93662384 -112.93141618   -0.03328149
1.7      7.00 -112.94873339 -112.91842705 -112.93487517 -112.93228527   -0.01509774
1.7      8.00 -112.93965194 -112.92535114 -112.93541947 -112.92958362   -0.00652794

1.8      0.20 -111.12353501 -110.71668254 -111.12064627 -110.71957128     0.03416061
1.8      0.60 -110.94761235 -110.61334768 -110.94734684 -110.61361320    -0.00941715
1.8      1.00 -111.33584790 -111.05600670 -111.30942374 -111.08243085    -0.08183111
1.8      1.40 -112.31142165 -111.95799416 -112.25111499 -112.01830082    -0.13295540
1.8      1.60 -112.66814218 -112.29487839 -112.60497292 -112.35804765    -0.13995872
1.8      1.80 -112.90850534 -112.52496315 -112.84133871 -112.59212978    -0.14577338
1.8      2.00 -113.05894631 -112.66981961 -112.98633563 -112.74243029    -0.15159961
1.8      2.10 -113.10934486 -112.71850299 -113.03261702 -112.79523083    -0.15524591
1.8      2.20 -113.14724089 -112.75521813 -113.06653229 -112.83592673    -0.15851098
1.8      2.30 -113.17508942 -112.78238300 -113.09056551 -112.86690691    -0.16139638
1.8      2.40 -113.19492098 -112.80203075 -113.10615437 -112.89079736    -0.16430466
1.8      2.50 -113.20840680 -112.81585597 -113.11518422 -112.90907855    -0.16704536
1.8      2.60 -113.21687414 -112.82525210 -113.11980785 -112.92231839    -0.16909002
1.8      2.70 -113.22138108 -112.83134060 -113.12150030 -112.93122139    -0.17023918
1.8      2.80 -113.22281267 -112.83506062 -113.12138680 -112.93648649    -0.17041386
1.8      2.90 -113.22188004 -112.83722080 -113.11938828 -112.93971256    -0.17005834
1.8      3.00 -113.21914850 -112.83852184 -113.11627576 -112.94139458    -0.16903641
1.8      3.10 -113.21507008 -112.83955798 -113.11281750 -112.94181055    -0.16715708
1.8      3.20 -113.21000670 -112.84080074 -113.10879244 -112.94201499    -0.16469542
1.8      3.30 -113.20424425 -112.84264018 -113.10449476 -112.94238966    -0.16161640
1.8      3.40 -113.19800373 -112.84546035 -113.09976165 -112.94370244    -0.15806040
1.8      3.50 -113.19145708 -112.84954080 -113.09461750 -112.94638038    -0.15405559
1.8      3.60 -113.18474060 -112.85491538 -113.08923478 -112.95042120    -0.14959568
1.8      3.70 -113.17796107 -112.86142103 -113.08389234 -112.95548976    -0.14466372
1.8      3.80 -113.17120013 -112.86880951 -113.07903604 -112.96097360    -0.13919532
1.8      3.90 -113.16451909 -112.87681896 -113.07456994 -112.96676811    -0.13336991
1.8      4.00 -113.15796337 -112.88520836 -113.07053570 -112.97263602    -0.12728997
1.8      4.10 -113.15156658 -112.89377199 -113.06692564 -112.97841293    -0.12106150
1.8      4.20 -113.14535321 -112.90234234 -113.06372109 -112.98397446    -0.11477670
1.8      4.40 -113.13354140 -112.91900731 -113.05836026 -112.99418845    -0.10235582
1.8      4.60 -113.12260664 -112.93449974 -113.05418619 -113.00292019    -0.09049310
1.8      4.80 -113.11256829 -112.94848049 -113.05087761 -113.01017117    -0.07947923
1.8      5.00 -113.10341064 -112.96084888 -113.04821080 -113.01604872    -0.06944325
1.8      5.20 -113.09509958 -112.97164473 -113.04602309 -113.02072122    -0.06041712
1.8      5.40 -113.08759190 -112.98098153 -113.04420005 -113.02437338    -0.05237526
1.8      5.60 -113.08083974 -112.98900450 -113.04266128 -113.02718297    -0.04526072
1.8      5.80 -113.07479266 -112.99586623 -113.04132956 -113.02932933    -0.03900441
1.8      6.00 -113.06939892 -113.00171360 -113.04017061 -113.03094191    -0.03352661
1.8      7.00 -113.05045632 -113.01998145 -113.03601482 -113.03442295    -0.01521663
1.8      8.00 -113.04084620 -113.02759925 -113.03496510 -113.03348035    -0.00658174

1.9      0.20 -111.46423749 -111.08219685 -111.46205034 -111.08438400     0.02882351
1.9      0.60 -111.29279352 -110.98434362 -111.29257495 -110.98456219    -0.00820803
1.9      1.00 -111.52424167 -111.27683781 -111.50114786 -111.29993162    -0.07197342
1.9      1.40 -112.37435134 -112.05901460 -112.31708538 -112.11628056    -0.12156756
1.9      1.60 -112.71609819 -112.38097021 -112.65572986 -112.44133853    -0.12878967
1.9      1.80 -112.95476418 -112.60874571 -112.89201270 -112.67149719    -0.13332450
1.9      2.00 -113.10807642 -112.75549824 -113.04248827 -112.82108639    -0.13719747
1.9      2.10 -113.16030975 -112.80545086 -113.09207234 -112.87368828    -0.13985102
1.9      2.20 -113.19997751 -112.84334381 -113.12838054 -112.91494078    -0.14285575
1.9      2.30 -113.22944383 -112.87147400 -113.15433897 -112.94657886    -0.14575505
1.9      2.40 -113.25070140 -112.89182432 -113.17167247 -112.97085326    -0.14871483
1.9      2.50 -113.26541690 -112.90607521 -113.18197364 -112.98951846    -0.15172957
1.9      2.60 -113.27497079 -112.91565656 -113.18664805 -113.00397930    -0.15470847
1.9      2.70 -113.28037847 -112.92168264 -113.18872854 -113.01333257    -0.15644404
1.9      2.80 -113.28252257 -112.92504711 -113.18911830 -113.01845138    -0.15705215
1.9      2.90 -113.28215940 -112.92655390 -113.18816297 -113.02055033    -0.15681300
1.9      3.00 -113.27987932 -112.92688723 -113.18546240 -113.02130415    -0.15624939
1.9      3.10 -113.27615272 -112.92662226 -113.18194202 -113.02083296    -0.15509304
1.9      3.20 -113.27135694 -112.92623046 -113.17801602 -113.01957137    -0.15330328
1.9      3.30 -113.26579283 -112.92610641 -113.17376430 -113.01813495    -0.15096885
1.9      3.40 -113.25969567 -112.92664482 -113.16910525 -113.01723523    -0.14820456
1.9      3.50 -113.25324880 -112.92822152 -113.16392973 -113.01754059    -0.14509734
1.9      3.60 -113.24659792 -112.93103345 -113.15840951 -113.01922187    -0.14160485
1.9      3.70 -113.23985880 -112.93505451 -113.15260905 -113.02230425    -0.13777365
1.9      3.80 -113.23312109 -112.94013324 -113.14709049 -113.02616384    -0.13343409
1.9      3.90 -113.22645226 -112.94607710 -113.14186663 -113.03066273    -0.12868947
1.9      4.00 -113.21990170 -112.95268524 -113.13702413 -113.03556281    -0.12360243
1.9      4.10 -113.21350490 -112.95975789 -113.13271078 -113.04055202    -0.11820988
1.9      4.20 -113.20728698 -112.96710588 -113.12888914 -113.04550372    -0.11262086
1.9      4.40 -113.19545296 -112.98199644 -113.12260614 -113.05484325    -0.10120756
1.9      4.60 -113.18448200 -112.99638968 -113.11782821 -113.06304348    -0.08996854
1.9      4.80 -113.17439930 -113.00972489 -113.11414667 -113.06997752    -0.07932016
1.9      5.00 -113.16519482 -113.02173512 -113.11127213 -113.07565781    -0.06948436
1.9      5.20 -113.15683837 -113.03234816 -113.10895946 -113.08022707    -0.06056455
1.9      5.40 -113.14928902 -113.04160672 -113.10706035 -113.08383539    -0.05257394
1.9      5.60 -113.14249998 -113.04961261 -113.10549083 -113.08662175    -0.04547533
1.9      5.80 -113.13642116 -113.05649206 -113.10416747 -113.08874575    -0.03921362
1.9      6.00 -113.13100071 -113.06237615 -113.10302446 -113.09035239    -0.03372221
1.9      7.00 -113.11197477 -113.08089243 -113.09904663 -113.09382057    -0.01531992
1.9      8.00 -113.10225074 -113.08878768 -113.09668560 -113.09435282    -0.00662971

2.0      0.20 -111.73691220 -111.37620402 -111.73634348 -111.37677274    0.01431142
2.0      0.60 -111.57552129 -111.28887201 -111.57538927 -111.28900404   -0.00615040
2.0      1.00 -111.69085770 -111.47050146 -111.67061633 -111.49074282   -0.06364431
2.0      1.40 -112.41875043 -112.13708460 -112.36459941 -112.19123562   -0.11099621
2.0      1.60 -112.74103633 -112.44003411 -112.69002857 -112.49104187   -0.11292323
2.0      1.80 -112.97528945 -112.66340178 -112.91776921 -112.72092202   -0.12095982
2.0      2.00 -113.12981838 -112.81097243 -113.07136640 -112.86942441   -0.12337157
2.0      2.10 -113.18340541 -112.86198524 -113.12321605 -112.92217460   -0.12539265
2.0      2.20 -113.22452638 -112.90099390 -113.16227282 -112.96324747   -0.12753644
2.0      2.30 -113.25539074 -112.93014400 -113.19040537 -112.99512937   -0.13005069
2.0      2.40 -113.27792095 -112.95132262 -113.20980901 -113.01943456   -0.13268764
2.0      2.50 -113.29374767 -112.96616621 -113.22197002 -113.03794386   -0.13550275
2.0      2.60 -113.30427022 -112.97610245 -113.22728805 -113.05308462   -0.13905687
2.0      2.70 -113.31060839 -112.98237993 -113.22859345 -113.06439486   -0.14210273
2.0      2.80 -113.31344526 -112.98569474 -113.22984944 -113.06929056   -0.14286467
2.0      2.90 -113.31363917 -112.98689496 -113.22895457 -113.07157956   -0.14317375
2.0      3.00 -113.31180556 -112.98666791 -113.22666090 -113.07181257   -0.14294797
2.0      3.10 -113.30843090 -112.98558520 -113.22327249 -113.07074361   -0.14227112
2.0      3.20 -113.30390606 -112.98411797 -113.21945845 -113.06856558   -0.14097497
2.0      3.30 -113.29854448 -112.98265710 -113.21522995 -113.06597163   -0.13920021
2.0      3.40 -113.29259395 -112.98157273 -113.21064532 -113.06352136   -0.13701162
2.0      3.50 -113.28624815 -112.98125084 -113.20556725 -113.06193174   -0.13452899
2.0      3.60 -113.27966086 -112.98198240 -113.20002151 -113.06162175   -0.13177440
2.0      3.70 -113.27295550 -112.98384598 -113.19418346 -113.06261802   -0.12871951
2.0      3.80 -113.26622909 -112.98675257 -113.18822563 -113.06475603   -0.12536186
2.0      3.90 -113.25955602 -112.99055082 -113.18241757 -113.06768927   -0.12165650
2.0      4.00 -113.25299208 -112.99509099 -113.17687162 -113.07121146   -0.11763173
2.0      4.10 -113.24657816 -113.00024372 -113.17171916 -113.07510271   -0.11329819
2.0      4.20 -113.24034292 -113.00589147 -113.16703724 -113.07919716   -0.10868717
2.0      4.40 -113.22847704 -113.01816626 -113.15926668 -113.08737661   -0.09882110
2.0      4.60 -113.21747182 -113.03084844 -113.15343359 -113.09488666   -0.08860099
2.0      4.80 -113.20735089 -113.04310021 -113.14906839 -113.10138271   -0.07858810
2.0      5.00 -113.19810798 -113.05445091 -113.14568578 -113.10687311   -0.06915730
2.0      5.20 -113.18971605 -113.06467920 -113.14310300 -113.11129224   -0.06046133
2.0      5.40 -113.18213605 -113.07372362 -113.14106254 -113.11479714   -0.05259131
2.0      5.60 -113.17532234 -113.08161855 -113.13940906 -113.11753183   -0.04555707
2.0      5.80 -113.16922540 -113.08844816 -113.13804287 -113.11963070   -0.03932542
2.0      6.00 -113.16379358 -113.09431754 -113.13689202 -113.12121910   -0.03384258
2.0      7.00 -113.14480464 -113.11289755 -113.13302791 -113.12467428   -0.01539707
2.0      8.00 -113.13524604 -113.12078287 -113.13081793 -113.12521098   -0.00666606

2.1      0.20 -111.95701418 -111.61452822 -111.95656877 -111.61497363    0.01234294
2.1      0.60 -111.80832391 -111.53988676 -111.80821372 -111.53999695   -0.00543750
2.1      1.00 -111.83989094 -111.64173649 -111.82242888 -111.65919854   -0.05617171
2.1      1.40 -112.45248408 -112.20032598 -112.40143911 -112.25137095   -0.10132035
2.1      1.60 -112.75239196 -112.48174253 -112.69906326 -112.53507123   -0.10765423
2.1      1.80 -112.97889947 -112.69764262 -112.92629038 -112.75025171   -0.10967658
2.1      2.00 -113.13292728 -112.84474948 -113.08034649 -112.89733028   -0.11130085
2.1      2.10 -113.18733722 -112.89651244 -113.13434559 -112.94950407   -0.11226382
2.1      2.20 -113.22954176 -112.93648275 -113.17557687 -112.99044764   -0.11359000
2.1      2.30 -113.26155554 -112.96662053 -113.20595702 -113.02221905   -0.11535491
2.1      2.40 -113.28518585 -112.98869327 -113.22731325 -113.04656587   -0.11751408
2.1      2.50 -113.30200631 -113.00425933 -113.24131303 -113.06495261   -0.11994819
2.1      2.60 -113.31336629 -113.01468706 -113.24897544 -113.07907792   -0.12282520
2.1      2.70 -113.32061807 -113.02144459 -113.24800830 -113.09405435   -0.12826043
2.1      2.80 -113.32411475 -113.02495821 -113.25015248 -113.09892048   -0.12905766
2.1      2.90 -113.32484585 -113.02612949 -113.25016554 -113.10080980   -0.12934868
2.1      3.00 -113.32344847 -113.02566356 -113.24804576 -113.10106627   -0.12949216
2.1      3.10 -113.32042133 -113.02413026 -113.24508634 -113.09946525   -0.12901831
2.1      3.20 -113.31616707 -113.02200358 -113.24133457 -113.09683608   -0.12811357
2.1      3.30 -113.31101026 -113.01967667 -113.23700755 -113.09367938   -0.12681906
2.1      3.40 -113.30520998 -113.01749944 -113.23242758 -113.09028185   -0.12507192
2.1      3.50 -113.29897008 -113.01582912 -113.22741130 -113.08738790   -0.12304699
2.1      3.60 -113.29245153 -113.01499265 -113.22193124 -113.08551295   -0.12080302
2.1      3.70 -113.28578360 -113.01516543 -113.21607929 -113.08486974   -0.11834087
2.1      3.80 -113.27906923 -113.01633470 -113.21001969 -113.08538424   -0.11564540
2.1      3.90 -113.27238821 -113.01837361 -113.20384954 -113.08691228   -0.11274872
2.1      4.00 -113.26580108 -113.02112407 -113.19785971 -113.08906544   -0.10957947
2.1      4.10 -113.25935311 -113.02444542 -113.19208294 -113.09171560   -0.10619325
2.1      4.20 -113.25307769 -113.02823348 -113.18662743 -113.09468373   -0.10259298
2.1      4.40 -113.24113317 -113.03696363 -113.17699053 -113.10110627   -0.09477180
2.1      4.60 -113.23007585 -113.04692961 -113.16943730 -113.10756817   -0.08618985
2.1      4.80 -113.21992309 -113.05747638 -113.16391989 -113.11347958   -0.07720866
2.1      5.00 -113.21064954 -113.06776916 -113.15986904 -113.11854966   -0.06838770
2.1      5.20 -113.20222712 -113.07733060 -113.15685998 -113.12269774   -0.06006680
2.1      5.40 -113.19462090 -113.08596714 -113.15456109 -113.12602695   -0.05242004
2.1      5.60 -113.18778744 -113.09362070 -113.15275908 -113.12864906   -0.04551396
2.1      5.80 -113.18167817 -113.10031193 -113.15131408 -113.13067602   -0.03935269
2.1      6.00 -113.17624181 -113.10610485 -113.15013089 -113.13221577   -0.03390517
2.1      7.00 -113.15734568 -113.12459404 -113.14635793 -113.13558179   -0.01546403
2.1      8.00 -113.14806349 -113.13234299 -113.14431088 -113.13609560   -0.00670156

2.13      0.20 -112.01873990 -111.68151863 -112.01832932 -111.68192921    0.01175958
2.13      0.60 -111.87440218 -111.61114370 -111.87429353 -111.61125235   -0.00534712
2.13      1.00 -111.88464560 -111.69270748 -111.86804664 -111.70930645   -0.05394858
2.13      1.40 -112.46200710 -112.21852474 -112.41200017 -112.26853167   -0.09836215
2.13      1.60 -112.75404346 -112.49235761 -112.70185177 -112.54454929   -0.10456507
2.13      1.80 -112.97757536 -112.70544716 -112.92644154 -112.75658098   -0.10630281
2.13      2.00 -113.13107370 -112.85210857 -113.08042693 -112.90275534   -0.10753412
2.13      2.10 -113.18563014 -112.90403276 -113.13484401 -112.95481888   -0.10826823
2.13      2.20 -113.22809828 -112.94426609 -113.17662069 -112.99574368   -0.10936661
2.13      2.30 -113.26042370 -112.97470176 -113.20766297 -113.02746249   -0.11086570
2.13      2.40 -113.28436869 -112.99706395 -113.22965516 -113.05177747   -0.11280907
2.13      2.50 -113.30148209 -113.01288183 -113.24424648 -113.07011744   -0.11507517
2.13      2.60 -113.31309690 -113.02350064 -113.25254839 -113.08404915   -0.11776460
2.13      2.70 -113.32062193 -113.03044093 -113.25096801 -113.10009484   -0.12393779
2.13      2.80 -113.32432030 -113.03405802 -113.25344140 -113.10493693   -0.12469825
2.13      2.90 -113.32521937 -113.03526883 -113.25370225 -113.10678595   -0.12498691
2.13      3.00 -113.32395965 -113.03478226 -113.25192671 -113.10681519   -0.12506619
2.13      3.10 -113.32104295 -113.03316710 -113.24905547 -113.10515458   -0.12466459
2.13      3.20 -113.31687529 -113.03089827 -113.24533372 -113.10243984   -0.12385898
2.13      3.30 -113.31178455 -113.02836985 -113.24099908 -113.09915532   -0.12268276
2.13      3.40 -113.30603319 -113.02592798 -113.23638776 -113.09557341   -0.12106842
2.13      3.50 -113.29982831 -113.02391818 -113.23135576 -113.09239074   -0.11917962
2.13      3.60 -113.29333317 -113.02266854 -113.22587608 -113.09012563   -0.11708027
2.13      3.70 -113.28667865 -113.02238088 -113.22002547 -113.08903405   -0.11477648
2.13      3.80 -113.27996936 -113.02307385 -113.21394834 -113.08909487   -0.11225742
2.13      3.90 -113.27328668 -113.02463649 -113.20770557 -113.09021760   -0.10957131
2.13      4.00 -113.26669252 -113.02691090 -113.20163631 -113.09196711   -0.10661600
2.13      4.10 -113.26023320 -113.02974656 -113.19573644 -113.09424331   -0.10346888
2.13      4.20 -113.25394299 -113.03302658 -113.19010372 -113.09686585   -0.10013835
2.13      4.40 -113.24196219 -113.04064591 -113.17996577 -113.10264233   -0.09293725
2.13      4.60 -113.23087017 -113.04948016 -113.17174862 -113.10860170   -0.08502176
2.13      4.80 -113.22070044 -113.05920630 -113.16562328 -113.11428346   -0.07655811
2.13      5.00 -113.21142184 -113.06904545 -113.16125955 -113.11920773   -0.06801228
2.13      5.20 -113.20299350 -113.07832779 -113.15806551 -113.12325578   -0.05985362
2.13      5.40 -113.19538050 -113.08678344 -113.15565348 -113.12651045   -0.05230680
2.13      5.60 -113.18854142 -113.09432390 -113.15378302 -113.12908230   -0.04546102
2.13      5.80 -113.18242865 -113.10094656 -113.15229897 -113.13107624   -0.03933487
2.13      6.00 -113.17699124 -113.10669872 -113.15109627 -113.13259369   -0.03390683
2.13      7.00 -113.15812817 -113.12512739 -113.14733636 -113.13591921   -0.01548144
2.13      8.00 -113.14893842 -113.13282443 -113.14533929 -113.13642356   -0.00671138

2.2      0.20 -112.13619183 -111.80917653 -112.13584525 -111.80952312    0.01064041
2.2      0.60 -112.00115169 -111.74780015 -112.00105136 -111.74790049   -0.00504091
2.2      1.00 -111.97408886 -111.79387038 -111.95909810 -111.80886115   -0.04976836
2.2      1.40 -112.48080896 -112.25433664 -112.43315007 -112.30199554   -0.09231495
2.2      1.60 -112.75558023 -112.51153867 -112.70611183 -112.56100708   -0.09810823
2.2      1.80 -112.97203089 -112.71795602 -112.92424322 -112.76574369   -0.09928738
2.2      2.00 -113.12383765 -112.86318978 -113.07719380 -112.90983364   -0.09990982
2.2      2.10 -113.17850917 -112.91530951 -113.13214816 -112.96167052   -0.10026394
2.2      2.20 -113.22138998 -112.95600514 -113.17488289 -113.00251223   -0.10089285
2.2      2.30 -113.25426968 -112.98701733 -113.20713655 -113.03415046   -0.10185729
2.2      2.40 -113.27880830 -113.00997280 -113.23041352 -113.05836758   -0.10328689
2.2      2.50 -113.29649121 -113.02633427 -113.24620398 -113.07662150   -0.10515055
2.2      2.60 -113.30861539 -113.03739510 -113.25577047 -113.09024003   -0.10742453
2.2      2.70 -113.31668564 -113.04476633 -113.25305380 -113.10839817   -0.11512478
2.2      2.80 -113.32078092 -113.04863153 -113.25636828 -113.11304417   -0.11567572
2.2      2.90 -113.32202432 -113.04998933 -113.25712363 -113.11489002   -0.11594464
2.2      3.00 -113.32104871 -113.04953358 -113.25570292 -113.11487938   -0.11607023
2.2      3.10 -113.31836122 -113.04783008 -113.25303328 -113.11315802   -0.11578213
2.2      3.20 -113.31437425 -113.04535349 -113.24939552 -113.11033221   -0.11514509
2.2      3.30 -113.30942222 -113.04250032 -113.24513019 -113.10679234   -0.11413801
2.2      3.40 -113.30377427 -113.03961136 -113.24045695 -113.10292867   -0.11276969
2.2      3.50 -113.29764408 -113.03700989 -113.23531782 -113.09933615   -0.11117460
2.2      3.60 -113.29119987 -113.03501436 -113.22984952 -113.09636471   -0.10933072
2.2      3.70 -113.28457570 -113.03386833 -113.22401370 -113.09443033   -0.10731069
2.2      3.80 -113.27787918 -113.03365951 -113.21793777 -113.09360092   -0.10509948
2.2      3.90 -113.27119497 -113.03432649 -113.21174873 -113.09377273   -0.10269900
2.2      4.00 -113.26458782 -113.03572593 -113.20549714 -113.09481662   -0.10015936
2.2      4.10 -113.25810629 -113.03769541 -113.19945398 -113.09634771   -0.09740387
2.2      4.20 -113.25178627 -113.04009149 -113.19359466 -113.09828311   -0.09451242
2.2      4.40 -113.23972760 -113.04576963 -113.18271945 -113.10277778   -0.08835867
2.2      4.60 -113.22854136 -113.05233786 -113.17331921 -113.10756001   -0.08173647
2.2      4.80 -113.21828788 -113.05980057 -113.16578593 -113.11230252   -0.07459516
2.2      5.00 -113.20897649 -113.06813200 -113.16035536 -113.11675313   -0.06696271
2.2      5.20 -113.20055072 -113.07668546 -113.15662065 -113.12061553   -0.05925840
2.2      5.40 -113.19293738 -113.08470928 -113.15394046 -113.12370620   -0.05195963
2.2      5.60 -113.18609275 -113.09195966 -113.15189980 -113.12615261   -0.04527174
2.2      5.80 -113.17997501 -113.09839552 -113.15030950 -113.12806103   -0.03924353
2.2      6.00 -113.17453617 -113.10403178 -113.14904818 -113.12951978   -0.03387296
2.2      7.00 -113.15573995 -113.12228139 -113.14527956 -113.13274179   -0.01551032
2.2      8.00 -113.14673326 -113.12987166 -113.14338037 -113.13322456   -0.00673002

2.3      0.20 -112.28325874 -111.96941931 -112.28300744 -111.96967062    0.00887723
2.3      0.60 -112.16184326 -111.92095580 -112.16175090 -111.92104815   -0.00471571
2.3      1.00 -112.09532397 -111.92937151 -112.08263273 -111.94206275   -0.04410300
2.3      1.40 -112.50706134 -112.30283656 -112.46311600 -112.34678189   -0.08392577
2.3      1.60 -112.75514906 -112.53431562 -112.70980127 -112.57966341   -0.08920699
2.3      1.80 -112.95933782 -112.72915896 -112.91604490 -112.77245189   -0.08994909
2.3      2.00 -113.10726380 -112.87105738 -113.06621545 -112.91210573   -0.08950372
2.3      2.10 -113.16162455 -112.92307855 -113.12133314 -112.96336996   -0.08937537
2.3      2.20 -113.20475293 -112.96419502 -113.16490445 -113.00404350   -0.08943135
2.3      2.30 -113.23818715 -112.99589791 -113.19834820 -113.03573686   -0.08980761
2.3      2.40 -113.26341785 -113.01964918 -113.22320813 -113.05985890   -0.09047126
2.3      2.50 -113.28181778 -113.03680232 -113.24066739 -113.07795271   -0.09159217
2.3      2.60 -113.29461367 -113.04857357 -113.25190138 -113.09128587   -0.09319119
2.3      2.70 -113.30337657 -113.05661427 -113.24841914 -113.11157170   -0.10266987
2.3      2.80 -113.30802445 -113.06093695 -113.25278109 -113.11618030   -0.10294714
2.3      2.90 -113.30975148 -113.06263610 -113.25420366 -113.11818392   -0.10315600
2.3      3.00 -113.30917945 -113.06237327 -113.25343168 -113.11812104   -0.10320407
2.3      3.10 -113.30682077 -113.06070691 -113.25096497 -113.11656270   -0.10308742
2.3      3.20 -113.30309553 -113.05810873 -113.24747406 -113.11373020   -0.10262933
2.3      3.30 -113.29834649 -113.05497596 -113.24322359 -113.11009885   -0.10186636
2.3      3.40 -113.29285154 -113.05164553 -113.23845120 -113.10604587   -0.10080820
2.3      3.50 -113.28683328 -113.04841840 -113.23328106 -113.10197061   -0.09949776
2.3      3.60 -113.28046744 -113.04558424 -113.22775136 -113.09830031   -0.09799559
2.3      3.70 -113.27389268 -113.04340879 -113.22187459 -113.09542688   -0.09635066
2.3      3.80 -113.26722014 -113.04206778 -113.21583214 -113.09345578   -0.09449552
2.3      3.90 -113.26053857 -113.04159606 -113.20964748 -113.09248715   -0.09247876
2.3      4.00 -113.25391694 -113.04190819 -113.20345439 -113.09237075   -0.09028861
2.3      4.10 -113.24740734 -113.04285552 -113.19728675 -113.09297611   -0.08797832
2.3      4.20 -113.24104831 -113.04427656 -113.19129646 -113.09402840   -0.08552492
2.3      4.40 -113.22888537 -113.04799681 -113.17986104 -113.09702114   -0.08040246
2.3      4.60 -113.21756361 -113.05230582 -113.16954310 -113.10032633   -0.07503195
2.3      4.80 -113.20713995 -113.05692076 -113.16047570 -113.10358501   -0.06951485
2.3      5.00 -113.19763424 -113.06191279 -113.15287133 -113.10667571   -0.06380885
2.3      5.20 -113.18906005 -113.06757666 -113.14703344 -113.10960326   -0.05778667
2.3      5.40 -113.18142835 -113.07415113 -113.14321675 -113.11236273   -0.05137225
2.3      5.60 -113.17465518 -113.08102875 -113.14100751 -113.11467641   -0.04492377
2.3      5.80 -113.16858859 -113.08725179 -113.13940782 -113.11643256   -0.03901222
2.3      6.00 -113.16317375 -113.09269359 -113.13810892 -113.11775842   -0.03373911
2.3      7.00 -113.14448076 -113.11056823 -113.13432011 -113.12072888   -0.01553495
2.3      8.00 -113.13569607 -113.11802653 -113.13255822 -113.12116437   -0.00675264

2.4      0.20 -112.40490007 -112.10254314 -112.40470181 -112.10274140    0.00773988
2.4      0.60 -112.29652946 -112.06605212 -112.29644510 -112.06613648   -0.00440860
2.4      1.00 -112.20493455 -112.05018272 -112.19421602 -112.06090125   -0.03929154
2.4      1.40 -112.53318520 -112.34816836 -112.49332688 -112.38802668   -0.07606428
2.4      1.60 -112.75396779 -112.55329892 -112.71307211 -112.59419460   -0.08083337
2.4      1.80 -112.94412544 -112.73480660 -112.90572613 -112.77320591   -0.08101353
2.4      2.00 -113.08663398 -112.87192618 -113.05078845 -112.90777170   -0.08007130
2.4      2.10 -113.14011885 -112.92335293 -113.10535047 -112.95812131   -0.07954721
2.4      2.20 -113.18246103 -112.96291310 -113.14812054 -112.99725359   -0.07975033
2.4      2.30 -113.21672140 -112.99668600 -113.18327126 -113.03013614   -0.07900192
2.4      2.40 -113.24240797 -113.02108573 -113.20915636 -113.05433734   -0.07908003
2.4      2.50 -113.26117676 -113.03749252 -113.21643726 -113.08223202   -0.08947569
2.4      2.60 -113.27515541 -113.05175436 -113.22862180 -113.09828797   -0.09072090
2.4      2.70 -113.28403925 -113.06011360 -113.23746601 -113.10668684   -0.09088386
2.4      2.80 -113.28920204 -113.06498428 -113.24242133 -113.11176499   -0.09110780
2.4      2.90 -113.29137883 -113.06712212 -113.24443163 -113.11406932   -0.09123697
2.4      3.00 -113.29118819 -113.06717323 -113.24408167 -113.11427976   -0.09128824
2.4      3.10 -113.28914481 -113.06568732 -113.24211355 -113.11271858   -0.09109088
2.4      3.20 -113.28567389 -113.06313065 -113.23879616 -113.11000838   -0.09074580
2.4      3.30 -113.28112472 -113.05989781 -113.23458296 -113.10643957   -0.09016737
2.4      3.40 -113.27578239 -113.05632340 -113.22975466 -113.10235113   -0.08934566
2.4      3.50 -113.26987720 -113.05269636 -113.22446297 -113.09811058   -0.08832128
2.4      3.60 -113.26359232 -113.04928044 -113.21886452 -113.09400825   -0.08709262
2.4      3.70 -113.25707168 -113.04632876 -113.21299699 -113.09040345   -0.08570794
2.4      3.80 -113.25042918 -113.04406110 -113.20693828 -113.08755200   -0.08416456
2.4      3.90 -113.24375644 -113.04260528 -113.20076850 -113.08559323   -0.08245673
2.4      4.00 -113.23712612 -113.04196318 -113.19441985 -113.08466944   -0.08068987
2.4      4.10 -113.23059398 -113.04203573 -113.18829055 -113.08433916   -0.07865800
2.4      4.20 -113.22420156 -113.04267395 -113.18227001 -113.08460551   -0.07650804
2.4      4.40 -113.21194783 -113.04503893 -113.17074388 -113.08624288   -0.07196903
2.4      4.60 -113.20051120 -113.04807475 -113.16009211 -113.08849384   -0.06728773
2.4      4.80 -113.18994884 -113.05123541 -113.15042629 -113.09075796   -0.06261211
2.4      5.00 -113.18026762 -113.05432363 -113.14178382 -113.09280742   -0.05801552
2.4      5.20 -113.17145053 -113.05736079 -113.13421095 -113.09460037   -0.05349642
2.4      5.40 -113.16347660 -113.06050606 -113.12780755 -113.09617511   -0.04899572
2.4      5.60 -113.15634151 -113.06403287 -113.12275551 -113.09761887   -0.04441012
2.4      5.80 -113.15009358 -113.06836911 -113.11946174 -113.09900096   -0.03956086
2.4      6.00 -113.14485958 -113.07396259 -113.11851797 -113.10030420   -0.03425873
2.4      7.00 -113.12681880 -113.09279750 -113.11671478 -113.10290151   -0.01554543
2.4      8.00 -113.11821289 -113.10018418 -113.11515007 -113.10324700   -0.00677036

2.5      0.20 -112.50625487 -112.21511950 -112.50606898 -112.21530539    0.00735415
2.5      0.60 -112.40998357 -112.18853407 -112.40989511 -112.18862253   -0.00442508
2.5      1.00 -112.30392571 -112.15792044 -112.29497681 -112.16686934   -0.03502147
2.5      1.40 -112.56014293 -112.39168133 -112.52406698 -112.42775728   -0.06910817
2.5      1.60 -112.75383364 -112.57067912 -112.71639649 -112.60811627   -0.07385962
2.5      1.80 -112.92867248 -112.73749080 -112.89414435 -112.77201893   -0.07354560
2.5      2.00 -113.06440411 -112.86847649 -113.03290497 -112.89997563   -0.07196774
2.5      2.10 -113.11647514 -112.91879755 -113.08629835 -112.94897433   -0.07109596
2.5      2.20 -113.15877472 -112.95947117 -113.12956858 -112.98867730   -0.07048325
2.5      2.30 -113.19229873 -112.99156565 -113.15674902 -113.02711537   -0.07663043
2.5      2.40 -113.21835119 -113.01660580 -113.18069700 -113.05425999   -0.07860484
2.5      2.50 -113.23782949 -113.03530568 -113.19939697 -113.07373821   -0.07941311
2.5      2.60 -113.25177910 -113.04868043 -113.21300558 -113.08745394   -0.07982145
2.5      2.70 -113.26114636 -113.05766903 -113.22214356 -113.09667182   -0.08009349
2.5      2.80 -113.26676398 -113.06310850 -113.22754538 -113.10232710   -0.08030556
2.5      2.90 -113.26935007 -113.06572975 -113.22994994 -113.10512988   -0.08043815
2.5      3.00 -113.26951482 -113.06616296 -113.23011432 -113.10556347   -0.08037267
2.5      3.10 -113.26777089 -113.06494710 -113.22835242 -113.10436556   -0.08025700
2.5      3.20 -113.26454546 -113.06254151 -113.22529554 -113.10179143   -0.07992548
2.5      3.30 -113.26019209 -113.05933615 -113.22117739 -113.09835085   -0.07946186
2.5      3.40 -113.25500143 -113.05566264 -113.21634118 -113.09432288   -0.07881543
2.5      3.50 -113.24921019 -113.05180361 -113.21103898 -113.08997482   -0.07796286
2.5      3.60 -113.24300839 -113.04800677 -113.20531679 -113.08569837   -0.07700173
2.5      3.70 -113.23654580 -113.04450213 -113.19940936 -113.08163857   -0.07584657
2.5      3.80 -113.22993958 -113.04151100 -113.19334801 -113.07810257   -0.07453828
2.5      3.90 -113.22328296 -113.03921758 -113.18718838 -113.07531216   -0.07308176
2.5      4.00 -113.21665109 -113.03771387 -113.18101194 -113.07335303   -0.07146343
2.5      4.10 -113.21010304 -113.03697704 -113.17488800 -113.07219208   -0.06968888
2.5      4.20 -113.20368352 -113.03689936 -113.16883326 -113.07174962   -0.06780804
2.5      4.40 -113.19135150 -113.03813053 -113.15727729 -113.07220474   -0.06371681
2.5      4.60 -113.17981502 -113.04031702 -113.14648764 -113.07364440   -0.05948436
2.5      4.80 -113.16913805 -113.04273324 -113.13663668 -113.07523461   -0.05524482
2.5      5.00 -113.15932710 -113.04501911 -113.12770474 -113.07664148   -0.05113428
2.5      5.20 -113.15035667 -113.04704966 -113.11957045 -113.07783587   -0.04725083
2.5      5.40 -113.14218516 -113.04882621 -113.11227508 -113.07873629   -0.04356329
2.5      5.60 -113.13476389 -113.05040931 -113.10574821 -113.07942499   -0.04007114
2.5      5.80 -113.12804268 -113.05187988 -113.09997480 -113.07994775   -0.03674129
2.5      6.00 -113.12197285 -113.05331720 -113.09492200 -113.08036805   -0.03354765
2.5      7.00 -113.10380283 -113.06986765 -113.09167035 -113.08200012   -0.01626409
2.5      8.00 -113.09657077 -113.07876832 -113.09342221 -113.08191689   -0.00679255

2.6      0.20 -112.59044973 -112.31147311 -112.59017954 -112.31174330    0.00867778
2.6      0.60 -112.50592172 -112.29298890 -112.50581886 -112.29309176   -0.00467884
2.6      1.00 -112.39309241 -112.25399227 -112.38550007 -112.26158462   -0.03159830
2.6      1.40 -112.58823224 -112.43403141 -112.55591969 -112.46634396   -0.06275764
2.6      1.60 -112.75574953 -112.58785870 -112.72187753 -112.62173070   -0.06737571
2.6      1.80 -112.91447571 -112.73906484 -112.88352064 -112.77001991   -0.06687032
2.6      2.00 -113.04229001 -112.86271045 -113.01461259 -112.89038787   -0.06484026
2.6      2.10 -113.09218598 -112.91037869 -113.06746463 -112.93510003   -0.06231674
2.6      2.20 -113.12442776 -112.93738182 -113.10011539 -112.96169419   -0.06290023
2.6      2.30 -113.16677762 -112.98331759 -113.13896412 -113.01113108   -0.06579570
2.6      2.40 -113.19278281 -113.00853614 -113.16220097 -113.03911798   -0.06855183
2.6      2.50 -113.21245586 -113.02765431 -113.18088686 -113.05922331   -0.06955141
2.6      2.60 -113.22673058 -113.04156096 -113.19462498 -113.07366656   -0.07010144
2.6      2.70 -113.23647710 -113.05111238 -113.20404249 -113.08354700   -0.07042889
2.6      2.80 -113.24248024 -113.05709259 -113.20984478 -113.08972804   -0.07060551
2.6      2.90 -113.24542980 -113.06019906 -113.21264854 -113.09298032   -0.07069290
2.6      3.00 -113.24592067 -113.06104055 -113.21316386 -113.09379736   -0.07059090
2.6      3.10 -113.24445848 -113.06014249 -113.21172614 -113.09287483   -0.07043925
2.6      3.20 -113.24146885 -113.05795504 -113.20886123 -113.09056266   -0.07014765
2.6      3.30 -113.23730702 -113.05486259 -113.20485331 -113.08731630   -0.06976930
2.6      3.40 -113.23226735 -113.05119225 -113.20004678 -113.08341282   -0.06925444
2.6      3.50 -113.22659150 -113.04722312 -113.19469263 -113.07912199   -0.06858652
2.6      3.60 -113.22047531 -113.04319452 -113.18898104 -113.07468879   -0.06776017
2.6      3.70 -113.21407463 -113.03931851 -113.18305424 -113.07033890   -0.06677379
2.6      3.80 -113.20751095 -113.03579738 -113.17697614 -113.06633219   -0.06565719
2.6      3.90 -113.20087907 -113.03282731 -113.17082506 -113.06288132   -0.06440020
2.6      4.00 -113.19425502 -113.03056325 -113.16466425 -113.06015402   -0.06299326
2.6      4.10 -113.18770014 -113.02906717 -113.15856282 -113.05820449   -0.06142602
2.6      4.20 -113.18126210 -113.02829558 -113.15256650 -113.05699118   -0.05971624
2.6      4.40 -113.16886795 -113.02843914 -113.14103479 -113.05627231   -0.05598118
2.6      4.60 -113.15724742 -113.02990570 -113.13023876 -113.05691436   -0.05205633
2.6      4.80 -113.14647331 -113.03183586 -113.12036020 -113.05794897   -0.04807957
2.6      5.00 -113.13655638 -113.03374261 -113.11134687 -113.05895212   -0.04423082
2.6      5.20 -113.12747161 -113.03540921 -113.10309067 -113.05979015   -0.04062189
2.6      5.40 -113.11917507 -113.03677240 -113.09557107 -113.06037641   -0.03725432
2.6      5.60 -113.11161279 -113.03784349 -113.08873175 -113.06072453   -0.03412295
2.6      5.80 -113.10472747 -113.03866270 -113.08249086 -113.06089931   -0.03121842
2.6      6.00 -113.09846167 -113.03927379 -113.07679593 -113.06093953   -0.02851219
2.6      7.00 -113.07505541 -113.03988121 -113.06090650 -113.05403012   -0.01724775
2.6      8.00 -113.05624169 -113.02907354 -113.05353743 -113.03177780   -0.00813368

