      1.6      0.60 -109.90595772 -109.49057247 -109.89454730 -109.50198290
      1.6      1.00 -111.70464874 -111.32361458 -111.69868581 -111.32957751
      1.6      1.40 -112.53904796 -112.16271718 -112.53628384 -112.16548131
      1.6      1.60 -112.70922872 -112.33463439 -112.70783984 -112.33602327
      1.6      1.80 -112.79693272 -112.43053225 -112.79664036 -112.43082461
      1.6      2.00 -112.83712229 -112.49743833 -112.83707171 -112.49748891
      1.6      2.10 -112.84647997 -112.52860133 -112.84622416 -112.52885714
      1.6      2.20 -112.85120440 -112.55794051 -112.85066566 -112.55847924
      1.6      2.30 -112.85254699 -112.58474211 -112.85167471 -112.58561439
      1.6      2.40 -112.85146094 -112.60879379 -112.85021045 -112.61004428
      1.6      2.50 -112.84867772 -112.63015179 -112.84699382 -112.63183569
      1.6      2.60 -112.84475713 -112.64898654 -112.84260003 -112.65114363
      1.6      2.70 -112.84012550 -112.66551039 -112.83744858 -112.66818731
      1.6      2.80 -112.83510523 -112.67994394 -112.83185490 -112.68319426
      1.6      2.90 -112.82993805 -112.69250015 -112.82608109 -112.69635710
      1.6      3.00 -112.82480332 -112.70337719 -112.82028329 -112.70789722
      1.6      3.10 -112.81983270 -112.71275578 -112.81459285 -112.71799563
      1.6      3.20 -112.81461012 -112.72034831 -112.80789216 -112.72706627
      1.6      3.30 -112.81025320 -112.72723786 -112.80275408 -112.73473697
      1.6      3.40 -112.80626793 -112.73307015 -112.79793591 -112.74140216
      1.6      3.50 -112.80268266 -112.73796348 -112.79346712 -112.74717902
      1.6      3.60 -112.79992385 -112.74232712 -112.79021867 -112.75203230
      1.6      3.70 -112.79714619 -112.74561880 -112.78637708 -112.75638791
      1.6      3.80 -112.79477196 -112.74827343 -112.78289779 -112.76014759
      1.6      3.90 -112.79241965 -112.75019500 -112.77912863 -112.76348602
      1.6      4.00 -112.79078538 -112.75187986 -112.77641030 -112.76625494
      1.6      4.10 -112.78945269 -112.75318640 -112.77400821 -112.76863088
      1.6      4.20 -112.78837513 -112.75419113 -112.77190291 -112.77066335
      1.6      4.40 -112.78680045 -112.75555875 -112.77387494 -112.76848426
      1.6      4.60 -112.78573461 -112.75640555 -112.77618699 -112.76595317
      1.6      4.80 -112.78494882 -112.75699137 -112.77782435 -112.76411584
      1.6      5.00 -112.78431058 -112.75745087 -112.77895909 -112.76280236
      1.6      5.20 -112.78375504 -112.75784343 -112.77972393 -112.76187455
      1.6      5.40 -112.78325630 -112.75819101 -112.78022095 -112.76122636
      1.6      5.60 -112.78280717 -112.75850044 -112.78052820 -112.76077941
      1.6      5.80 -112.78240752 -112.75877405 -112.78070438 -112.76047718
      1.6      6.00 -112.78205822 -112.75901396 -112.78079276 -112.76027942
      1.6      7.00 -112.78098527 -112.75983120 -112.78072482 -112.76009164
      1.6      8.00 -112.78059740 -112.76028035 -112.78055065 -112.76032710
      1.6      9.00 -112.78045278 -112.76065006 -112.78044526 -112.76065759
      1.6      10.00 -112.78038708 -112.76095299 -112.78038603 -112.76095405
      1.6      12.00 -112.78032881 -112.76132727 -112.78032880 -112.76132728
      1.6      14.00 -112.78030292 -112.76130711 -112.78030292 -112.76130711
      1.6      16.00 -112.78028896 -112.76151839 -112.78028896 -112.76151839
      1.6      18.00 -112.78028067 -112.76166864 -112.78028067 -112.76166864
      1.6      20.00 -112.78027536 -112.76177873 -112.78027536 -112.76177873
                
      1.7      0.60 -110.35154984 -109.95885558 -110.33937865 -109.97102676
      1.7      1.00 -111.91572238 -111.55831641 -111.90983009 -111.56420870
      1.7      1.40 -112.71197178 -112.35948589 -112.70937774 -112.36207993
      1.7      1.60 -112.88059052 -112.52842962 -112.87913862 -112.52988152
      1.7      1.80 -112.96864931 -112.61978311 -112.96813979 -112.62029263
      1.7      2.00 -113.00952040 -112.67374818 -113.00951592 -112.67375266
      1.7      2.10 -113.01895568 -112.69702843 -113.01888038 -112.69710373
      1.7      2.20 -113.02358085 -112.72068266 -113.02327696 -112.72098656
      1.7      2.30 -113.02475672 -112.74405408 -113.02414884 -112.74466195
      1.7      2.40 -113.02344903 -112.76609214 -113.02248463 -112.76705654
      1.7      2.50 -113.02038590 -112.78625218 -113.01902255 -112.78761553
      1.7      2.60 -113.01612824 -112.80437054 -113.01432256 -112.80617622
      1.7      2.70 -113.01110689 -112.82047554 -113.00881794 -112.82276449
      1.7      2.80 -113.00564996 -112.83468258 -113.00283640 -112.83749614
      1.7      2.90 -113.00000462 -112.84714218 -112.99663332 -112.85051348
      1.7      3.00 -112.99435491 -112.85801455 -112.99038141 -112.86198806
      1.7      3.10 -112.98883605 -112.86745719 -112.98422328 -112.87206996
      1.7      3.20 -112.98354577 -112.87561915 -112.97825673 -112.88090819
      1.7      3.30 -112.97855311 -112.88263865 -112.97255389 -112.88863788
      1.7      3.40 -112.97390514 -112.88864280 -112.96716260 -112.89538533
      1.7      3.50 -112.96963137 -112.89374784 -112.96211782 -112.90126139
      1.7      3.60 -112.96574722 -112.89806033 -112.95743882 -112.90636873
      1.7      3.70 -112.96225632 -112.90167833 -112.95313483 -112.91079982
      1.7      3.80 -112.95915192 -112.90469240 -112.94920850 -112.91463581
      1.7      3.90 -112.95641828 -112.90718645 -112.94565541 -112.91794931
      1.7      4.00 -112.95333377 -112.90870383 -112.94137781 -112.92065980
      1.7      4.10 -112.95196318 -112.91091908 -112.93961946 -112.92326280
      1.7      4.20 -112.95017783 -112.91229388 -112.93709990 -112.92537181
      1.7      4.40 -112.94668820 -112.91394825 -112.93214721 -112.92848925
      1.7      4.60 -112.94457801 -112.91542067 -112.93088204 -112.92911664
      1.7      4.80 -112.94295611 -112.91650258 -112.93258544 -112.92687326
      1.7      5.00 -112.94166116 -112.91734826 -112.93377439 -112.92523503
      1.7      5.20 -112.94059237 -112.91804253 -112.93458457 -112.92405033
      1.7      5.40 -112.93969185 -112.91862825 -112.93512034 -112.92319976
      1.7      5.60 -112.93892746 -112.91912644 -112.93546106 -112.92259285
      1.7      5.80 -112.93828037 -112.91954839 -112.93566612 -112.92216263
      1.7      6.00 -112.93773743 -112.91990222 -112.93577906 -112.92186059
      1.7      7.00 -112.93619365 -112.92092885 -112.93578065 -112.92134185
      1.7      8.00 -112.93570171 -112.92131583 -112.93562713 -112.92139041
      1.7      9.00 -112.93554074 -112.92159245 -112.93552870 -112.92160449
      1.7      10.00 -112.93547441 -112.92181955 -112.93547272 -112.92182124
      1.7      12.00 -112.93541888 -112.92208992 -112.93541886 -112.92208994
      1.7      14.00 -112.93539483 -112.92200081 -112.93539483 -112.92200081
      1.7      16.00 -112.93538205 -112.92217571 -112.93538205 -112.92217571
      1.7      18.00 -112.93537454 -112.92230150 -112.93537454 -112.92230150
      1.7      20.00 -112.93536979 -112.92239428 -112.93536979 -112.92239428
                
      1.8      0.60 -110.72714966 -110.35494957 -110.72132757 -110.36077166
      1.8      1.00 -112.07673373 -111.74046265 -112.07580806 -111.74138832
      1.8      1.40 -112.83035786 -112.49944532 -112.83025647 -112.49954671
      1.8      1.60 -112.99624002 -112.66486669 -112.99623674 -112.66486997
      1.8      1.80 -113.08405832 -112.75352044 -113.08381043 -112.75376833
      1.8      2.00 -113.12526507 -112.80046483 -113.12439298 -112.80133692
      1.8      2.10 -113.13488523 -112.81715159 -113.13358438 -112.81845244
      1.8      2.20 -113.13952203 -112.83349802 -113.13772789 -112.83529215
      1.8      2.30 -113.14053415 -112.85115340 -113.13825918 -112.85342838
      1.8      2.40 -113.13899799 -112.86964611 -113.13624871 -112.87239540
      1.8      2.50 -113.13566806 -112.88775099 -113.13246868 -112.89095037
      1.8      2.60 -113.13110186 -112.90467920 -113.12745328 -112.90832778
      1.8      2.70 -113.12572841 -112.92009474 -113.12164378 -112.92417937
      1.8      2.80 -113.11987741 -112.93391328 -113.11533180 -112.93845889
      1.8      2.90 -113.11379930 -112.94617320 -113.10878154 -112.95119097
      1.8      3.00 -113.10768182 -112.95696944 -113.10216929 -112.96248197
      1.8      3.10 -113.10166365 -112.96642023 -113.09565247 -112.97243142
      1.8      3.20 -113.09584568 -112.97465043 -113.08932710 -112.98116900
      1.8      3.30 -113.09029980 -112.98178319 -113.08326169 -112.98882129
      1.8      3.40 -113.08507564 -112.98793601 -113.07752279 -112.99548886
      1.8      3.50 -113.08020558 -112.99321912 -113.07211250 -113.00131220
      1.8      3.60 -113.07570827 -112.99773491 -113.06707217 -113.00637101
      1.8      3.70 -113.07159123 -113.00157811 -113.06241369 -113.01075564
      1.8      3.80 -113.06785257 -113.00483607 -113.05814177 -113.01454687
      1.8      3.90 -113.06448238 -113.00758908 -113.05425345 -113.01781801
      1.8      4.00 -113.06146389 -113.00991052 -113.05074414 -113.02063028
      1.8      4.10 -113.05877469 -113.01186696 -113.04759050 -113.02305115
      1.8      4.20 -113.05638800 -113.01351805 -113.04478590 -113.02512016
      1.8      4.40 -113.05240269 -113.01610803 -113.04011570 -113.02839503
      1.8      4.60 -113.04926572 -113.01801937 -113.03653354 -113.03075156
      1.8      4.80 -113.04675817 -113.01948805 -113.03383624 -113.03240998
      1.8      5.00 -113.04470918 -113.02066518 -113.03354791 -113.03182645
      1.8      5.20 -113.04299986 -113.02164081 -113.03430383 -113.03033683
      1.8      5.40 -113.04155414 -113.02246632 -113.03478403 -113.02923643
      1.8      5.60 -113.04032525 -113.02317101 -113.03507176 -113.02842450
      1.8      5.80 -113.03928367 -113.02377242 -113.03522981 -113.02782629
      1.8      6.00 -113.03840832 -113.02428222 -113.03530333 -113.02738721
      1.8      7.00 -113.03592365 -113.02576703 -113.03521292 -113.02647776
      1.8      8.00 -113.03518272 -113.02624069 -113.03505058 -113.02637282
      1.8      9.00 -113.03497972 -113.02646689 -113.03495818 -113.02648844
      1.8      10.00 -113.03491135 -113.02663764 -113.03490831 -113.02664068
      1.8      12.00 -113.03486275 -113.02683205 -113.03486272 -113.02683208
      1.8      14.00 -113.03484364 -113.02685607 -113.03484364 -113.02685607
      1.8      16.00 -113.03483406 -113.02700116 -113.03483406 -113.02700116
      1.8      18.00 -113.03482874 -113.02710680 -113.03482874 -113.02710680
      1.8      20.00 -113.03482555 -113.02718538 -113.03482555 -113.02718538
                
      1.9      0.60 -111.04602938 -110.69216871 -111.04514400 -110.69305409
      1.9      1.00 -112.20268550 -111.88538951 -112.20179865 -111.88627635
      1.9      1.40 -112.91001415 -112.59849217 -112.90993209 -112.59857424
      1.9      1.60 -113.07205517 -112.75966472 -113.07204911 -112.75967078
      1.9      1.80 -113.15907020 -112.84620378 -113.15881793 -112.84645606
      1.9      2.00 -113.20030156 -112.88948507 -113.19948583 -112.89030080
      1.9      2.10 -113.21000948 -112.90237909 -113.20881526 -112.90357331
      1.9      2.20 -113.21473855 -112.91301606 -113.21311786 -112.91463674
      1.9      2.30 -113.21571949 -112.92395034 -113.21363158 -112.92603825
      1.9      2.40 -113.21398296 -112.93681281 -113.21145355 -112.93934223
      1.9      2.50 -113.21038819 -112.95133491 -113.20742406 -112.95429903
      1.9      2.60 -113.20553096 -112.96620987 -113.20214548 -112.96959535
      1.9      2.70 -113.19983751 -112.98046625 -113.19602615 -112.98427762
      1.9      2.80 -113.19363375 -112.99363320 -113.18940448 -112.99786248
      1.9      2.90 -113.18716966 -113.00553858 -113.18252131 -113.01018693
      1.9      3.00 -113.18063456 -113.01616116 -113.17556127 -113.02123445
      1.9      3.10 -113.17416955 -113.02555282 -113.16866914 -113.03105323
      1.9      3.20 -113.16787817 -113.03379899 -113.16194675 -113.03973041
      1.9      3.30 -113.16183504 -113.04099862 -113.15546509 -113.04736857
      1.9      3.40 -113.15609264 -113.04725390 -113.14930116 -113.05404538
      1.9      3.50 -113.15068646 -113.05266503 -113.14345498 -113.05989652
      1.9      3.60 -113.14563867 -113.05732763 -113.13797308 -113.06499322
      1.9      3.70 -113.14096081 -113.06133151 -113.13286995 -113.06942237
      1.9      3.80 -113.13665565 -113.06476019 -113.12815573 -113.07326010
      1.9      3.90 -113.13271851 -113.06769063 -113.12382816 -113.07658097
      1.9      4.00 -113.12913825 -113.07019322 -113.11988600 -113.07944548
      1.9      4.10 -113.12589827 -113.07233172 -113.11633033 -113.08189967
      1.9      4.20 -113.12297746 -113.07416321 -113.11312871 -113.08401196
      1.9      4.40 -113.11799340 -113.07710053 -113.10773394 -113.08735999
      1.9      4.60 -113.11397271 -113.07933247 -113.10352590 -113.08977928
      1.9      4.80 -113.11070668 -113.08109218 -113.10031028 -113.09148858
      1.9      5.00 -113.10801832 -113.08253446 -113.09788250 -113.09267028
      1.9      5.20 -113.10577261 -113.08375567 -113.09606370 -113.09346458
      1.9      5.40 -113.10387352 -113.08481291 -113.09470637 -113.09398006
      1.9      5.60 -113.10225503 -113.08573925 -113.09429987 -113.09369441
      1.9      5.80 -113.10087131 -113.08655408 -113.09448611 -113.09293928
      1.9      6.00 -113.09968921 -113.08726937 -113.09458384 -113.09237475
      1.9      7.00 -113.09603910 -113.08960414 -113.09455868 -113.09108456
      1.9      8.00 -113.09473444 -113.09045612 -113.09441299 -113.09077757
      1.9      9.00 -113.09438048 -113.09071116 -113.09432516 -113.09076648
      1.9      10.00 -113.09428493 -113.09082464 -113.09427698 -113.09083259
      1.9      12.00 -113.09423282 -113.09091234 -113.09423274 -113.09091242
      1.9      14.00 -113.09421428 -113.09088111 -113.09421428 -113.09088111
      1.9      16.00 -113.09420505 -113.09098643 -113.09420505 -113.09098643
      1.9      18.00 -113.09419994 -113.09106521 -113.09419994 -113.09106521
      1.9      20.00 -113.09419689 -113.09112479 -113.09419689 -113.09112479
                
      2.0      0.60 -111.31856679 -110.98140861 -111.31788612 -110.98208929
      2.0      1.00 -112.30365877 -112.00336789 -112.30285005 -112.00417661
      2.0      1.40 -112.96235107 -112.66828711 -112.96228622 -112.66835195
      2.0      1.60 -113.11953806 -112.82443499 -113.11952874 -112.82444431
      2.0      1.80 -113.20520960 -112.90893146 -113.20495527 -112.90918579
      2.0      2.00 -113.24620280 -112.95007738 -113.24545643 -112.95082375
      2.0      2.10 -113.25590475 -112.96100055 -113.25479967 -112.96210563
      2.0      2.20 -113.26065359 -112.96838562 -113.25915503 -112.96988418
      2.0      2.30 -113.26166884 -112.97435233 -113.25976907 -112.97625209
      2.0      2.40 -113.25988029 -112.98105294 -113.25758741 -112.98334582
      2.0      2.50 -113.25606950 -112.99007828 -113.25338992 -112.99275786
      2.0      2.60 -113.25092983 -113.00137094 -113.24786257 -113.00443820
      2.0      2.70 -113.24493744 -113.01359887 -113.24149272 -113.01704359
      2.0      2.80 -113.23841620 -113.02564864 -113.23459888 -113.02946596
      2.0      2.90 -113.23161062 -113.03694343 -113.22741056 -113.04114349
      2.0      3.00 -113.22470805 -113.04724392 -113.22010260 -113.05184937
      2.0      3.10 -113.21784988 -113.05648410 -113.21288483 -113.06144915
      2.0      3.20 -113.21114104 -113.06468334 -113.20581161 -113.07001278
      2.0      3.30 -113.20465807 -113.07190198 -113.19898249 -113.07757756
      2.0      3.40 -113.19845567 -113.07821869 -113.19241143 -113.08426293
      2.0      3.50 -113.19257189 -113.08371877 -113.18616045 -113.09013021
      2.0      3.60 -113.18703185 -113.08848799 -113.18026863 -113.09525121
      2.0      3.70 -113.18185057 -113.09260939 -113.17474807 -113.09971190
      2.0      3.80 -113.17703484 -113.09616153 -113.16960874 -113.10358763
      2.0      3.90 -113.17258456 -113.09921760 -113.16485673 -113.10694544
      2.0      4.00 -113.16849368 -113.10184496 -113.16050006 -113.10983858
      2.0      4.10 -113.16475095 -113.10410491 -113.15651414 -113.11234172
      2.0      4.20 -113.16134068 -113.10605263 -113.15290225 -113.11449106
      2.0      4.40 -113.15543734 -113.10920185 -113.14673176 -113.11790744
      2.0      4.60 -113.15060196 -113.11161542 -113.14183923 -113.12037815
      2.0      4.80 -113.14664080 -113.11352927 -113.13803123 -113.12213884
      2.0      5.00 -113.14337519 -113.11510473 -113.13512340 -113.12335652
      2.0      5.20 -113.14065719 -113.11644463 -113.13292119 -113.12418063
      2.0      5.40 -113.13837293 -113.11761078 -113.13126236 -113.12472136
      2.0      5.60 -113.13643808 -113.11863905 -113.13001428 -113.12506285
      2.0      5.80 -113.13479048 -113.11955046 -113.12907327 -113.12526768
      2.0      6.00 -113.13338347 -113.12035824 -113.12836062 -113.12538109
      2.0      7.00 -113.12889804 -113.12313646 -113.12663625 -113.12539825
      2.0      8.00 -113.12693627 -113.12444229 -113.12611513 -113.12526344
      2.0      9.00 -113.12618726 -113.12496481 -113.12597297 -113.12517910
      2.0      10.00 -113.12598555 -113.12509753 -113.12595077 -113.12513232
      2.0      12.00 -113.12591965 -113.12508899 -113.12591930 -113.12508933
      2.0      14.00 -113.12583152 -113.12507146 -113.12583152 -113.12507146
      2.0      16.00 -113.12589618 -113.12506257 -113.12589618 -113.12506257
      2.0      18.00 -113.12594749 -113.12505768 -113.12594749 -113.12505768
      2.0      20.00 -113.12598762 -113.12505477 -113.12598762 -113.12505477
                
      2.1      0.60 -111.55230798 -111.23080318 -111.55101480 -111.23209637
      2.1      1.00 -112.38679204 -112.10197675 -112.38603128 -112.10273751
      2.1      1.40 -112.99560588 -112.71741198 -112.99554171 -112.71747615
      2.1      1.60 -113.14703712 -112.86777993 -113.14702217 -112.86779488
      2.1      1.80 -113.23085374 -112.95007746 -113.23060257 -112.95032862
      2.1      2.00 -113.27136438 -112.98975146 -113.27064971 -112.99046613
      2.1      2.10 -113.28099228 -112.99960353 -113.27995948 -113.00063633
      2.1      2.20 -113.28570087 -113.00529394 -113.28430906 -113.00668575
      2.1      2.30 -113.28669520 -113.00847702 -113.28491377 -113.01025845
      2.1      2.40 -113.28490810 -113.01085258 -113.28277768 -113.01298299
      2.1      2.50 -113.28104332 -113.01424347 -113.27859065 -113.01669614
      2.1      2.60 -113.27568811 -113.02018198 -113.27290407 -113.02296602
      2.1      2.70 -113.26940900 -113.02883386 -113.26631420 -113.03192866
      2.1      2.80 -113.26259256 -113.03888345 -113.25918275 -113.04229326
      2.1      2.90 -113.25548239 -113.04910165 -113.25176167 -113.05282237
      2.1      3.00 -113.24825839 -113.05882770 -113.24419885 -113.06288723
      2.1      3.10 -113.24105879 -113.06777171 -113.23668037 -113.07215013
      2.1      3.20 -113.23398773 -113.07583499 -113.22928380 -113.08053892
      2.1      3.30 -113.22712226 -113.08301292 -113.22213251 -113.08800268
      2.1      3.40 -113.22051838 -113.08934686 -113.21522308 -113.09464216
      2.1      3.50 -113.21421568 -113.09489962 -113.20861879 -113.10049651
      2.1      3.60 -113.20824132 -113.09974280 -113.20235450 -113.10562961
      2.1      3.70 -113.20261271 -113.10395008 -113.19644891 -113.11011388
      2.1      3.80 -113.19733957 -113.10759355 -113.19091313 -113.11401999
      2.1      3.90 -113.19242529 -113.11074168 -113.18575516 -113.11741181
      2.1      4.00 -113.18786785 -113.11345832 -113.18098230 -113.12034388
      2.1      4.10 -113.18366061 -113.11580207 -113.17658824 -113.12287445
      2.1      4.20 -113.17979283 -113.11782612 -113.17255159 -113.12506735
      2.1      4.40 -113.17301584 -113.12110084 -113.16557181 -113.12854487
      2.1      4.60 -113.16739273 -113.12360215 -113.15992594 -113.13106894
      2.1      4.80 -113.16275559 -113.12557151 -113.15545486 -113.13287224
      2.1      5.00 -113.15893448 -113.12717995 -113.15198975 -113.13412468
      2.1      5.20 -113.15577475 -113.12853904 -113.14934189 -113.13497190
      2.1      5.40 -113.15314713 -113.12971540 -113.14733315 -113.13552937
      2.1      5.60 -113.15094971 -113.13074622 -113.14581280 -113.13588313
      2.1      5.80 -113.14910464 -113.13165185 -113.14465926 -113.13609723
      2.1      6.00 -113.14755257 -113.13244418 -113.14377891 -113.13621784
      2.1      7.00 -113.14285929 -113.13497275 -113.14157892 -113.13625312
      2.1      8.00 -113.14113005 -113.13582965 -113.14083664 -113.13612306
      2.1      9.00 -113.14061168 -113.13599028 -113.14056110 -113.13604085
      2.1      10.00 -113.14045675 -113.13598813 -113.14044963 -113.13599525
      2.1      12.00 -113.14032303 -113.13595332 -113.14032296 -113.13595339
      2.1      14.00 -113.14016308 -113.13593611 -113.14016308 -113.13593611
      2.1      16.00 -113.14018670 -113.13592756 -113.14018670 -113.13592756
      2.1      18.00 -113.14021028 -113.13592288 -113.14021028 -113.13592288
      2.1      20.00 -113.14023078 -113.13592013 -113.14023078 -113.13592013
                
      2.13      0.60 -111.62053027 -111.30389373 -111.61922004 -111.30520397
      2.13      1.00 -112.41064003 -112.13056454 -112.40989631 -112.13130826
      2.13      1.40 -113.00328642 -112.72993103 -113.00322739 -112.72999005
      2.13      1.60 -113.15269154 -112.87828543 -113.15267499 -112.87830197
      2.13      1.80 -113.23580755 -112.95982231 -113.23556043 -112.96006942
      2.13      2.00 -113.27611255 -112.99909044 -113.27541036 -112.99979263
      2.13      2.10 -113.28570388 -113.00870317 -113.28470531 -113.00970174
      2.13      2.20 -113.29039068 -113.01403996 -113.28904538 -113.01538526
      2.13      2.30 -113.29136918 -113.01665247 -113.28967855 -113.01834310
      2.13      2.40 -113.28957233 -113.01808774 -113.28750659 -113.02015348
      2.13      2.50 -113.28570722 -113.02003892 -113.28330655 -113.02243959
      2.13      2.60 -113.28032274 -113.02416476 -113.27761245 -113.02687504
      2.13      2.70 -113.27396064 -113.03125231 -113.27096785 -113.03424509
      2.13      2.80 -113.26705119 -113.04035484 -113.26376907 -113.04363696
      2.13      2.90 -113.25984822 -113.05006334 -113.25627687 -113.05363470
      2.13      3.00 -113.25252908 -113.05951921 -113.24867025 -113.06337805
      2.13      3.10 -113.24522962 -113.06832149 -113.24106215 -113.07248896
      2.13      3.20 -113.23805310 -113.07631399 -113.23355527 -113.08081182
      2.13      3.30 -113.23107635 -113.08346198 -113.22631231 -113.08822602
      2.13      3.40 -113.22435543 -113.08979006 -113.21930059 -113.09484491
      2.13      3.50 -113.21793022 -113.09535138 -113.21259305 -113.10068854
      2.13      3.60 -113.21182833 -113.10021162 -113.20621915 -113.10582081
      2.13      3.70 -113.20606771 -113.10444068 -113.20019876 -113.11030963
      2.13      3.80 -113.20065872 -113.10810812 -113.19454344 -113.11422341
      2.13      3.90 -113.19560558 -113.11128065 -113.18926156 -113.11762466
      2.13      4.00 -113.19090728 -113.11402077 -113.18436088 -113.12056717
      2.13      4.10 -113.18655837 -113.11638613 -113.17983558 -113.12310892
      2.13      4.20 -113.18254948 -113.11842918 -113.17566735 -113.12531131
      2.13      4.40 -113.17549813 -113.12173231 -113.16842218 -113.12880825
      2.13      4.60 -113.16962167 -113.12424837 -113.16252045 -113.13134959
      2.13      4.80 -113.16476312 -113.12622067 -113.15782224 -113.13316155
      2.13      5.00 -113.16075879 -113.12782416 -113.15415315 -113.13442980
      2.13      5.20 -113.15745452 -113.12917425 -113.15134468 -113.13528409
      2.13      5.40 -113.15471689 -113.13033986 -113.14921095 -113.13584580
      2.13      5.60 -113.15243798 -113.13135875 -113.14759483 -113.13620189
      2.13      5.80 -113.15053406 -113.13225089 -113.14636779 -113.13641716
      2.13      6.00 -113.14894102 -113.13302759 -113.14543028 -113.13653832
      2.13      7.00 -113.14420278 -113.13544350 -113.14307222 -113.13657407
      2.13      8.00 -113.14250576 -113.13619680 -113.14225856 -113.13644401
      2.13      9.00 -113.14198197 -113.13632020 -113.14194000 -113.13636216
      2.13      10.00 -113.14180564 -113.13631096 -113.14179973 -113.13631687
      2.13      12.00 -113.14163788 -113.13627533 -113.14163782 -113.13627539
      2.13      14.00 -113.14145952 -113.13625829 -113.14145951 -113.13625829
      2.13      16.00 -113.14146992 -113.13624986 -113.14146992 -113.13624986
      2.13      18.00 -113.14148456 -113.13624525 -113.14148456 -113.13624525
      2.13      20.00 -113.14149872 -113.13624255 -113.14149872 -113.13624255
                
      2.2      0.60 -111.75391093 -111.44744247 -111.75260097 -111.44875243
      2.2      1.00 -112.45702394 -112.18663691 -112.45635117 -112.18730968
      2.2      1.40 -113.01571523 -112.75219000 -113.01566735 -112.75223788
      2.2      1.60 -113.16061499 -112.89608630 -113.16060317 -112.89609812
      2.2      1.80 -113.24210292 -112.97592734 -113.24187476 -112.97615549
      2.2      2.00 -113.28189818 -113.01439394 -113.28123494 -113.01505717
      2.2      2.10 -113.29139322 -113.02360590 -113.29044481 -113.02455431
      2.2      2.20 -113.29602274 -113.02838770 -113.29474509 -113.02966535
      2.2      2.30 -113.29695941 -113.03013239 -113.29536987 -113.03172193
      2.2      2.40 -113.29512937 -113.03013843 -113.29318205 -113.03208574
      2.2      2.50 -113.29125001 -113.02977523 -113.28898277 -113.03204247
      2.2      2.60 -113.28585416 -113.03058654 -113.28329706 -113.03314364
      2.2      2.70 -113.27937424 -113.03402180 -113.27658148 -113.03681457
      2.2      2.80 -113.27227539 -113.04047885 -113.26925162 -113.04350262
      2.2      2.90 -113.26488130 -113.04870863 -113.26161846 -113.05197147
      2.2      3.00 -113.25737207 -113.05738468 -113.25386267 -113.06089407
      2.2      3.10 -113.24987680 -113.06577750 -113.24609974 -113.06955456
      2.2      3.20 -113.24249504 -113.07355941 -113.23848166 -113.07757279
      2.2      3.30 -113.23530227 -113.08060762 -113.23099803 -113.08491186
      2.2      3.40 -113.22835418 -113.08689992 -113.22379632 -113.09145779
      2.2      3.50 -113.22169093 -113.09246311 -113.21688803 -113.09726600
      2.2      3.60 -113.21534056 -113.09734731 -113.21029978 -113.10238809
      2.2      3.70 -113.20932177 -113.10161277 -113.20405453 -113.10688001
      2.2      3.80 -113.20364591 -113.10532273 -113.19816462 -113.11080402
      2.2      3.90 -113.19831844 -113.10853955 -113.19263728 -113.11422071
      2.2      4.00 -113.19333994 -113.11132267 -113.18748170 -113.11718091
      2.2      4.10 -113.18870689 -113.11372739 -113.18269088 -113.11974340
      2.2      4.20 -113.18441226 -113.11580446 -113.17825219 -113.12196453
      2.2      4.40 -113.17679587 -113.11915502 -113.17045224 -113.12549865
      2.2      4.60 -113.17038406 -113.12168810 -113.16399847 -113.12807368
      2.2      4.80 -113.16504534 -113.12364975 -113.15878061 -113.12991449
      2.2      5.00 -113.16063575 -113.12522372 -113.15465617 -113.13120329
      2.2      5.20 -113.15700950 -113.12653588 -113.15147200 -113.13207337
      2.2      5.40 -113.15402902 -113.12766246 -113.14904799 -113.13264348
      2.2      5.60 -113.15157384 -113.12864357 -113.14721469 -113.13300272
      2.2      5.80 -113.14954550 -113.12949835 -113.14582508 -113.13321877
      2.2      6.00 -113.14786705 -113.13023647 -113.14476550 -113.13333803
      2.2      7.00 -113.14301015 -113.13243493 -113.14208117 -113.13336391
      2.2      8.00 -113.14131387 -113.13303786 -113.14112112 -113.13323060
      2.2      9.00 -113.14074540 -113.13311649 -113.14071311 -113.13314878
      2.2      10.00 -113.14051726 -113.13309944 -113.14051271 -113.13310399
      2.2      12.00 -113.14029457 -113.13306317 -113.14029452 -113.13306322
      2.2      14.00 -113.14006024 -113.13304650 -113.14006024 -113.13304650
      2.2      16.00 -113.14004295 -113.13303830 -113.14004295 -113.13303830
      2.2      18.00 -113.14003888 -113.13303384 -113.14003888 -113.13303384
      2.2      20.00 -113.14003980 -113.13303126 -113.14003980 -113.13303126
                
      2.3      0.60 -111.92799501 -111.63694255 -111.92700948 -111.63792808
      2.3      1.00 -112.51774859 -112.26121340 -112.51721094 -112.26175105
      2.3      1.40 -113.02694301 -112.77726858 -113.02692214 -112.77728945
      2.3      1.60 -113.16467103 -112.91409131 -113.16464865 -112.91411369
      2.3      1.80 -113.24340183 -112.99118158 -113.24314413 -112.99143928
      2.3      2.00 -113.28226110 -113.02851190 -113.28160640 -113.02916660
      2.3      2.10 -113.29156783 -113.03729286 -113.29067666 -113.03818403
      2.3      2.20 -113.29608668 -113.04155609 -113.29492195 -113.04272082
      2.3      2.30 -113.29694735 -113.04254745 -113.29549668 -113.04399812
      2.3      2.40 -113.29505380 -113.04135093 -113.29331747 -113.04308726
      2.3      2.50 -113.29112176 -113.03898940 -113.28902011 -113.04109105
      2.3      2.60 -113.28570548 -113.03656603 -113.28336658 -113.03890493
      2.3      2.70 -113.27920844 -113.03537922 -113.27668295 -113.03790471
      2.3      2.80 -113.27193707 -113.03675871 -113.26926754 -113.03942825
      2.3      2.90 -113.26427111 -113.04133612 -113.26143617 -113.04417106
      2.3      3.00 -113.25649386 -113.04799938 -113.25348169 -113.05101155
      2.3      3.10 -113.24873654 -113.05534229 -113.24551945 -113.05855938
      2.3      3.20 -113.24108801 -113.06257605 -113.23769168 -113.06597238
      2.3      3.30 -113.23361793 -113.06934244 -113.23000657 -113.07295381
      2.3      3.40 -113.22637950 -113.07550010 -113.22253411 -113.07934549
      2.3      3.50 -113.21941195 -113.08101283 -113.21537157 -113.08505321
      2.3      3.60 -113.21274318 -113.08589553 -113.20851468 -113.09012404
      2.3      3.70 -113.20639209 -113.09018776 -113.20197986 -113.09459998
      2.3      3.80 -113.20037050 -113.09393977 -113.19578445 -113.09852583
      2.3      3.90 -113.19468465 -113.09720548 -113.18994357 -113.10194656
      2.3      4.00 -113.18933618 -113.10003847 -113.18444431 -113.10493035
      2.3      4.10 -113.18432304 -113.10248988 -113.17929714 -113.10751578
      2.3      4.20 -113.17964010 -113.10460732 -113.17449363 -113.10975379
      2.3      4.40 -113.17123264 -113.10801074 -113.16590821 -113.11333517
      2.3      4.60 -113.16403292 -113.11055077 -113.15863169 -113.11595200
      2.3      4.80 -113.15794275 -113.11247193 -113.15258211 -113.11783258
      2.3      5.00 -113.15285604 -113.11396741 -113.14767040 -113.11915304
      2.3      5.20 -113.14866112 -113.11518179 -113.14378699 -113.12005592
      2.3      5.40 -113.14524119 -113.11621162 -113.14080996 -113.12064285
      2.3      5.60 -113.14247495 -113.11710951 -113.13857663 -113.12100783
      2.3      5.80 -113.14024294 -113.11789576 -113.13691971 -113.12121899
      2.3      6.00 -113.13843825 -113.11857476 -113.13568488 -113.12132813
      2.3      7.00 -113.13340264 -113.12052221 -113.13262344 -113.12130141
      2.3      8.00 -113.13165633 -113.12099416 -113.13150020 -113.12115028
      2.3      9.00 -113.13097877 -113.12103926 -113.13095273 -113.12106530
      2.3      10.00 -113.13066958 -113.12101700 -113.13066590 -113.12102068
      2.3      12.00 -113.13036008 -113.12098076 -113.13036005 -113.12098080
      2.3      14.00 -113.13005021 -113.12096465 -113.13005021 -113.12096465
      2.3      16.00 -113.12999263 -113.12095676 -113.12999263 -113.12095676
      2.3      18.00 -113.12996132 -113.12095252 -113.12996132 -113.12095252
      2.3      20.00 -113.12994299 -113.12095007 -113.12994299 -113.12095007
                
      2.4      0.60 -112.07901566 -111.80421218 -112.07803039 -111.80519745
      2.4      1.00 -112.57128161 -112.32843535 -112.57096662 -112.32875034
      2.4      1.40 -113.03233440 -112.79603380 -113.03233117 -112.79603703
      2.4      1.60 -113.16238983 -112.92528520 -113.16234852 -112.92532651
      2.4      1.80 -113.23798625 -112.99932818 -113.23774312 -112.99957131
      2.4      2.00 -113.27570354 -113.03549498 -113.27512576 -113.03607276
      2.4      2.10 -113.28476861 -113.04394386 -113.28397887 -113.04473360
      2.4      2.20 -113.28914701 -113.04788713 -113.28809938 -113.04893475
      2.4      2.30 -113.28991858 -113.04847174 -113.28859440 -113.04979592
      2.4      2.40 -113.28795725 -113.04666509 -113.28635226 -113.04827008
      2.4      2.50 -113.28396350 -113.04331440 -113.28210087 -113.04517703
      2.4      2.60 -113.27849270 -113.03922677 -113.27631501 -113.04140447
      2.4      2.70 -113.27197424 -113.03528617 -113.26959109 -113.03766932
      2.4      2.80 -113.26471419 -113.03256859 -113.26222535 -113.03505743
      2.4      2.90 -113.25691791 -113.03224115 -113.25438556 -113.03477350
      2.4      3.00 -113.24888497 -113.03513888 -113.24627310 -113.03775075
      2.4      3.10 -113.24087755 -113.04039076 -113.23818962 -113.04307869
      2.4      3.20 -113.23299210 -113.04653716 -113.23018225 -113.04934700
      2.4      3.30 -113.22528566 -113.05273247 -113.22231219 -113.05570595
      2.4      3.40 -113.21780450 -113.05858974 -113.21466785 -113.06172638
      2.4      3.50 -113.21058450 -113.06395044 -113.20728900 -113.06724595
      2.4      3.60 -113.20365204 -113.06876570 -113.20018916 -113.07222858
      2.4      3.70 -113.19702526 -113.07303964 -113.19342226 -113.07664264
      2.4      3.80 -113.19071560 -113.07680186 -113.18697879 -113.08053867
      2.4      3.90 -113.18472908 -113.08009350 -113.18086220 -113.08396038
      2.4      4.00 -113.17906730 -113.08295982 -113.17508967 -113.08693745
      2.4      4.10 -113.17372831 -113.08544628 -113.16964097 -113.08953362
      2.4      4.20 -113.16870732 -113.08759639 -113.16452367 -113.09178004
      2.4      4.40 -113.15958956 -113.09104655 -113.15524532 -113.09539080
      2.4      4.60 -113.15164112 -113.09359505 -113.14719583 -113.09804034
      2.4      4.80 -113.14477767 -113.09547638 -113.14030134 -113.09995271
      2.4      5.00 -113.13891398 -113.09688165 -113.13449046 -113.10130517
      2.4      5.20 -113.13397070 -113.09796394 -113.12969589 -113.10223874
      2.4      5.40 -113.12987295 -113.09884111 -113.12585327 -113.10286079
      2.4      5.60 -113.12655013 -113.09959584 -113.12289289 -113.10325308
      2.4      5.80 -113.12392833 -113.10027459 -113.12072510 -113.10347782
      2.4      6.00 -113.12191354 -113.10088930 -113.11921880 -113.10358405
      2.4      7.00 -113.11703098 -113.10269554 -113.11630211 -113.10342441
      2.4      8.00 -113.11535150 -113.10307366 -113.11521000 -113.10321516
      2.4      9.00 -113.11460856 -113.10309368 -113.11458509 -113.10311715
      2.4      10.00 -113.11422423 -113.10306749 -113.11422090 -113.10307082
      2.4      12.00 -113.11382055 -113.10303150 -113.11382051 -113.10303153
      2.4      14.00 -113.11344657 -113.10301585 -113.11344657 -113.10301585
      2.4      16.00 -113.11334977 -113.10300827 -113.11334977 -113.10300827
      2.4      18.00 -113.11329197 -113.10300422 -113.11329197 -113.10300422
      2.4      20.00 -113.11325488 -113.10300190 -113.11325488 -113.10300190
                
      2.5      0.60 -112.21051305 -111.95305173 -112.20941809 -111.95414669
      2.5      1.00 -112.61918685 -112.39018266 -112.61902663 -112.39034288
      2.5      1.40 -113.03404425 -112.81090765 -113.03404412 -112.81090777
      2.5      1.60 -113.15606512 -112.93219986 -113.15600914 -112.93225585
      2.5      1.80 -113.22820532 -113.00291479 -113.22799235 -113.00312776
      2.5      2.00 -113.26459172 -113.03783809 -113.26407468 -113.03835513
      2.5      2.10 -113.27336405 -113.04599436 -113.27265510 -113.04670331
      2.5      2.20 -113.27757285 -113.04971827 -113.27664785 -113.05064327
      2.5      2.30 -113.27824293 -113.05007669 -113.27708158 -113.05123803
      2.5      2.40 -113.27621315 -113.04796110 -113.27480910 -113.04936515
      2.5      2.50 -113.27216282 -113.04412633 -113.27054160 -113.04574755
      2.5      2.60 -113.26663697 -113.03923704 -113.26478912 -113.04108489
      2.5      2.70 -113.26006734 -113.03392961 -113.25797898 -113.03601797
      2.5      2.80 -113.25278654 -113.02890575 -113.25057226 -113.03112003
      2.5      2.90 -113.24502731 -113.02503716 -113.24277116 -113.02729331
      2.5      3.00 -113.23691985 -113.02329490 -113.23468817 -113.02552658
      2.5      3.10 -113.22868066 -113.02463015 -113.22646223 -113.02684858
      2.5      3.20 -113.22056418 -113.02854221 -113.21830196 -113.03080444
      2.5      3.30 -113.21264629 -113.03356708 -113.21026951 -113.03594386
      2.5      3.40 -113.20495941 -113.03880046 -113.20245702 -113.04130286
      2.5      3.50 -113.19753135 -113.04382256 -113.19490943 -113.04644449
      2.5      3.60 -113.19038441 -113.04845562 -113.18765218 -113.05118785
      2.5      3.70 -113.18353466 -113.05263689 -113.18068137 -113.05549017
      2.5      3.80 -113.17699234 -113.05635923 -113.17404069 -113.05931088
      2.5      3.90 -113.17076263 -113.05964239 -113.16771644 -113.06268859
      2.5      4.00 -113.16484647 -113.06251851 -113.16171452 -113.06565046
      2.5      4.10 -113.15924131 -113.06502458 -113.15603060 -113.06823529
      2.5      4.20 -113.15394176 -113.06719844 -113.15065950 -113.07048070
      2.5      4.40 -113.14422761 -113.07069346 -113.14082329 -113.07409778
      2.5      4.60 -113.13562661 -113.07326649 -113.13212725 -113.07676585
      2.5      4.80 -113.12804996 -113.07513787 -113.12448851 -113.07869932
      2.5      5.00 -113.12140757 -113.07648820 -113.11781976 -113.08007600
      2.5      5.20 -113.11561305 -113.07746296 -113.11203892 -113.08103708
      2.5      5.40 -113.11058633 -113.07817649 -113.10707620 -113.08168663
      2.5      5.60 -113.10625409 -113.07871560 -113.10283549 -113.08213420
      2.5      5.80 -113.10255277 -113.07914447 -113.09927088 -113.08242636
      2.5      6.00 -113.09943145 -113.07951028 -113.09633268 -113.08260904
      2.5      7.00 -113.09341400 -113.08140516 -113.09236043 -113.08245872
      2.5      8.00 -113.09446700 -113.08174186 -113.09432261 -113.08188625
      2.5      9.00 -113.09399583 -113.08170105 -113.09397292 -113.08172396
      2.5      10.00 -113.09359289 -113.08166265 -113.09358967 -113.08166587
      2.5      12.00 -113.09310049 -113.08162524 -113.09310046 -113.08162527
      2.5      14.00 -113.09278246 -113.08161007 -113.09278246 -113.08161007
      2.5      16.00 -113.09253574 -113.08160275 -113.09253574 -113.08160275
      2.5      18.00 -113.09245245 -113.08159888 -113.09245245 -113.08159888
      2.5      20.00 -113.09239733 -113.08159668 -113.09239733 -113.08159668
                
      2.6      0.60 -112.32397197 -112.08574629 -112.32368841 -112.08602985
      2.6      1.00 -112.66250757 -112.44769722 -112.66245076 -112.44775403
      2.6      1.40 -113.03357426 -112.82356784 -113.03356566 -112.82357643
      2.6      1.60 -113.14733388 -112.93662297 -113.14725604 -112.93670081
      2.6      1.80 -113.21575379 -113.00375380 -113.21553053 -113.00397706
      2.6      2.00 -113.25063990 -113.03732299 -113.25016556 -113.03779733
      2.6      2.10 -113.25907134 -113.04519051 -113.25844348 -113.04581837
      2.6      2.20 -113.26308202 -113.04874027 -113.26226944 -113.04955285
      2.6      2.30 -113.26363780 -113.04896578 -113.26263825 -113.04996534
      2.6      2.40 -113.26153874 -113.04669855 -113.26033908 -113.04789822
      2.6      2.50 -113.25743938 -113.04263481 -113.25604893 -113.04402526
      2.6      2.60 -113.25186986 -113.03736610 -113.25029620 -113.03893976
      2.6      2.70 -113.24525503 -113.03141496 -113.24347523 -113.03319476
      2.6      2.80 -113.23793011 -113.02528192 -113.23602778 -113.02718424
      2.6      2.90 -113.23015190 -113.01951795 -113.22818183 -113.02148801
      2.6      3.00 -113.22209743 -113.01481015 -113.22019867 -113.01670891
      2.6      3.10 -113.21384761 -113.01192388 -113.21204151 -113.01372998
      2.6      3.20 -113.20553524 -113.01178764 -113.20374915 -113.01357374
      2.6      3.30 -113.19740661 -113.01437180 -113.19556652 -113.01621190
      2.6      3.40 -113.18953317 -113.01830237 -113.18761404 -113.02022150
      2.6      3.50 -113.18192942 -113.02261607 -113.17992811 -113.02461739
      2.6      3.60 -113.17460846 -113.02685219 -113.17252381 -113.02893684
      2.6      3.70 -113.16758165 -113.03080819 -113.16542172 -113.03296811
      2.6      3.80 -113.16085674 -113.03440456 -113.15862161 -113.03663969
      2.6      3.90 -113.15443744 -113.03762143 -113.15212401 -113.03993485
      2.6      4.00 -113.14832366 -113.04046789 -113.14595313 -113.04283841
      2.6      4.10 -113.14251199 -113.04296692 -113.14009628 -113.04538263
      2.6      4.20 -113.13699631 -113.04514743 -113.13453450 -113.04760925
      2.6      4.40 -113.12681751 -113.04867507 -113.12428142 -113.05121116
      2.6      4.60 -113.11770269 -113.05128486 -113.11510638 -113.05388117
      2.6      4.80 -113.10955397 -113.05318160 -113.10691083 -113.05582474
      2.6      5.00 -113.10226929 -113.05453594 -113.09959003 -113.05721520
      2.6      5.20 -113.09574660 -113.05548544 -113.09304799 -113.05818406
      2.6      5.40 -113.08988444 -113.05613566 -113.08714891 -113.05887119
      2.6      5.60 -113.08458307 -113.05656036 -113.08179338 -113.05935005
      2.6      5.80 -113.07974830 -113.05680038 -113.07686016 -113.05968853
      2.6      6.00 -113.07530665 -113.05685701 -113.07223088 -113.05993278
      2.6      7.00 -113.06192058 -113.04999770 -113.06051468 -113.05140360
      2.6      8.00 -113.05972111 -113.03823100 -113.05956090 -113.03839122
      2.6      9.00 -113.05950958 -113.03471360 -113.05949000 -113.03473318
      2.6      10.00 -113.05944249 -113.03401652 -113.05944070 -113.03401831
      2.6      12.00 -113.06996265 -113.05849343 -113.06996262 -113.05849346
      2.6      14.00 -113.06960957 -113.05847812 -113.06960957 -113.05847812
      2.6      16.00 -113.06931120 -113.05847105 -113.06931120 -113.05847105
      2.6      18.00 -113.06920367 -113.05846730 -113.06920367 -113.05846730
      2.6      20.00 -113.06913141 -113.05846520 -113.06913141 -113.05846520
                
      2.7      0.60 -112.42296532 -112.20499829 -112.32034989 -112.30761372
      2.7      1.00 -112.70193925 -112.50175910 -112.66920910 -112.53448925
      2.7      1.40 -113.03194669 -112.83512003 -113.02722929 -112.83983743
      2.7      1.60 -113.13734621 -112.93976685 -113.13645443 -112.94065864
      2.7      1.80 -113.20184102 -113.00308710 -113.20184088 -113.00308723
      2.7      2.00 -113.23507903 -113.03517278 -113.23439015 -113.03586166
      2.7      2.10 -113.24312510 -113.04273171 -113.24170220 -113.04415460
      2.7      2.20 -113.24691026 -113.04611764 -113.24463494 -113.04839297
      2.7      2.30 -113.24733852 -113.04625263 -113.24409174 -113.04949940
      2.7      2.40 -113.24516827 -113.04391415 -113.24086451 -113.04821791
      2.7      2.50 -113.24102657 -113.03975318 -113.23568534 -113.04509441
      2.7      2.60 -113.23542605 -113.03431584 -113.22899583 -113.04074606
      2.7      2.70 -113.22878119 -113.02806698 -113.22125191 -113.03559626
      2.7      2.80 -113.22142284 -113.02141734 -113.21271617 -113.03012401
      2.7      2.90 -113.21361032 -113.01475927 -113.20389719 -113.02447240
      2.7      3.00 -113.20554060 -113.00852093 -113.19509733 -113.01896420
      2.7      3.10 -113.19734792 -113.00322967 -113.18635540 -113.01422218
      2.7      3.20 -113.18908483 -112.99946242 -113.17772070 -113.01082655
      2.7      3.30 -113.18081210 -112.99798837 -113.16950653 -113.00929395
      2.7      3.40 -113.17275116 -112.99923438 -113.16170244 -113.01028310
      2.7      3.50 -113.16498476 -113.00206699 -113.15419648 -113.01285527
      2.7      3.60 -113.15751685 -113.00547906 -113.14701872 -113.01597719
      2.7      3.70 -113.15034885 -113.00895988 -113.14012646 -113.01918228
      2.7      3.80 -113.14348327 -113.01227512 -113.13355160 -113.02220679
      2.7      3.90 -113.13692086 -113.01532456 -113.12731160 -113.02493382
      2.7      4.00 -113.13066028 -113.01807285 -113.12138883 -113.02734431
      2.7      4.10 -113.12469672 -113.02051769 -113.11572895 -113.02948546
      2.7      4.20 -113.11902373 -113.02267210 -113.11042090 -113.03127493
      2.7      4.40 -113.10851103 -113.02619646 -113.10059499 -113.03411250
      2.7      4.60 -113.09903330 -113.02883494 -113.09177552 -113.03609272
      2.7      4.80 -113.09048847 -113.03077162 -113.08386641 -113.03739367
      2.7      5.00 -113.08277058 -113.03216748 -113.07675105 -113.03818701
      2.7      5.20 -113.07577577 -113.03315621 -113.07031967 -113.03861232
      2.7      5.40 -113.06940632 -113.03384346 -113.06446710 -113.03878269
      2.7      5.60 -113.06357509 -113.03430733 -113.05909802 -113.03878441
      2.7      5.80 -113.05821820 -113.03459832 -113.05413436 -113.03868216
      2.7      6.00 -113.05330639 -113.03473986 -113.04952541 -113.03852084
      2.7      7.00 -113.03848024 -113.03132246 -113.03758210 -113.03222061
      2.7      8.00 -113.03708593 -113.02540315 -113.03706510 -113.02542398
      2.7      9.00 -113.03689131 -113.02393179 -113.03689069 -113.02393240
      2.7      10.00 -113.03682716 -113.02365720 -113.03682712 -113.02365724
      2.7      12.00 -113.03043966 -113.02214886 -113.03043965 -113.02214886
      2.7      14.00 -113.03046377 -113.02212478 -113.03046377 -113.02212478
      2.7      16.00 -113.03048002 -113.02211705 -113.03048000 -113.02211707
      2.7      18.00 -113.03049216 -113.02211305 -113.03049216 -113.02211306
      2.7      20.00 -113.03050256 -113.02211103 -113.03050256 -113.02211103
                
      2.8      0.60 -112.50961569 -112.31452146 -112.42029482 -112.40384233
      2.8      1.00 -112.73776787 -112.55263789 -112.71018206 -112.58022370
      2.8      1.40 -113.02983248 -112.84623973 -113.02408926 -112.85198294
      2.8      1.60 -113.12689168 -112.94240997 -113.12644147 -112.94286018
      2.8      1.80 -113.18731550 -113.00172667 -113.18726127 -113.00178090
      2.8      2.00 -113.21878072 -113.03218912 -113.21771294 -113.03325690
      2.8      2.10 -113.22640133 -113.03940311 -113.22451169 -113.04129275
      2.8      2.20 -113.22993526 -113.04261188 -113.22712970 -113.04541744
      2.8      2.30 -113.23022277 -113.04266637 -113.22643225 -113.04645689
      2.8      2.40 -113.22797831 -113.04029189 -113.22315402 -113.04511617
      2.8      2.50 -113.22379940 -113.03609935 -113.21793309 -113.04196566
      2.8      2.60 -113.21817921 -113.03060051 -113.21124338 -113.03753634
      2.8      2.70 -113.21151996 -113.02422490 -113.20353284 -113.03221202
      2.8      2.80 -113.20414538 -113.01733794 -113.19502759 -113.02645574
      2.8      2.90 -113.19631219 -113.01026185 -113.18627315 -113.02030090
      2.8      3.00 -113.18821996 -113.00330313 -113.17730457 -113.01421852
      2.8      3.10 -113.17968579 -112.99637333 -113.16847351 -113.00758560
      2.8      3.20 -113.17180872 -112.99112295 -113.15990542 -113.00302625
      2.8      3.30 -113.16362743 -112.98671829 -113.15147361 -112.99887211
      2.8      3.40 -113.15548896 -112.98412746 -113.14351622 -112.99610020
      2.8      3.50 -113.14756463 -112.98405521 -113.13595213 -112.99566771
      2.8      3.60 -113.13995796 -112.98577694 -113.12878257 -112.99695233
      2.8      3.70 -113.13267031 -112.98829100 -113.12189493 -112.99906638
      2.8      3.80 -113.12569460 -112.99103436 -113.11525861 -113.00147035
      2.8      3.90 -113.11902629 -112.99373447 -113.10899341 -113.00376735
      2.8      4.00 -113.11266089 -112.99626528 -113.10302923 -113.00589694
      2.8      4.10 -113.10659226 -112.99857404 -113.09736695 -113.00779935
      2.8      4.20 -113.10081274 -113.00064490 -113.09199369 -113.00946395
      2.8      4.40 -113.09008270 -113.00409427 -113.08208318 -113.01209379
      2.8      4.60 -113.08038091 -113.00672404 -113.07316070 -113.01394426
      2.8      4.80 -113.07160762 -113.00868351 -113.06514603 -113.01514511
      2.8      5.00 -113.06366330 -113.01011712 -113.05793102 -113.01584940
      2.8      5.20 -113.05645551 -113.01115111 -113.05167931 -113.01592731
      2.8      5.40 -113.04990500 -113.01188946 -113.04552758 -113.01626688
      2.8      5.60 -113.04395139 -113.01241324 -113.04019519 -113.01616944
      2.8      5.80 -113.03856035 -113.01278223 -113.03538193 -113.01596064
      2.8      6.00 -113.03372139 -113.01303916 -113.03107164 -113.01568891
      2.8      7.00 -113.01807332 -113.01342205 -113.01715267 -113.01434269
      2.8      8.00 -113.01389467 -113.01280434 -113.01376732 -113.01293169
      2.8      9.00 -113.01359413 -113.01209107 -113.01359145 -113.01209375
      2.8      10.00 -113.01057297 -113.00773748 -113.01057201 -113.00773844
      2.8      12.00 -113.01047466 -113.00774687 -113.01047464 -113.00774689
      2.8      14.00 -113.01045750 -113.00777279 -113.01045726 -113.00777303
      2.8      16.00 -113.01044924 -113.00778320 -113.01044923 -113.00778321
      2.8      18.00 -113.01044511 -113.00779428 -113.01044510 -113.00779429
      2.8      20.00 -113.01044279 -113.00780260 -113.01044279 -113.00780260
                
      2.9      0.60 -112.58426893 -112.41063291 -112.50792592 -112.48697592
      2.9      1.00 -112.77080802 -112.60093767 -112.74563057 -112.62611512
      2.9      1.40 -113.02764889 -112.85729047 -113.02336537 -112.86157399
      2.9      1.60 -113.11649374 -112.94501553 -113.11548066 -112.94602861
      2.9      1.80 -113.17275827 -113.00017455 -113.17274103 -113.00019179
      2.9      2.00 -113.20235035 -113.02887220 -113.20200096 -113.02922159
      2.9      2.10 -113.20951030 -113.03569415 -113.20869103 -113.03651343
      2.9      2.20 -113.21276952 -113.03869655 -113.21131649 -113.04014957
      2.9      2.30 -113.21290335 -113.03865916 -113.21074202 -113.04082049
      2.9      2.40 -113.21058088 -113.03625573 -113.20764913 -113.03918748
      2.9      2.50 -113.20636836 -113.03205896 -113.20264096 -113.03578635
      2.9      2.60 -113.20073795 -113.02655066 -113.19617851 -113.03111010
      2.9      2.70 -113.19407819 -113.02013422 -113.18859844 -113.02561397
      2.9      2.80 -113.18670438 -113.01314761 -113.18036217 -113.01948981
      2.9      2.90 -113.17886857 -113.00587756 -113.17168607 -113.01306005
      2.9      3.00 -113.17076887 -112.99857606 -113.16275740 -113.00658753
      2.9      3.10 -113.16255785 -112.99148160 -113.15386677 -113.00017268
      2.9      3.20 -113.15434835 -112.98484617 -113.14495044 -112.99424409
      2.9      3.30 -113.14621566 -112.97896308 -113.13624378 -112.98893496
      2.9      3.40 -113.13818683 -112.97413308 -113.12788681 -112.98443310
      2.9      3.50 -113.13025535 -112.97071000 -113.11998519 -112.98098017
      2.9      3.60 -113.12253089 -112.96942690 -113.11252337 -112.97943442
      2.9      3.70 -113.11512964 -112.97004264 -113.10545193 -112.97972034
      2.9      3.80 -113.10806025 -112.97165991 -113.09873422 -112.98098594
      2.9      3.90 -113.10131121 -112.97367677 -113.09232820 -112.98265979
      2.9      4.00 -113.09487251 -112.97577934 -113.08627317 -112.98437868
      2.9      4.10 -113.08873535 -112.97781252 -113.08051118 -112.98603669
      2.9      4.20 -113.08289068 -112.97970305 -113.07504411 -112.98754962
      2.9      4.40 -113.07203833 -112.98295646 -113.06495169 -112.99004310
      2.9      4.60 -113.06222732 -112.98550645 -113.05588456 -112.99184921
      2.9      4.80 -113.05336456 -112.98744094 -113.04775206 -112.99305344
      2.9      5.00 -113.04536182 -112.98887425 -113.04046725 -112.99376883
      2.9      5.20 -113.03814359 -112.98991600 -113.03395690 -112.99410269
      2.9      5.40 -113.03165263 -112.99066002 -113.02814661 -112.99416604
      2.9      5.60 -113.02585266 -112.99118065 -113.02299745 -112.99403586
      2.9      5.80 -113.02072768 -112.99153355 -113.01847650 -112.99378473
      2.9      6.00 -113.01627500 -112.99175873 -113.01456824 -112.99346549
      2.9      7.00 -113.00342616 -112.99179214 -113.00321906 -112.99199923
      2.9      8.00 -113.00027348 -112.99140084 -113.00026493 -112.99140940
      2.9      9.00 -112.99968518 -112.99123575 -112.99968493 -112.99123601
      2.9      10.00 -112.99955618 -112.99117333 -112.99955617 -112.99117334
      2.9      12.00 -112.99949426 -112.99112647 -112.99949426 -112.99112647
      2.9      14.00 -112.99947381 -112.99110810 -112.99947381 -112.99110810
      2.9      16.00 -112.99946406 -112.99109915 -112.99946406 -112.99109915
      2.9      18.00 -112.99945890 -112.99109435 -112.99945890 -112.99109435
      2.9      20.00 -112.99945595 -112.99109158 -112.99945595 -112.99109158
                
      3.0      0.60 -112.64894783 -112.49546777 -112.59621265 -112.54820295
      3.0      1.00 -112.80075288 -112.64619459 -112.78122849 -112.66571898
      3.0      1.40 -113.02563376 -112.86841849 -113.02138980 -112.87266244
      3.0      1.60 -113.10648276 -112.94782728 -113.10520621 -112.94910383
      3.0      1.80 -113.15855457 -112.99871971 -113.15845585 -112.99881842
      3.0      2.00 -113.18619786 -113.02551858 -113.18606340 -113.02565304
      3.0      2.10 -113.19286758 -113.03189626 -113.19241709 -113.03234675
      3.0      2.20 -113.19583126 -113.03465349 -113.19493844 -113.03554631
      3.0      2.30 -113.19579933 -113.03449944 -113.19436018 -113.03593859
      3.0      2.40 -113.19339457 -113.03205642 -113.19134029 -113.03411069
      3.0      2.50 -113.18915063 -113.02785939 -113.18638292 -113.03062709
      3.0      2.60 -113.18351766 -113.02236231 -113.18006665 -113.02581332
      3.0      2.70 -113.17686929 -113.01594616 -113.17266482 -113.02015063
      3.0      2.80 -113.16951122 -113.00892887 -113.16457676 -113.01386333
      3.0      2.90 -113.16168988 -113.00157592 -113.15603491 -113.00723089
      3.0      3.00 -113.15360053 -112.99411157 -113.14730864 -113.00040346
      3.0      3.10 -113.14539523 -112.98673239 -113.13841118 -112.99371645
      3.0      3.20 -113.13718968 -112.97962299 -113.12954325 -112.98726942
      3.0      3.30 -113.12906834 -112.97297519 -113.12074037 -112.98130316
      3.0      3.40 -113.12108633 -112.96700328 -113.11225276 -112.97583685
      3.0      3.50 -113.11326394 -112.96192017 -113.10409193 -112.97109217
      3.0      3.60 -113.10559085 -112.95794956 -113.09640726 -112.96713315
      3.0      3.70 -113.09812340 -112.95567479 -113.08911204 -112.96468615
      3.0      3.80 -113.09096917 -112.95524021 -113.08224448 -112.96396490
      3.0      3.90 -113.08415220 -112.95597575 -113.07575474 -112.96437321
      3.0      4.00 -113.07766045 -112.95727780 -113.06959032 -112.96534793
      3.0      4.10 -113.07148076 -112.95879695 -113.06378102 -112.96649669
      3.0      4.20 -113.06560149 -112.96034792 -113.05827490 -112.96767450
      3.0      4.40 -113.05469998 -112.96321332 -113.04814441 -112.96976889
      3.0      4.60 -113.04486777 -112.96557420 -113.03907622 -112.97136575
      3.0      4.80 -113.03601925 -112.96741069 -113.03099421 -112.97243572
      3.0      5.00 -113.02807850 -112.96878590 -113.02380590 -112.97305850
      3.0      5.20 -113.02098581 -112.96978183 -113.01743818 -112.97332946
      3.0      5.40 -113.01470016 -112.97047542 -113.01185084 -112.97332474
      3.0      5.60 -113.00919751 -112.97093091 -113.00699483 -112.97313359
      3.0      5.80 -113.00446350 -112.97119906 -113.00283480 -112.97282776
      3.0      6.00 -113.00048161 -112.97132048 -112.99933632 -112.97246576
      3.0      7.00 -112.98996951 -112.97085771 -112.98987928 -112.97094793
      3.0      8.00 -112.98761020 -112.97038128 -112.98760713 -112.97038434
      3.0      9.00 -112.98715391 -112.97021842 -112.98715382 -112.97021851
      3.0      10.00 -112.98704489 -112.97015718 -112.98704489 -112.97015718
      3.0      12.00 -112.98698655 -112.97011063 -112.98698655 -112.97011063
      3.0      14.00 -112.98696636 -112.97009230 -112.98696636 -112.97009230
      3.0      16.00 -112.98695671 -112.97008337 -112.98695671 -112.97008337
      3.0      18.00 -112.98695159 -112.97007857 -112.98695159 -112.97007857
      3.0      20.00 -112.98694867 -112.97007581 -112.98694867 -112.97007581
                
      3.1      0.60 -112.70487136 -112.56989825 -112.64620790 -112.62856172
      3.1      1.00 -112.82793116 -112.68844742 -112.80557054 -112.71080804
      3.1      1.40 -113.02390355 -112.87962472 -113.01883707 -112.88469120
      3.1      1.60 -113.09705336 -112.95094208 -113.09543319 -112.95256224
      3.1      1.80 -113.14494949 -112.99751087 -113.14471531 -112.99774504
      3.1      2.00 -113.17059305 -113.02229404 -113.17056074 -113.02232635
      3.1      2.10 -113.17674855 -113.02817519 -113.17653196 -113.02839178
      3.1      2.20 -113.17939906 -113.03064456 -113.17885133 -113.03119228
      3.1      2.30 -113.17919035 -113.03034179 -113.17821968 -113.03131246
      3.1      2.40 -113.17669885 -113.02783823 -113.17521908 -113.02931800
      3.1      2.50 -113.17242524 -113.02363171 -113.17041690 -113.02564004
      3.1      2.60 -113.16679573 -113.01814824 -113.16422626 -113.02071772
      3.1      2.70 -113.16016872 -113.01174848 -113.15707165 -113.01484555
      3.1      2.80 -113.15283938 -113.00473368 -113.14915162 -113.00842144
      3.1      2.90 -113.14504767 -112.99735404 -113.14082053 -113.00158118
      3.1      3.00 -113.13698522 -112.98981734 -113.13217454 -112.99462802
      3.1      3.10 -113.12880260 -112.98229865 -113.12341903 -112.98768221
      3.1      3.20 -113.12061549 -112.97495042 -113.11460690 -112.98095901
      3.1      3.30 -113.11251131 -112.96791535 -113.10596398 -112.97446268
      3.1      3.40 -113.10455267 -112.96133848 -113.09750303 -112.96838811
      3.1      3.50 -113.09677952 -112.95537562 -113.08930018 -112.96285496
      3.1      3.60 -113.08920702 -112.95017797 -113.08141066 -112.95797433
      3.1      3.70 -113.08182720 -112.94589285 -113.07389521 -112.95382484
      3.1      3.80 -113.07466318 -112.94291413 -113.06683079 -112.95074652
      3.1      3.90 -113.06779627 -112.94156436 -113.06017523 -112.94918540
      3.1      4.00 -113.06126282 -112.94146445 -113.05391950 -112.94880778
      3.1      4.10 -113.05505647 -112.94207429 -113.04801486 -112.94911590
      3.1      4.20 -113.04916330 -112.94302646 -113.04249490 -112.94969486
      3.1      4.40 -113.03826501 -112.94520579 -113.03232459 -112.95114621
      3.1      4.60 -113.02847508 -112.94722028 -113.02328871 -112.95240666
      3.1      4.80 -113.01971322 -112.94886228 -113.01529781 -112.95327768
      3.1      5.00 -113.01191314 -112.95011177 -113.00824221 -112.95378271
      3.1      5.20 -113.00502549 -112.95100914 -113.00207187 -112.95396276
      3.1      5.40 -112.99901633 -112.95160975 -112.99673133 -112.95389475
      3.1      5.60 -112.99386043 -112.95196808 -112.99217758 -112.95365092
      3.1      5.80 -112.98953003 -112.95213400 -112.98834145 -112.95332258
      3.1      6.00 -112.98598273 -112.95215381 -112.98519073 -112.95294581
      3.1      7.00 -112.97713119 -112.95142647 -112.97708134 -112.95147631
      3.1      8.00 -112.97522150 -112.95095392 -112.97521993 -112.95095549
      3.1      9.00 -112.97483992 -112.95079900 -112.97483988 -112.95079904
      3.1      10.00 -112.97474256 -112.95073936 -112.97474255 -112.95073936
      3.1      12.00 -112.97468646 -112.95069313 -112.97468646 -112.95069313
      3.1      14.00 -112.97466649 -112.95067486 -112.97466649 -112.95067486
      3.1      16.00 -112.97465693 -112.95066595 -112.97465693 -112.95066595
      3.1      18.00 -112.97465185 -112.95066116 -112.97465185 -112.95066116
      3.1      20.00 -112.97464895 -112.95065840 -112.97464895 -112.95065840
                
      3.2      0.60 -112.75309685 -112.63487629 -112.69676418 -112.69120896
      3.2      1.00 -112.85247762 -112.72755950 -112.82702415 -112.75301297
      3.2      1.40 -113.02249512 -112.89081876 -113.01593543 -112.89737845
      3.2      1.60 -113.08830381 -112.95436061 -113.08581916 -112.95684527
      3.2      1.80 -113.13208781 -112.99660607 -113.13149940 -112.99719448
      3.2      2.00 -113.15570406 -113.01928237 -113.15569728 -113.01928915
      3.2      2.10 -113.16132784 -113.02461943 -113.16128531 -113.02466195
      3.2      2.20 -113.16365055 -113.02675895 -113.16341884 -113.02699066
      3.2      2.30 -113.16325617 -113.02627357 -113.16272697 -113.02680277
      3.2      2.40 -113.16067353 -113.02368373 -113.15974313 -113.02461412
      3.2      2.50 -113.15637049 -113.01945055 -113.15501019 -113.02081085
      3.2      2.60 -113.15074972 -113.01397318 -113.14894596 -113.01577694
      3.2      2.70 -113.14415261 -113.00759200 -113.14184636 -113.00989825
      3.2      2.80 -113.13686327 -113.00059309 -113.13407485 -113.00338151
      3.2      2.90 -113.12911470 -112.99321449 -113.12585008 -112.99647911
      3.2      3.00 -113.12109406 -112.98565228 -113.11732563 -112.98942072
      3.2      3.10 -113.11294975 -112.97806879 -113.10868660 -112.98233195
      3.2      3.20 -113.10479705 -112.97059988 -113.10005442 -112.97534251
      3.2      3.30 -113.09672397 -112.96336408 -113.09146098 -112.96862708
      3.2      3.40 -113.08879561 -112.95647066 -113.08310081 -112.96216546
      3.2      3.50 -113.08105811 -112.95002892 -113.07497857 -112.95610845
      3.2      3.60 -113.07353984 -112.94415133 -113.06713672 -112.95055445
      3.2      3.70 -113.06625253 -112.93894718 -113.05961371 -112.94558599
      3.2      3.80 -113.05919157 -112.93452141 -113.05245363 -112.94125936
      3.2      3.90 -113.05236438 -112.93112081 -113.04568151 -112.93780368
      3.2      4.00 -113.04582192 -112.92906589 -113.03935267 -112.93553514
      3.2      4.10 -113.03960276 -112.92822699 -113.03341513 -112.93441462
      3.2      4.20 -113.03370878 -112.92819021 -113.02779915 -112.93409984
      3.2      4.40 -113.02284819 -112.92923422 -113.01761246 -112.93446995
      3.2      4.60 -113.01314376 -112.93067997 -113.00862555 -112.93519818
      3.2      4.80 -113.00451596 -112.93200416 -113.00072915 -112.93579097
      3.2      5.00 -112.99690337 -112.93305272 -112.99381899 -112.93613710
      3.2      5.20 -112.99026036 -112.93380413 -112.98784345 -112.93622104
      3.2      5.40 -112.98455122 -112.93428474 -112.98274993 -112.93608603
      3.2      5.60 -112.97973994 -112.93453769 -112.97845650 -112.93582113
      3.2      5.80 -112.97577841 -112.93461167 -112.97491087 -112.93547921
      3.2      6.00 -112.97259784 -112.93455666 -112.97203701 -112.93511750
      3.2      7.00 -112.96494199 -112.93372886 -112.96491148 -112.93375938
      3.2      8.00 -112.96332015 -112.93328814 -112.96331924 -112.93328904
      3.2      9.00 -112.96298627 -112.93314265 -112.96298624 -112.93314267
      3.2      10.00 -112.96289646 -112.93308468 -112.96289646 -112.93308468
      3.2      12.00 -112.96284198 -112.93303883 -112.96284198 -112.93303883
      3.2      14.00 -112.96282220 -112.93302063 -112.96282220 -112.93302063
      3.2      16.00 -112.96281271 -112.93301174 -112.96281271 -112.93301174
      3.2      18.00 -112.96280767 -112.93300697 -112.96280767 -112.93300697
      3.2      20.00 -112.96280479 -112.93300422 -112.96280479 -112.93300422
          
