1.5    	1.40	-110.96587675	-110.48180727	-110.96584686	-110.48183715	0.00380329
1.5	1.60	-111.91545975	-111.43639096	-111.91538375	-111.43646697	0.00603367
1.5	1.80	-112.34816435	-111.87549113	-112.34807181	-111.87558366	0.00661282
1.5	2.00	-112.54519206	-112.08592690	-112.54511622	-112.08600274	0.00590103
1.5	2.10	-112.59671829	-112.14897656	-112.59666297	-112.14903188	0.00497650
1.5	2.20	-112.62900573	-112.19722379	-112.62897236	-112.19725715	0.00379531
1.5	2.30	-112.64777074	-112.23671441	-112.64775441	-112.23673074	0.00259066
1.5	2.40	-112.65714424	-112.27099432	-112.65713733	-112.27100123	0.00163314
1.5	2.50	-112.66005558	-112.30173830	-112.66005280	-112.30174109	0.00099833
1.5	2.60	-112.65854229	-112.32959062	-112.65854087	-112.32959204	0.00068294
1.5	2.70	-112.65403542	-112.35477898	-112.65403436	-112.35478004	0.00056366
1.5	2.80	-112.64755672	-112.37741351	-112.64755553	-112.37741470	-0.00056687
1.5	2.90	-112.63984267	-112.39760957	-112.63984099	-112.39761125	-0.00063824
1.5	3.00	-112.63142615	-112.41552030	-112.63142365	-112.41552280	-0.00073382
1.5	3.10	-112.62269202	-112.43132998	-112.62268829	-112.43133372	-0.00084544
1.5	3.20	-112.61391655	-112.44523731	-112.61391130	-112.44524256	-0.00094075
1.5	3.30	-112.60529591	-112.45744114	-112.60528855	-112.45744851	-0.00104324
1.5	3.40	-112.59696729	-112.46813114	-112.59695745	-112.46814098	-0.00112568
1.5	3.50	-112.58902451	-112.47748273	-112.58901174	-112.47749550	-0.00119353
1.5	3.60	-112.58152934	-112.48565464	-112.58151314	-112.48567084	-0.00124609
1.5	3.70	-112.57451971	-112.49278835	-112.57449957	-112.49280850	-0.00128290
1.5	3.80	-112.56801552	-112.49900858	-112.56799077	-112.49903333	-0.00130661
1.5	3.90	-112.55566216	-112.50972511	-112.55562203	-112.50976524	-0.00135717
1.5	4.00	-112.55027670	-112.51423765	-112.55022523	-112.51428911	-0.00136093
1.5	4.10	-112.54539179	-112.51813373	-112.54532419	-112.51820133	-0.00135583
1.5	4.20	-112.54099063	-112.52148562	-112.54089745	-112.52157880	-0.00134488
1.5	4.40	-112.53361770	-112.52673299	-112.53336301	-112.52698768	-0.00129946
1.5	4.60	-112.53134178	-112.52699981	-112.53095683	-112.52738475	-0.00123419
1.5	4.80	-112.53394015	-112.52258683	-112.53382175	-112.52270522	-0.00115334
1.5	5.00	-112.53590397	-112.51900574	-112.53583712	-112.51907259	-0.00106075
1.5	5.20	-112.53724394	-112.51621729	-112.53719995	-112.51626129	-0.00096079
1.5	5.40	-112.53810071	-112.51405517	-112.53807006	-112.51408582	-0.00085803
1.5	5.60	-112.53860474	-112.51238268	-112.53858287	-112.51240455	-0.00075692
1.5	5.80	-112.53886822	-112.51109718	-112.53885248	-112.51111292	-0.00066109
1.5	6.00	-112.53897997	-112.51012018	-112.53896857	-112.51013159	-0.00057356
1.5	7.00	-112.53881680	-112.50798664	-112.53881456	-112.50798887	-0.00026243
1.5	8.00	-112.53858161	-112.50773086	-112.53858122	-112.50773125	-0.00010925
1.5	9.00	-112.53845373	-112.50795401	-112.53845369	-112.50795406	-0.00003764
1.5	10.00	-112.53838650	-112.50826487	-112.53838649	-112.50826488	-0.00000896
1.5	12.00	-112.53832050	-112.50871598	-112.53832050	-112.50871598	-0.00000102
1.5	14.00	-112.53828798	-112.50915423	-112.53828798	-112.50915423	-0.00000024
1.5	16.00	-112.53826901	-112.50948902	-112.53826901	-112.50948902	0.00000000
1.5	18.00	-112.53825692	-112.50974040	-112.53825692	-112.50974040	0.00000002
1.5	20.00	-112.53824872	-112.50993228	-112.53824872	-112.50993228	0.00000004

1.6      1.40 -110.88244718 -110.38872031 -110.88191548 -110.38925200
1.6      1.60 -112.01405597 -111.52614007 -112.01336147 -111.52683457
1.6      1.80 -112.52662389 -112.04446169 -112.52578091 -112.04530467
1.6      2.00 -112.76105055 -112.29032479 -112.76013334 -112.29124201
1.6      2.10 -112.82326022 -112.36255894 -112.82230600 -112.36351316
1.6      2.20 -112.86308568 -112.41668455 -112.86215958 -112.41761065
1.6      2.30 -112.88722584 -112.46007425 -112.88634530 -112.46095479
1.6      2.40 -112.90039969 -112.49720462 -112.89956864 -112.49803568
1.6      2.50 -112.90594064 -112.53026168 -112.90514308 -112.53105923
1.6      2.60 -112.90620642 -112.56008063 -112.90542685 -112.56086021
1.6      2.70 -112.90287200 -112.58693703 -112.90210891 -112.58770012
1.6      2.80 -112.89713445 -112.61096491 -112.89636278 -112.61173658
1.6      2.90 -112.88985466 -112.63230950 -112.88906668 -112.63309748
1.6      3.00 -112.88165459 -112.65115715 -112.88083432 -112.65197742
1.6      3.10 -112.87298385 -112.66772351 -112.87214077 -112.66856658
1.6      3.20 -112.86416606 -112.68223462 -112.86329532 -112.68310536
1.6      3.30 -112.85543196 -112.69491219 -112.85452930 -112.69581485
1.6      3.40 -112.84694374 -112.70596478 -112.84598882 -112.70691970
1.6      3.50 -112.83881320 -112.71558343 -112.83782586 -112.71657078
1.6      3.60 -112.83111501 -112.72394025 -112.83008340 -112.72497186
1.6      3.70 -112.82389656 -112.73118841 -112.82281595 -112.73226901
1.6      3.80 -112.81718501 -112.73746308 -112.81604878 -112.73859931
1.6      3.90 -112.81099250 -112.74288276 -112.80979312 -112.74408214
1.6      4.00 -112.80532005 -112.74755075 -112.80404705 -112.74882374
1.6      4.10 -112.80016065 -112.75155662 -112.79880028 -112.75291699
1.6      4.20 -112.79538274 -112.75502302 -112.79399920 -112.75640656
1.6      4.40 -112.78754365 -112.76037761 -112.78584540 -112.76207586
1.6      4.60 -112.78160077 -112.76398694 -112.77938895 -112.76619876
1.6      4.80 -112.77743250 -112.76593731 -112.77421497 -112.76915484
1.6      5.00 -112.77528847 -112.76615673 -112.77127338 -112.77017181
1.6      5.20 -112.77478814 -112.76502770 -112.77276887 -112.76704697
1.6      5.40 -112.77494848 -112.76351001 -112.77380828 -112.76465022
1.6      5.60 -112.77522172 -112.76211765 -112.77451863 -112.76282073
1.6      5.80 -112.77545203 -112.76097022 -112.77499511 -112.76142714
1.6      6.00 -112.77561357 -112.76005878 -112.77530742 -112.76036493
1.6      7.00 -112.77578845 -112.75774727 -112.77574026 -112.75779546
1.6      8.00 -112.77568932 -112.75709595 -112.77568173 -112.75710354
1.6      9.00 -112.77561450 -112.75698865 -112.77561344 -112.75698971
1.6     10.00 -112.77557131 -112.75706351 -112.77557119 -112.75706363
1.6     12.00 -112.77552925 -112.75729788 -112.77552925 -112.75729788
1.6     14.00 -112.77550973 -112.75736566 -112.77550973 -112.75736566
1.6     16.00 -112.77549884 -112.75758313 -112.77549884 -112.75758313
1.6     18.00 -112.77549218 -112.75775429 -112.77549218 -112.75775429
1.6     20.00 -112.77548782 -112.75788885 -112.77548782 -112.75788885
          
1.7      1.40 -110.65223760 -110.14597969 -110.65222188 -110.14599541
1.7      1.60 -112.00347522 -111.50414282 -112.00337542 -111.50424262
1.7      1.80 -112.61062257 -112.11654882 -112.61038502 -112.11678637
1.7      2.00 -112.88876514 -112.40413743 -112.88834784 -112.40455473
1.7      2.10 -112.96339989 -112.48711234 -112.96284525 -112.48766697
1.7      2.20 -113.01193165 -112.54786316 -113.01125461 -112.54854019
1.7      2.30 -113.04218882 -112.59520985 -113.04138044 -112.59601823
1.7      2.40 -113.05965641 -112.63483329 -113.05871032 -112.63577938
1.7      2.50 -113.06819676 -112.66971606 -113.06710931 -112.67080351
1.7      2.60 -113.07053553 -112.70107014 -113.06930429 -112.70230139
1.7      2.70 -113.06860693 -112.72930064 -113.06723218 -112.73067538
1.7      2.80 -113.06379331 -112.75457276 -113.06227668 -112.75608939
1.7      2.90 -113.05708950 -112.77703550 -113.05543353 -112.77869147
1.7      3.00 -113.04921523 -112.79687661 -113.04742322 -112.79866861
1.7      3.10 -113.04069195 -112.81431712 -113.03876797 -112.81624109
1.7      3.20 -113.03189625 -112.82959188 -113.02984144 -112.83164669
1.7      3.30 -113.02309774 -112.84293320 -113.02091467 -112.84511626
1.7      3.40 -113.01448686 -112.85456051 -113.01217570 -112.85687166
1.7      3.50 -113.00619566 -112.86467526 -113.00374279 -112.86712813
1.7      3.60 -112.99831324 -112.87345916 -112.99573400 -112.87603840
1.7      3.70 -112.99089708 -112.88107421 -112.98819078 -112.88378051
1.7      3.80 -112.98398134 -112.88766379 -112.98114688 -112.89049824
1.7      3.90 -112.97758284 -112.89335405 -112.97461763 -112.89631926
1.7      4.00 -112.97170537 -112.89825574 -112.96860494 -112.90135618
1.7      4.10 -112.96634298 -112.90246586 -112.96310183 -112.90570702
1.7      4.20 -112.96148239 -112.90606933 -112.95809441 -112.90945731
1.7      4.40 -112.95318821 -112.91174392 -112.94947367 -112.91545846
1.7      4.60 -112.94663496 -112.91576592 -112.94253700 -112.91986388
1.7      4.80 -112.94160845 -112.91850031 -112.93704120 -112.92306756
1.7      5.00 -112.93789141 -112.92021894 -112.93274581 -112.92536454
1.7      5.20 -112.93526875 -112.92113473 -112.92941578 -112.92698770
1.7      5.40 -112.93351538 -112.92144126 -112.92811203 -112.92684461
1.7      5.60 -112.93239198 -112.92133478 -112.92886955 -112.92485721
1.7      5.80 -112.93167565 -112.92099569 -112.92935953 -112.92331182
1.7      6.00 -112.93119927 -112.92055753 -112.92965751 -112.92209929
1.7      7.00 -112.93011726 -112.91866975 -112.92988920 -112.91889780
1.7      8.00 -112.92978709 -112.91785638 -112.92975216 -112.91789132
1.7      9.00 -112.92968208 -112.91761006 -112.92967707 -112.91761507
1.7     10.00 -112.92964046 -112.91758219 -112.92963983 -112.91758282
1.7     12.00 -112.92960825 -112.91768541 -112.92960824 -112.91768541
1.7     14.00 -112.92959580 -112.91757624 -112.92959580 -112.91757624
1.7     16.00 -112.92958969 -112.91773927 -112.92958969 -112.91773927
1.7     18.00 -112.92958634 -112.91787269 -112.92958634 -112.91787269
1.7     20.00 -112.92958437 -112.91797999 -112.92958437 -112.91797999
          
1.8      1.40 -110.28750226 -109.76708278 -110.28745234 -109.76713269
1.8      1.60 -111.90491321 -111.39307072 -111.90491320 -111.39307072
1.8      1.80 -112.62451655 -112.11788013 -112.62445965 -112.11793704
1.8      2.00 -112.95404785 -112.45541816 -112.95380875 -112.45565726
1.8      2.10 -113.04320403 -112.55152010 -113.04280219 -112.55192194
1.8      2.20 -113.10188816 -112.62052543 -113.10127626 -112.62113733
1.8      2.30 -113.13927045 -112.67279332 -113.13835952 -112.67370424
1.8      2.40 -113.16174192 -112.71535245 -113.16046646 -112.71662791
1.8      2.50 -113.17378777 -112.75220668 -113.17211624 -112.75387822
1.8      2.60 -113.17856403 -112.78512108 -113.17650062 -112.78718449
1.8      2.70 -113.17830457 -112.81471530 -113.17587287 -112.81714700
1.8      2.80 -113.17460427 -112.84121722 -113.17183465 -112.84398684
1.8      2.90 -113.16861080 -112.86478896 -113.16553301 -112.86786675
1.8      3.00 -113.16115513 -112.88562137 -113.15780027 -112.88897623
1.8      3.10 -113.15284020 -112.90394020 -113.14922531 -112.90755509
1.8      3.20 -113.14410259 -112.91998845 -113.14024552 -112.92384551
1.8      3.30 -113.13525594 -112.93400864 -113.13117372 -112.93809086
1.8      3.40 -113.12652275 -112.94623123 -113.12222813 -112.95052585
1.8      3.50 -113.11805804 -112.95686832 -113.11358533 -112.96134102
1.8      3.60 -113.10996703 -112.96611169 -113.10530319 -112.97077554
1.8      3.70 -113.10231837 -112.97413271 -113.09747390 -112.97897719
1.8      3.80 -113.09515370 -112.98108345 -113.09013880 -112.98609835
1.8      3.90 -113.08849464 -112.98709826 -113.08331967 -112.99227323
1.8      4.00 -113.08234783 -112.99229561 -113.07702428 -112.99761915
1.8      4.10 -113.07670862 -112.99677986 -113.07124683 -113.00224165
1.8      4.20 -113.07156382 -113.00064309 -113.06597587 -113.00623104
1.8      4.40 -113.06267422 -113.00682146 -113.05687205 -113.01262363
1.8      4.60 -113.05547256 -113.01137132 -113.04951188 -113.01733200
1.8      4.80 -113.04971443 -113.01470986 -113.04365401 -113.02077028
1.8      5.00 -113.04514831 -113.01715492 -113.03905678 -113.02324646
1.8      5.20 -113.04153905 -113.01894478 -113.03547631 -113.02500752
1.8      5.40 -113.03868272 -113.02025447 -113.03269851 -113.02623867
1.8      5.60 -113.03641291 -113.02120937 -113.03054169 -113.02708059
1.8      5.80 -113.03460064 -113.02189751 -113.02885837 -113.02763978
1.8      6.00 -113.03315011 -113.02238080 -113.02799695 -113.02753396
1.8      7.00 -113.02939545 -113.02300493 -113.02842071 -113.02397967
1.8      8.00 -113.02849213 -113.02258004 -113.02834300 -113.02272916
1.8      9.00 -113.02830434 -113.02224984 -113.02828328 -113.02227090
1.8     10.00 -113.02825475 -113.02210333 -113.02825204 -113.02210604
1.8     12.00 -113.02822680 -113.02203103 -113.02822678 -113.02203105
1.8     14.00 -113.02821819 -113.02181669 -113.02821819 -113.02181669
1.8     16.00 -113.02821458 -113.02191145 -113.02821458 -113.02191145
1.8     18.00 -113.02821297 -113.02199776 -113.02821297 -113.02199776
1.8     20.00 -113.02821224 -113.02207118 -113.02821224 -113.02207118
          
1.9      1.40 -109.78546996 -109.24929952 -109.78510541 -109.24966407
1.9      1.60 -111.72744437 -111.20205211 -111.72731716 -111.20217932
1.9      1.80 -112.58121816 -112.06140707 -112.58121345 -112.06141178
1.9      2.00 -112.97126009 -112.45855917 -112.97119460 -112.45862466
1.9      2.10 -113.07739944 -112.57058940 -113.07719258 -112.57079626
1.9      2.20 -113.14792674 -112.64985677 -113.14748115 -112.65030236
1.9      2.30 -113.19360981 -112.70837659 -113.19275876 -112.70922764
1.9      2.40 -113.22191034 -112.75459827 -113.22048650 -112.75602211
1.9      2.50 -113.23804613 -112.79373203 -113.23593666 -112.79584150
1.9      2.60 -113.24567781 -112.82830595 -113.24285931 -112.83112445
1.9      2.70 -113.24738825 -112.85928196 -113.24390117 -112.86276904
1.9      2.80 -113.24501766 -112.88700740 -113.24092750 -112.89109756
1.9      2.90 -113.23988916 -112.91167969 -113.23526351 -112.91630534
1.9      3.00 -113.23296046 -112.93350017 -113.22787070 -112.93858993
1.9      3.10 -113.22492718 -112.95270100 -113.21941364 -112.95821455
1.9      3.20 -113.21629386 -112.96953315 -113.21040355 -112.97542346
1.9      3.30 -113.20742425 -112.98424890 -113.20119391 -112.99047924
1.9      3.40 -113.19857732 -112.99708914 -113.19204049 -113.00362596
1.9      3.50 -113.18993447 -113.00827641 -113.18311752 -113.01509336
1.9      3.60 -113.18161959 -113.01801227 -113.17458231 -113.02504955
1.9      3.70 -113.17371449 -113.02647714 -113.16645752 -113.03373411
1.9      3.80 -113.16626981 -113.03383135 -113.15881932 -113.04128184
1.9      3.90 -113.15931331 -113.04021677 -113.15169726 -113.04783282
1.9      4.00 -113.15285579 -113.04575866 -113.14510337 -113.05351108
1.9      4.10 -113.14689545 -113.05056748 -113.13903840 -113.05842453
1.9      4.20 -113.14142107 -113.05474058 -113.13348814 -113.06267352
1.9      4.40 -113.13185251 -113.06151226 -113.12387207 -113.06949270
1.9      4.60 -113.12395281 -113.06664130 -113.11606222 -113.07453189
1.9      4.80 -113.11748631 -113.07055912 -113.10981659 -113.07822884
1.9      5.00 -113.11221133 -113.07358630 -113.10489493 -113.08090270
1.9      5.20 -113.10790356 -113.07595613 -113.10104398 -113.08281570
1.9      5.40 -113.10436956 -113.07783576 -113.09804188 -113.08416344
1.9      5.60 -113.10145133 -113.07934407 -113.09569950 -113.08509590
1.9      5.80 -113.09902440 -113.08056579 -113.09386331 -113.08572688
1.9      6.00 -113.09699310 -113.08156250 -113.09241268 -113.08614292
1.9      7.00 -113.09072516 -113.08446209 -113.08844620 -113.08674105
1.9      8.00 -113.08804082 -113.08559760 -113.08692342 -113.08671500
1.9      9.00 -113.08698062 -113.08595904 -113.08666972 -113.08626993
1.9     10.00 -113.08668585 -113.08592363 -113.08664477 -113.08596471
1.9     12.00 -113.08662688 -113.08571394 -113.08662656 -113.08571425
1.9     14.00 -113.08662221 -113.08538150 -113.08662221 -113.08538150
1.9     16.00 -113.08662139 -113.08540467 -113.08662139 -113.08540467
1.9     18.00 -113.08662168 -113.08544163 -113.08662168 -113.08544163
1.9     20.00 -113.08662231 -113.08547955 -113.08662231 -113.08547955
          
2.0      1.40 -109.13516607 -108.60680126 -109.09553440 -108.64643293
2.0      1.60 -111.47573979 -110.95109395 -111.44539825 -110.98143549
2.0      1.80 -112.49017215 -111.96842171 -112.47164224 -111.98695163
2.0      2.00 -112.95030997 -112.42404904 -112.95028621 -112.42407280
2.0      2.10 -113.07633110 -112.55517947 -113.07632145 -112.55518912
2.0      2.20 -113.16067912 -112.64696804 -113.16051424 -112.64713292
2.0      2.30 -113.21603230 -112.71331755 -113.21547422 -112.71387562
2.0      2.40 -113.25112054 -112.76417076 -113.24984443 -112.76544687
2.0      2.50 -113.27202317 -112.80605749 -113.26976188 -112.80831878
2.0      2.60 -113.28299229 -112.84246507 -113.27963480 -112.84582256
2.0      2.70 -113.28701824 -112.87485777 -113.28259892 -112.87927709
2.0      2.80 -113.28622612 -112.90378930 -113.28085107 -112.90916435
2.0      2.90 -113.28214153 -112.92953232 -113.27593100 -112.93574285
2.0      3.00 -113.27586768 -112.95231509 -113.26893288 -112.95924989
2.0      3.10 -113.26820570 -112.97238152 -113.26065642 -112.97993080
2.0      3.20 -113.25973742 -112.98999120 -113.25164408 -112.99808454
2.0      3.30 -113.25088329 -113.00540518 -113.24231631 -113.01397216
2.0      3.40 -113.24194402 -113.01887361 -113.23296490 -113.02785272
2.0      3.50 -113.23313133 -113.03062822 -113.22379758 -113.03996197
2.0      3.60 -113.22459107 -113.04087928 -113.21495889 -113.05051146
2.0      3.70 -113.21642050 -113.04981518 -113.20654788 -113.05968779
2.0      3.80 -113.20868132 -113.05760349 -113.19860343 -113.06768137
2.0      3.90 -113.20140907 -113.06439253 -113.19117308 -113.07462852
2.0      4.00 -113.19462020 -113.07031320 -113.18427515 -113.08065825
2.0      4.10 -113.18831709 -113.07548078 -113.17791321 -113.08588466
2.0      4.20 -113.18249187 -113.07999666 -113.17208056 -113.09040797
2.0      4.40 -113.17220841 -113.08741787 -113.16193478 -113.09769150
2.0      4.60 -113.16359264 -113.09316049 -113.15366223 -113.10309089
2.0      4.80 -113.15642711 -113.09766081 -113.14701496 -113.10707295
2.0      5.00 -113.15048650 -113.10123605 -113.14175756 -113.10996499
2.0      5.20 -113.14555982 -113.10411211 -113.13762613 -113.11204581
2.0      5.40 -113.14146349 -113.10644896 -113.13439050 -113.11352196
2.0      5.60 -113.13804541 -113.10836101 -113.13185378 -113.11455264
2.0      5.80 -113.13518337 -113.10993181 -113.12985530 -113.11525989
2.0      6.00 -113.13278028 -113.11122423 -113.12826841 -113.11573610
2.0      7.00 -113.12541978 -113.11491715 -113.12384211 -113.11649481
2.0      8.00 -113.12242423 -113.11612382 -113.12203459 -113.11651346
2.0      9.00 -113.12123795 -113.11640927 -113.12116532 -113.11648190
2.0     10.00 -113.12072514 -113.11645259 -113.12071409 -113.11646365
2.0     12.00 -113.12028779 -113.11645314 -113.12028766 -113.11645327
2.0     14.00 -113.11983086 -113.11645365 -113.11983085 -113.11645365
2.0     16.00 -113.11978019 -113.11645593 -113.11978019 -113.11645593
2.0     18.00 -113.11976627 -113.11645833 -113.11976627 -113.11645833
2.0     20.00 -113.11976763 -113.11646047 -113.11976763 -113.11646047
          
2.1      1.40 -108.31008845 -107.82652792 -108.26479017 -107.87182619    
2.1      1.60 -111.14524674 -110.66564745 -111.10949339 -110.70140079    
2.1      1.80 -112.35290978 -111.87621280 -112.33099293 -111.89812965    
2.1      2.00 -112.89896311 -112.42527765 -112.88888942 -112.43535133    
2.1      2.10 -113.04842778 -112.57623425 -113.04189196 -112.58277006    
2.1      2.20 -113.14906537 -112.67833189 -113.14494048 -112.68245678    
2.1      2.30 -113.21581832 -112.74653285 -113.21340868 -112.74894249    
2.1      2.40 -113.25888846 -112.79106439 -113.25767140 -112.79228144    
2.1      2.50 -113.28372383 -112.79961096 -113.28219617 -112.80113863   
2.1      2.60 -113.29856275 -112.83700143 -113.29526235 -112.84030183   
2.1      2.70 -113.30529064 -112.87053412 -113.30031726 -112.87550750   
2.1      2.80 -113.30635670 -112.90050462 -113.29991407 -112.90694724   
2.1      2.90 -113.30351912 -112.92719032 -113.29582284 -112.93488660   
2.1      3.00 -113.29804774 -112.95083643 -113.28929138 -112.95959279   
2.1      3.10 -113.29086372 -112.97169578 -113.28121132 -112.98134817   
2.1      3.20 -113.28263631 -112.99003301 -113.27224180 -113.00042752   
2.1      3.30 -113.27385018 -113.00611388 -113.26281552 -113.01714854   
2.1      3.40 -113.26485337 -113.02019393 -113.25328046 -113.03176684   
2.1      3.50 -113.25589237 -113.03251085 -113.24387158 -113.04453164   
2.1      3.60 -113.24713834 -113.04328100 -113.23475161 -113.05566773   
2.1      3.70 -113.23870685 -113.05269860 -113.22603649 -113.06536896   
2.1      3.80 -113.23067270 -113.06093659 -113.21779109 -113.07381820   
2.1      3.90 -113.22308095 -113.06814818 -113.21005315 -113.08117598   
2.1      4.00 -113.21595501 -113.07446857 -113.20285048 -113.08757310   
2.1      4.10 -113.20930262 -113.08001668 -113.19619163 -113.09312767   
2.1      4.20 -113.20312014 -113.08489683 -113.19007297 -113.09794401   
2.1      4.40 -113.19211219 -113.09300614 -113.17937780 -113.10574053   
2.1      4.60 -113.18277855 -113.09939048 -113.17063969 -113.11152934   
2.1      4.80 -113.17492245 -113.10448780 -113.16360208 -113.11580817   
2.1      5.00 -113.16833506 -113.10861130 -113.15800711 -113.11893925   
2.1      5.20 -113.16281739 -113.11198067 -113.15359302 -113.12120505   
2.1      5.40 -113.15819324 -113.11475078 -113.15012117 -113.12282286   
2.1      5.60 -113.15431406 -113.11703388 -113.14738659 -113.12396135   
2.1      5.80 -113.15105759 -113.11891442 -113.14522134 -113.12475067   
2.1      6.00 -113.14832375 -113.12045848 -113.14349251 -113.12528972   
2.1      7.00 -113.14004988 -113.12472625 -113.13857485 -113.12620128   
2.1      8.00 -113.13677408 -113.12594103 -113.13645564 -113.12625947   
2.1      9.00 -113.13542988 -113.12618593 -113.13537497 -113.12624085   
2.1     10.00 -113.13478236 -113.12622135 -113.13477422 -113.12622949   
2.1     12.00 -113.13415943 -113.12622738 -113.13415933 -113.12622747   
2.1     14.00 -113.13385830 -113.12623297 -113.13385830 -113.12623297   
2.1     16.00 -113.13346218 -113.12623854 -113.13346218 -113.12623854   
2.1     18.00 -113.13339647 -113.12624319 -113.13339647 -113.12624319   
2.1     20.00 -113.13336060 -113.12624693 -113.13336060 -113.12624693   

2.13      1.40 -108.00172984 -107.53247827 -107.95487666 -107.57933145    
2.13      1.60 -111.02141158 -110.55605863 -110.98416483 -110.59330538    
2.13      1.80 -112.29947622 -111.83692746 -112.27557028 -111.86083341    
2.13      2.00 -112.87593962 -112.41633673 -112.86553975 -112.42673661    
2.13      2.10 -113.03374850 -112.57562233 -113.02714747 -112.58222336    
2.13      2.20 -113.14015337 -112.68347454 -113.13610063 -112.68752729    
2.13      2.30 -113.21093009 -112.75568528 -113.20862795 -112.75798742    
2.13      2.40 -113.25682410 -112.80302057 -113.25570368 -112.80414099    
2.13      2.50 -113.28526634 -112.83293990 -113.28489083 -112.83331541    
2.13      2.60 -113.29999206 -112.83363706 -113.29728362 -112.83634550   
2.13      2.70 -113.30765757 -112.86639865 -113.30276355 -112.87129266   
2.13      2.80 -113.30938067 -112.89644462 -113.30273206 -112.90309323   
2.13      2.90 -113.30698966 -112.92332945 -113.29888640 -112.93143271   
2.13      3.00 -113.30181043 -112.94719498 -113.29250205 -112.95650336   
2.13      3.10 -113.29480540 -112.96827171 -113.28448997 -112.97858714   
2.13      3.20 -113.28667398 -112.98681750 -113.27553485 -112.99795662   
2.13      3.30 -113.27792307 -113.00309576 -113.26607867 -113.01494017   
2.13      3.40 -113.26891717 -113.01736139 -113.25648608 -113.02979249   
2.13      3.50 -113.25991492 -113.02985240 -113.24700031 -113.04276701   
2.13      3.60 -113.25109640 -113.04078586 -113.23779394 -113.05408832   
2.13      3.70 -113.24258366 -113.05035711 -113.22897560 -113.06396517   
2.13      3.80 -113.23445623 -113.05874014 -113.22063415 -113.07256221   
2.13      3.90 -113.22676257 -113.06608924 -113.21279778 -113.08005404   
2.13      4.00 -113.21952864 -113.07254061 -113.20549725 -113.08657200   
2.13      4.10 -113.21276407 -113.07821403 -113.19874294 -113.09223516   
2.13      4.20 -113.20646678 -113.08321451 -113.19253231 -113.09714898   
2.13      4.40 -113.19522619 -113.09155154 -113.18166438 -113.10511335   
2.13      4.60 -113.18566263 -113.09814789 -113.17277658 -113.11103394   
2.13      4.80 -113.17758604 -113.10344154 -113.16561056 -113.11541702   
2.13      5.00 -113.17079290 -113.10774430 -113.15990740 -113.11862980   
2.13      5.20 -113.16508770 -113.11127405 -113.15540281 -113.12095893   
2.13      5.40 -113.16029625 -113.11418429 -113.15185522 -113.12262532   
2.13      5.60 -113.15627076 -113.11658688 -113.14905692 -113.12380073   
2.13      5.80 -113.15288870 -113.11856688 -113.14683763 -113.12461795   
2.13      6.00 -113.15004886 -113.12019167 -113.14506248 -113.12517805   
2.13      7.00 -113.14146845 -113.12465228 -113.13998224 -113.12613849   
2.13      8.00 -113.13807524 -113.12589380 -113.13776031 -113.12620873   
2.13      9.00 -113.13666451 -113.12614032 -113.13661065 -113.12619418   
2.13     10.00 -113.13596926 -113.12617707 -113.13596127 -113.12618505   
2.13     12.00 -113.13529170 -113.12618568 -113.13529160 -113.12618577   
2.13     14.00 -113.13494477 -113.12619294 -113.13494477 -113.12619294   
2.13     16.00 -113.13452695 -113.12619960 -113.13452695 -113.12619960   
2.13     18.00 -113.13444447 -113.12620499 -113.13444447 -113.12620499   
2.13     20.00 -113.13439658 -113.12620928 -113.13439658 -113.12620928   

2.2      1.40 -107.27478480 -106.83507697 -107.22628603 -106.88357574
2.2      1.60 -110.73127538 -110.29527358 -110.69112699 -110.33542197
2.2      1.80 -112.17238242 -111.73891510 -112.14604954 -111.76524798
2.2      2.00 -112.81859022 -112.38786568 -112.80688802 -112.39956788
2.2      2.10 -112.99543489 -112.56612986 -112.98871262 -112.57285212
2.2      2.20 -113.11496513 -112.68705927 -113.11101732 -112.69100707
2.2      2.30 -113.19488381 -112.76836538 -113.19279841 -112.77045079
2.2      2.40 -113.24718795 -112.82205916 -113.24627218 -112.82297493
2.2      2.50 -113.28013840 -112.85641660 -113.27988949 -112.85666551
2.2      2.60 -113.29949605 -112.87722360 -113.29949347 -112.87722618
2.2      2.70 -113.30931046 -112.88859317 -113.30914700 -112.88875663
2.2      2.80 -113.31139769 -112.88641085 -113.30536104 -112.89244751
2.2      2.90 -113.30997602 -112.91198646 -113.30138619 -112.92057629
2.2      3.00 -113.30545799 -112.93592430 -113.29514528 -112.94623701
2.2      3.10 -113.29886889 -112.95729150 -113.28722677 -112.96893362
2.2      3.20 -113.29097021 -112.97618251 -113.27825478 -112.98889794
2.2      3.30 -113.28231675 -112.99281715 -113.26875248 -113.00638141
2.2      3.40 -113.27330906 -113.00743451 -113.25903543 -113.02170814
2.2      3.50 -113.26423271 -113.02026618 -113.24938647 -113.03511242
2.2      3.60 -113.25528769 -113.03152678 -113.23999410 -113.04682037
2.2      3.70 -113.24661069 -113.04141101 -113.23098003 -113.05704168
2.2      3.80 -113.23829185 -113.05009344 -113.22243354 -113.06595175
2.2      3.90 -113.23038744 -113.05772927 -113.21439052 -113.07372620
2.2      4.00 -113.22292913 -113.06445591 -113.20688480 -113.08050024
2.2      4.10 -113.21593094 -113.07039423 -113.19993038 -113.08639480
2.2      4.20 -113.20939420 -113.07565022 -113.19352590 -113.09151852
2.2      4.40 -113.19766809 -113.08447269 -113.18231142 -113.09982936
2.2      4.60 -113.18762473 -113.09152213 -113.17309664 -113.10605023
2.2      4.80 -113.17908827 -113.09723548 -113.16566333 -113.11066043
2.2      5.00 -113.17186580 -113.10192126 -113.15973480 -113.11405227
2.2      5.20 -113.16576888 -113.10579354 -113.15504188 -113.11652054
2.2      5.40 -113.16062716 -113.10900319 -113.15133651 -113.11829384
2.2      5.60 -113.15629413 -113.11166143 -113.14840513 -113.11955043
2.2      5.80 -113.15264649 -113.11385478 -113.14607248 -113.12042878
2.2      6.00 -113.14958072 -113.11565363 -113.14419969 -113.12103466
2.2      7.00 -113.14032503 -113.12054753 -113.13877395 -113.12209861
2.2      8.00 -113.13665484 -113.12187240 -113.13633371 -113.12219352
2.2      9.00 -113.13510163 -113.12213283 -113.13504722 -113.12218723
2.2     10.00 -113.13429414 -113.12217460 -113.13428605 -113.12218270
2.2     12.00 -113.13348465 -113.12218901 -113.13348455 -113.12218911
2.2     14.00 -113.13305774 -113.12219977 -113.13305774 -113.12219977
2.2     16.00 -113.13259460 -113.12220869 -113.13259460 -113.12220869
2.2     18.00 -113.13247687 -113.12221565 -113.13247687 -113.12221565
2.2     20.00 -113.13240359 -113.12222102 -113.13240359 -113.12222102

2.3      1.40 -105.97267010 -105.57499481 -105.92262204 -105.62504286
2.3      1.60 -110.22278387 -109.82847140 -110.17919982 -109.87205545
2.3      1.80 -111.94738407 -111.55511214 -111.91697647 -111.58551973
2.3      2.00 -112.71275172 -112.32280316 -112.69982896 -112.33572591
2.3      2.10 -112.92181182 -112.53315066 -112.91428062 -112.54068186
2.3      2.20 -113.06345785 -112.67608441 -113.05925578 -112.68028648
2.3      2.30 -113.15873097 -112.77264144 -113.15688913 -112.77448328
2.3      2.40 -113.22178095 -112.83697891 -113.22107366 -112.83768621
2.3      2.50 -113.26228487 -112.87878026 -113.26216882 -112.87889630
2.3      2.60 -113.28695650 -112.90476686 -113.28694360 -112.90477976
2.3      2.70 -113.30050427 -112.91966165 -113.30020091 -112.91996501
2.3      2.80 -113.30625319 -112.92682368 -113.30528107 -112.92779580
2.3      2.90 -113.30655296 -112.92870276 -113.30445458 -112.93080113
2.3      3.00 -113.30263870 -112.92623226 -113.29656401 -112.93230695
2.3      3.10 -113.29660769 -112.93560612 -113.28425985 -112.94795396
2.3      3.20 -113.28910976 -112.95384950 -113.27472673 -112.96823253
2.3      3.30 -113.28065592 -112.97057610 -113.26489809 -112.98633393
2.3      3.40 -113.27169110 -112.98548264 -113.25493070 -113.00224305
2.3      3.50 -113.26254076 -112.99867750 -113.24498144 -113.01623682
2.3      3.60 -113.25343611 -113.01033127 -113.23525940 -113.02850798
2.3      3.70 -113.24453736 -113.02061897 -113.22584437 -113.03931196
2.3      3.80 -113.23595211 -113.02970541 -113.21697708 -113.04868044
2.3      3.90 -113.22774948 -113.03774075 -113.20862060 -113.05686962
2.3      4.00 -113.21997069 -113.04485979 -113.20078662 -113.06404386
2.3      4.10 -113.21263692 -113.05118221 -113.19353642 -113.07028271
2.3      4.20 -113.20575507 -113.05681340 -113.18685028 -113.07571819
2.3      4.40 -113.19332728 -113.06635797 -113.17510923 -113.08457602
2.3      4.60 -113.18258911 -113.07408860 -113.16545207 -113.09122563
2.3      4.80 -113.17338532 -113.08043661 -113.15763275 -113.09618918
2.3      5.00 -113.16553800 -113.08570364 -113.15137896 -113.09986268
2.3      5.20 -113.15886838 -113.09009747 -113.14641484 -113.10255101
2.3      5.40 -113.15321116 -113.09376491 -113.14248224 -113.10449382
2.3      5.60 -113.14842136 -113.09681631 -113.13935847 -113.10587920
2.3      5.80 -113.14437473 -113.09934045 -113.13686097 -113.10685421
2.3      6.00 -113.14096475 -113.10141229 -113.13484512 -113.10753193
2.3      7.00 -113.13063283 -113.10702750 -113.12890720 -113.10875313
2.3      8.00 -113.12649539 -113.10853047 -113.12614249 -113.10888337
2.3      9.00 -113.12469882 -113.10882874 -113.12463916 -113.10888840
2.3     10.00 -113.12374458 -113.10888120 -113.12373565 -113.10889014
2.3     12.00 -113.12273230 -113.10890420 -113.12273218 -113.10890431
2.3     14.00 -113.12222452 -113.10891976 -113.12222451 -113.10891976
2.3     16.00 -113.12165801 -113.10893180 -113.12165801 -113.10893180
2.3     18.00 -113.12148848 -113.10894087 -113.12148848 -113.10894087
2.3     20.00 -113.12137797 -113.10894775 -113.12137797 -113.10894775

2.4      1.40 -104.31741581 -103.95978355 -104.26747029 -104.00972907
2.4      1.60 -109.60322272 -109.24865028 -109.55726301 -109.29460999
2.4      1.80 -111.67427301 -111.32118172 -111.64010621 -111.35534852
2.4      2.00 -112.58191398 -112.23061939 -112.56742134 -112.24511203
2.4      2.10 -112.82897140 -112.47878633 -112.82103227 -112.48672546
2.4      2.20 -112.99655409 -112.64750789 -112.99245347 -112.65160852
2.4      2.30 -113.10975536 -112.76185571 -113.10776307 -112.76384800
2.4      2.40 -113.18531638 -112.83857230 -113.18477827 -112.83911041
2.4      2.50 -113.23460378 -112.88902612 -113.23454955 -112.88908036
2.4      2.60 -113.26545668 -112.92105695 -113.26539042 -112.92112321
2.4      2.70 -113.28335022 -112.94014239 -113.28286224 -112.94063037
2.4      2.80 -113.29214384 -112.95014935 -113.29088714 -112.95140605
2.4      2.90 -113.29457537 -112.95383390 -113.29219079 -112.95621848
2.4      3.00 -113.29259395 -112.95318889 -113.28874302 -112.95703982
2.4      3.10 -113.28757298 -112.94971116 -113.28172512 -112.95555902
2.4      3.20 -113.28028826 -112.94435546 -113.27033734 -112.95430638
2.4      3.30 -113.27207759 -112.94603034 -113.25596309 -112.96214484
2.4      3.40 -113.26320019 -112.95885225 -113.24450203 -112.97755042
2.4      3.50 -113.25401746 -112.97169656 -113.23395217 -112.99176185
2.4      3.60 -113.24478874 -112.98340396 -113.22377120 -113.00442150
2.4      3.70 -113.23569739 -112.99390063 -113.21396146 -113.01563657
2.4      3.80 -113.22686955 -113.00326976 -113.20472656 -113.02541276
2.4      3.90 -113.21838849 -113.01162611 -113.19603080 -113.03398379
2.4      4.00 -113.21030604 -113.01908623 -113.18787363 -113.04151864
2.4      4.10 -113.20265150 -113.02575967 -113.18031844 -113.04809274
2.4      4.20 -113.19543790 -113.03174560 -113.17334335 -113.05384016
2.4      4.40 -113.18233202 -113.04199580 -113.16106960 -113.06325822
2.4      4.60 -113.17091910 -113.05041042 -113.15094427 -113.07038525
2.4      4.80 -113.16106415 -113.05740599 -113.14274202 -113.07572812
2.4      5.00 -113.15260352 -113.06327245 -113.13617371 -113.07970225
2.4      5.20 -113.14536742 -113.06820874 -113.13094844 -113.08262771
2.4      5.40 -113.13919523 -113.07235641 -113.12679766 -113.08475399
2.4      5.60 -113.13394355 -113.07582434 -113.12348876 -113.08627914
2.4      5.80 -113.12948758 -113.07870314 -113.12083174 -113.08735898
2.4      6.00 -113.12571879 -113.08107204 -113.11867651 -113.08811432
2.4      7.00 -113.11421535 -113.08751893 -113.11223262 -113.08950166
2.4      8.00 -113.10955137 -113.08925991 -113.10914487 -113.08966642
2.4      9.00 -113.10749505 -113.08961214 -113.10742599 -113.08968120
2.4     10.00 -113.10638288 -113.08967748 -113.10637244 -113.08968792
2.4     12.00 -113.10489099 -113.08970820 -113.10489086 -113.08970833
2.4     14.00 -113.10457300 -113.08972761 -113.10457300 -113.08972761
2.4     16.00 -113.10392191 -113.08974214 -113.10392191 -113.08974214
2.4     18.00 -113.10370136 -113.08975290 -113.10370136 -113.08975290
2.4     20.00 -113.10355417 -113.08976098 -113.10355417 -113.08976098
          
2.5      1.40 -102.17300302 -101.85325148 -102.17258532 -101.85366919
2.5      1.60 -108.84900817 -108.53221068 -108.84900817 -108.53221070
2.5      1.80 -111.34693168 -111.03101971 -111.30961102 -111.06834038
2.5      2.00 -112.42511573 -112.11039967 -112.40816100 -112.12735440
2.5      2.10 -112.71711536 -112.40329012 -112.70818516 -112.41222032
2.5      2.20 -112.91518289 -112.60231783 -112.91086485 -112.60663587
2.5      2.30 -113.04935063 -112.73746764 -113.04749930 -112.73931897
2.5      2.40 -113.13949033 -112.82860536 -113.13886533 -112.82923036
2.5      2.50 -113.19899281 -112.88912029 -113.19897685 -112.88913625
2.5      2.60 -113.23703250 -112.92818368 -113.23689852 -112.92831766
2.5      2.70 -113.25998506 -112.95216848 -113.25931568 -112.95283786
2.5      2.80 -113.27233017 -112.96555364 -113.27078326 -112.96710055
2.5      2.90 -113.27724006 -112.97151441 -113.27449316 -112.97426131
2.5      3.00 -113.27697425 -112.97231962 -113.27277098 -112.97652289
2.5      3.10 -113.27314960 -112.96960656 -113.26722904 -112.97552712
2.5      3.20 -113.26692387 -112.96457863 -113.25898443 -112.97251807
2.5      3.30 -113.25910623 -112.95815846 -113.24858440 -112.96868029
2.5      3.40 -113.25017709 -112.95100478 -113.23589285 -112.96528902
2.5      3.50 -113.24097752 -112.94763593 -113.22120774 -112.96740571
2.5      3.60 -113.23168313 -112.95494835 -113.20876450 -112.97786698
2.5      3.70 -113.22243054 -112.96449981 -113.19807781 -112.98885254
2.5      3.80 -113.21338597 -112.97367217 -113.18823579 -112.99882234
2.5      3.90 -113.20464890 -112.98209617 -113.17904082 -113.00770425
2.5      4.00 -113.19628259 -112.98974669 -113.17051871 -113.01551057
2.5      4.10 -113.18832492 -112.99667599 -113.16261752 -113.02238338
2.5      4.20 -113.18079562 -113.00295502 -113.15532910 -113.02842154
2.5      4.40 -113.16704021 -113.01384587 -113.14253472 -113.03835136
2.5      4.60 -113.15497701 -113.02292256 -113.13192612 -113.04597345
2.5      4.80 -113.14449093 -113.03056598 -113.12335415 -113.05170276
2.5      5.00 -113.13543182 -113.03704397 -113.11647891 -113.05599688
2.5      5.20 -113.12763834 -113.04254135 -113.11100465 -113.05917505
2.5      5.40 -113.12095424 -113.04719158 -113.10664683 -113.06149900
2.5      5.60 -113.11523777 -113.05110047 -113.10316273 -113.06317550
2.5      5.80 -113.11036411 -113.05435955 -113.10035430 -113.06436936
2.5      6.00 -113.10622361 -113.05705166 -113.09806606 -113.06520922
2.5      7.00 -113.09345817 -113.06444910 -113.09113195 -113.06677531
2.5      8.00 -113.08821026 -113.06649093 -113.08772708 -113.06697411
2.5      9.00 -113.08587923 -113.06691351 -113.08579633 -113.06699640
2.5     10.00 -113.08460831 -113.06699354 -113.08459564 -113.06700622
2.5     12.00 -113.08294495 -113.06703002 -113.08294477 -113.06703020
2.5     14.00 -113.08249890 -113.06705177 -113.08249890 -113.06705177
2.5     16.00 -113.08178011 -113.06706776 -113.08178011 -113.06706776
2.5     18.00 -113.08150978 -113.06707950 -113.08150978 -113.06707950
2.5     20.00 -113.08132679 -113.06708826 -113.08132679 -113.06708826

2.6      1.40  -99.31337617  -99.02905911  -99.31294074  -99.02949454
2.6      1.60 -107.92691721 -107.64586170 -107.92675738 -107.64602153
2.6      1.80 -110.95654918 -110.67577005 -110.91863128 -110.71368794
2.6      2.00 -112.24005734 -111.95983620 -112.21991474 -111.97997880
2.6      2.10 -112.58538058 -112.30579266 -112.57489164 -112.31628161
2.6      2.20 -112.81936916 -112.54053926 -112.81459139 -112.54531703
2.6      2.30 -112.97810471 -112.70007216 -112.97619100 -112.70198587
2.6      2.40 -113.08525415 -112.80804197 -113.08471726 -112.80857887
2.6      2.50 -113.15664257 -112.88026948 -113.15659655 -112.88031550
2.6      2.60 -113.20303591 -112.92751524 -113.20284612 -112.92770503
2.6      2.70 -113.23187263 -112.95721181 -113.23106528 -112.95801916
2.6      2.80 -113.24835765 -112.97455953 -113.24659184 -112.97632534
2.6      2.90 -113.25616684 -112.98323199 -113.25312934 -112.98626949
2.6      3.00 -113.25791355 -112.98584303 -113.25338535 -112.99037123
2.6      3.10 -113.25546573 -112.98426474 -113.24924682 -112.99048365
2.6      3.20 -113.25016515 -112.97984862 -113.24206675 -112.98794702
2.6      3.30 -113.24297852 -112.97358093 -113.23280528 -112.98375417
2.6      3.40 -113.23459914 -112.96619496 -113.22220040 -112.97859370
2.6      3.50 -113.22550401 -112.95825199 -113.21044606 -112.97330995
2.6      3.60 -113.21596476 -112.95012772 -113.19738135 -112.96871112
2.6      3.70 -113.20644614 -112.94365747 -113.18339435 -112.96670925
2.6      3.80 -113.19722289 -112.94550481 -113.17066012 -112.97206758
2.6      3.90 -113.18824976 -112.95204556 -113.16011741 -112.98017791
2.6      4.00 -113.17961605 -112.95917731 -113.15078491 -112.98800845
2.6      4.10 -113.17137155 -112.96602347 -113.14235936 -112.99503566
2.6      4.20 -113.16354257 -112.97240713 -113.13466165 -113.00128805
2.6      4.40 -113.14916815 -112.98375397 -113.12122047 -113.01170164
2.6      4.60 -113.13648258 -112.99342034 -113.11014238 -113.01976053
2.6      4.80 -113.12538975 -113.00168791 -113.10119614 -113.02588152
2.6      5.00 -113.11575191 -113.00877754 -113.09402529 -113.03050415
2.6      5.20 -113.10741530 -113.01484837 -113.08831523 -113.03394844
2.6      5.40 -113.10022762 -113.02002011 -113.08376436 -113.03648337
2.6      5.60 -113.09404867 -113.02439255 -113.08011757 -113.03832365
2.6      5.80 -113.08875391 -113.02805645 -113.07716838 -113.03964198
2.6      6.00 -113.08423330 -113.03109733 -113.07475601 -113.04057462
2.6      7.00 -113.07012595 -113.03956718 -113.06735674 -113.04233640
2.6      8.00 -113.06423320 -113.04198066 -113.06364472 -113.04256914
2.6      9.00 -113.06161053 -113.04249372 -113.06150803 -113.04259622
2.6     10.00 -113.06018050 -113.04259084 -113.06016463 -113.04260671
2.6     12.00 -113.05860603 -113.04263072 -113.05860581 -113.04263094
2.6     14.00 -113.05777417 -113.04265269 -113.05777417 -113.04265269
2.6     16.00 -113.05699674 -113.04266879 -113.05699674 -113.04266879
2.6     18.00 -113.05667842 -113.04268058 -113.05667842 -113.04268058
2.6     20.00 -113.05646092 -113.04268935 -113.05646092 -113.04268935
          
2.7      1.40  -95.33603273  -95.08431600  -95.29853154  -95.12181719
2.7      1.60 -106.78984885 -106.54235304 -106.78934026 -106.54286163
2.7      1.80 -110.49118180 -110.24337649 -110.49089986 -110.24365844
2.7      2.00 -112.02309995 -111.77521659 -111.99958149 -111.79873504
2.7      2.10 -112.43190902 -112.18436501 -112.41920633 -112.19706770
2.7      2.20 -112.70834322 -112.46133617 -112.70281470 -112.46686468
2.7      2.30 -112.89593111 -112.64952517 -112.89386224 -112.65159404
2.7      2.40 -113.02295939 -112.77718334 -113.02241446 -112.77772827
2.7      2.50 -113.10819032 -112.86306686 -113.10816767 -112.86308952
2.7      2.60 -113.16429446 -112.91983945 -113.16416797 -112.91996594
2.7      2.70 -113.19997019 -112.95619186 -113.19907445 -112.95708761
2.7      2.80 -113.22127400 -112.97817373 -113.21932813 -112.98011959
2.7      2.90 -113.23246881 -112.99004315 -113.22923251 -112.99327944
2.7      3.00 -113.23657813 -112.99482076 -113.23181968 -112.99957920
2.7      3.10 -113.23575861 -112.99466250 -113.22930809 -113.00111302
2.7      3.20 -113.23155652 -112.99111632 -113.22326566 -112.99940719
2.7      3.30 -113.22508606 -112.98530110 -113.21493758 -112.99544958
2.7      3.40 -113.21715243 -112.97803125 -113.20495755 -112.99022613
2.7      3.50 -113.20833622 -112.96990391 -113.19396606 -112.98427407
2.7      3.60 -113.19904971 -112.96136122 -113.18231577 -112.97809516
2.7      3.70 -113.18956840 -112.95273317 -113.17026527 -112.97203629
2.7      3.80 -113.18002573 -112.94419700 -113.15763335 -112.96658937
2.7      3.90 -113.17059610 -112.93607171 -113.14440405 -112.96226376
2.7      4.00 -113.16163180 -112.93311466 -113.13189140 -112.96285506
2.7      4.10 -113.15308349 -112.93664829 -113.12161572 -112.96811606
2.7      4.20 -113.14495417 -112.94208393 -113.11298371 -112.97405440
2.7      4.40 -113.12998010 -112.95320838 -113.09856955 -112.98461893
2.7      4.60 -113.11669965 -112.96325881 -113.08690586 -112.99305261
2.7      4.80 -113.10502785 -112.97207757 -113.07756014 -112.99954528
2.7      5.00 -113.09483606 -112.97975721 -113.07009734 -113.00449593
2.7      5.20 -113.08597636 -112.98640275 -113.06416180 -113.00821731
2.7      5.40 -113.07829956 -112.99210823 -113.05943361 -113.01097418
2.7      5.60 -113.07166674 -112.99696190 -113.05563928 -113.01298937
2.7      5.80 -113.06595379 -113.00105117 -113.05256270 -113.01444226
2.7      6.00 -113.06105054 -113.00446283 -113.05003718 -113.01547618
2.7      7.00 -113.04553676 -113.01412014 -113.04220482 -113.01745207
2.7      8.00 -113.03893226 -113.01698652 -113.03819986 -113.01771891
2.7      9.00 -113.03599608 -113.01761755 -113.03586566 -113.01774797
2.7     10.00 -113.03440070 -113.01773588 -113.03438015 -113.01775643
2.7     12.00 -113.03265617 -113.01777702 -113.03265587 -113.01777732
2.7     14.00 -113.03170587 -113.01779705 -113.03170587 -113.01779705
2.7     16.00 -113.03088336 -113.01781193 -113.03088336 -113.01781193
2.7     18.00 -113.03051930 -113.01782265 -113.03051930 -113.01782265
2.7     20.00 -113.03026902 -113.01783071 -113.03026902 -113.01783071
          
2.8      1.40  -89.46113490  -89.23878976  -89.42907981  -89.27084486
2.8      1.60 -105.36966051 -105.15329713 -105.36878794 -105.15416971
2.8      1.80 -109.93500214 -109.71783522 -109.93407176 -109.71876560
2.8      2.00 -111.76919181 -111.55134668 -111.74263270 -111.57790578
2.8      2.10 -112.25385182 -112.03602553 -112.23829412 -112.05158323
2.8      2.20 -112.58059744 -112.36306964 -112.57392458 -112.36974250
2.8      2.30 -112.80215366 -112.58502921 -112.79981349 -112.58736938
2.8      2.40 -112.95245863 -112.73577010 -112.95188070 -112.73634803
2.8      2.50 -113.05383085 -112.83760284 -113.05381172 -112.83762197
2.8      2.60 -113.12122845 -112.90547910 -113.12107403 -112.90563351
2.8      2.70 -113.16484980 -112.94958883 -113.16410635 -112.95033228
2.8      2.80 -113.19175548 -112.97698450 -113.18973458 -112.97900540
2.8      2.90 -113.20689502 -112.99260931 -113.20355917 -112.99594516
2.8      3.00 -113.21376905 -112.99995949 -113.20891224 -113.00481630
2.8      3.10 -113.21486896 -113.00152387 -113.20831391 -113.00807892
2.8      3.20 -113.21197693 -112.99908374 -113.20371729 -113.00734338
2.8      3.30 -113.20637448 -112.99392143 -113.19623208 -113.00406383
2.8      3.40 -113.19898744 -112.98696544 -113.18687815 -112.99907474
2.8      3.50 -113.19048596 -112.97889091 -113.17635756 -112.99301931
2.8      3.60 -113.18135335 -112.97018903 -113.16511785 -112.98642453
2.8      3.70 -113.17193394 -112.96121672 -113.15358737 -112.97956330
2.8      3.80 -113.16246645 -112.95223261 -113.14193316 -112.97276590
2.8      3.90 -113.15310274 -112.94342101 -113.13026619 -112.96625756
2.8      4.00 -113.14389669 -112.93485143 -113.11840884 -112.96033929
2.8      4.10 -113.13480836 -112.92610040 -113.10605023 -112.95485854
2.8      4.20 -113.12614714 -112.91935666 -113.09388088 -112.95162292
2.8      4.40 -113.11044971 -112.92392846 -113.07595479 -112.95842337
2.8      4.60 -113.09658096 -112.93356259 -113.06329324 -112.96685031
2.8      4.80 -113.08435570 -112.94272606 -113.05345181 -112.97362995
2.8      5.00 -113.07363711 -112.95092987 -113.04567882 -112.97888816
2.8      5.20 -113.06427823 -112.95813201 -113.03952565 -112.98288460
2.8      5.40 -113.05613136 -112.96437218 -113.03463134 -112.98587219
2.8      5.60 -113.04905850 -112.96971641 -113.03070154 -112.98807336
2.8      5.80 -113.04293583 -112.97424426 -113.02750880 -112.98967130
2.8      6.00 -113.03765335 -112.97804215 -113.02488027 -112.99081523
2.8      7.00 -113.02068913 -112.98898339 -113.01664811 -112.99302441
2.8      8.00 -113.01329858 -112.99239493 -113.01236700 -112.99332652
2.8      9.00 -113.01001681 -112.99318361 -113.00984539 -112.99335503
2.8     10.00 -113.00825873 -112.99333165 -113.00823109 -112.99335929
2.8     12.00 -113.00634682 -112.99337324 -113.00634640 -112.99337366
2.8     14.00 -113.00527525 -112.99338947 -113.00527525 -112.99338947
2.8     16.00 -113.00442165 -112.99340163 -113.00442165 -112.99340163
2.8     18.00 -113.00401529 -112.99341064 -113.00401529 -112.99341064
2.8     20.00 -113.00373446 -112.99341737 -113.00373446 -112.99341737
          
2.9      1.40  -80.00198136  -79.80554699  -79.97385566  -79.83367270
2.9      1.60 -103.56411928 -103.37612673 -103.56298152 -103.37726449
2.9      1.80 -109.26706457 -109.07795949 -109.26518876 -109.07983530
2.9      2.00 -111.47166568 -111.28133450 -111.44369178 -111.30930839
2.9      2.10 -112.04731252 -111.85668468 -112.02881373 -111.87518347
2.9      2.20 -112.43389747 -112.24330822 -112.42564992 -112.25155577
2.9      2.30 -112.69555369 -112.50517997 -112.69289086 -112.50784280
2.9      2.40 -112.87317261 -112.68304983 -112.87257918 -112.68364326
2.9      2.50 -112.99339584 -112.80354569 -112.99338265 -112.80355888
2.9      2.60 -113.07393813 -112.88437952 -113.07375187 -112.88456579
2.9      2.70 -113.12679031 -112.93753423 -113.12596011 -112.93836443
2.9      2.80 -113.16020229 -112.97125135 -113.15837279 -112.97308085
2.9      2.90 -113.17992917 -112.99127890 -113.17685371 -112.99435436
2.9      3.00 -113.19002808 -113.00166883 -113.18516932 -113.00652759
2.9      3.10 -113.19337938 -113.00529816 -113.18685825 -113.01181929
2.9      3.20 -113.19203888 -113.00422091 -113.18375238 -113.01250741
2.9      3.30 -113.18748126 -112.99991139 -113.17735576 -113.01003688
2.9      3.40 -113.18076997 -112.99343396 -113.16875431 -113.00544962
2.9      3.50 -113.17267492 -112.98556061 -113.15872994 -112.99950558
2.9      3.60 -113.16375331 -112.97685191 -113.14784266 -112.99276256
2.9      3.70 -113.15440607 -112.96771331 -113.13655590 -112.98556348
2.9      3.80 -113.14491776 -112.95843554 -113.12513376 -112.97821954
2.9      3.90 -113.13548592 -112.94922489 -113.11379442 -112.97091639
2.9      4.00 -113.12624202 -112.94022553 -113.10259329 -112.96387427
2.9      4.10 -113.11726335 -112.93153304 -113.09156120 -112.95723519
2.9      4.20 -113.10856355 -112.92316579 -113.08059928 -112.95113007
2.9      4.40 -113.09159191 -112.90465715 -113.05710746 -112.93914161
2.9      4.60 -113.07688528 -112.90577037 -113.04034402 -112.94231163
2.9      4.80 -113.06410708 -112.91447085 -113.02963737 -112.94894056
2.9      5.00 -113.05288415 -112.92301466 -113.02148820 -112.95441061
2.9      5.20 -113.04304949 -112.93071713 -113.01511069 -112.95865593
2.9      5.40 -113.03445287 -112.93747475 -113.01006856 -112.96185906
2.9      5.60 -113.02695641 -112.94330684 -113.00601955 -112.96424371
2.9      5.80 -113.02043653 -112.94827685 -113.00272566 -112.96598771
2.9      6.00 -113.01478312 -112.95246770 -113.00000686 -112.96724397
2.9      7.00 -112.99634916 -112.96475943 -112.99141374 -112.96969485
2.9      8.00 -112.98809176 -112.96881685 -112.98687673 -112.97003188
2.9      9.00 -112.98441555 -112.96982346 -112.98418045 -112.97005856
2.9     10.00 -112.98248516 -112.97001794 -112.98244588 -112.97005722
2.9     12.00 -112.98041404 -112.97006251 -112.98041341 -112.97006315
2.9     14.00 -112.97922431 -112.97007380 -112.97922430 -112.97007380
2.9     16.00 -112.97834854 -112.97008260 -112.97834854 -112.97008260
2.9     18.00 -112.97790342 -112.97008927 -112.97790342 -112.97008927
2.9     20.00 -112.97759475 -112.97009429 -112.97759475 -112.97009429
          
3.0      1.40  -62.65290831  -62.47899175  -62.62526364  -62.50663642
3.0      1.60 -101.21158381 -101.04883088 -101.21064656 -101.04976813
3.0      1.80 -108.45930121 -108.29536194 -108.45668609 -108.29797706
3.0      2.00 -111.12197183 -110.95632351 -111.12065739 -110.95763795
3.0      2.10 -111.80725977 -111.64104531 -111.78655035 -111.66175473
3.0      2.20 -112.26524506 -112.09878856 -112.25476944 -112.10926418
3.0      2.30 -112.57438505 -112.40797263 -112.57120235 -112.41115533
3.0      2.40 -112.78413019 -112.61781096 -112.78352055 -112.61842060
3.0      2.50 -112.92640837 -112.76019110 -112.92640095 -112.76019852
3.0      2.60 -113.02226674 -112.85616736 -113.02204134 -112.85639277
3.0      2.70 -113.08584630 -112.91987611 -113.08492322 -112.92079920
3.0      2.80 -113.12681056 -112.96097311 -113.12485350 -112.96293017
3.0      2.90 -113.15186405 -112.98615584 -113.14863022 -112.98938967
3.0      3.00 -113.16571434 -113.00012644 -113.16096202 -113.00487876
3.0      3.10 -113.17169460 -113.00621445 -113.16515100 -113.01275804
3.0      3.20 -113.17217848 -113.00679145 -113.16383889 -113.01513105
3.0      3.30 -113.16886464 -113.00355543 -113.15872246 -113.01369760
3.0      3.40 -113.16297519 -112.99772893 -113.15100128 -113.00970284
3.0      3.50 -113.15539384 -112.99019704 -113.14155090 -113.00403998
3.0      3.60 -113.14676103 -112.98160231 -113.13107941 -112.99728394
3.0      3.70 -113.13753950 -112.97241016 -113.12003612 -112.98991354
3.0      3.80 -113.12806054 -112.96295496 -113.10875235 -112.98226315
3.0      3.90 -113.11855768 -112.95347397 -113.09749512 -112.97453653
3.0      4.00 -113.10919180 -112.94413263 -113.08637540 -112.96694903
3.0      4.10 -113.10007000 -112.93504393 -113.07551267 -112.95960127
3.0      4.20 -113.09125906 -112.92628255 -113.06500435 -112.95253725
3.0      4.40 -113.07466436 -112.90986396 -113.04470925 -112.93981907
3.0      4.60 -113.05847304 -112.88828268 -113.02164467 -112.92511105
3.0      4.80 -113.04486925 -112.88842626 -113.00694854 -112.92634698
3.0      5.00 -113.03314194 -112.89662149 -112.99813723 -112.93162619
3.0      5.20 -113.02284819 -112.90467101 -112.99149864 -112.93602056
3.0      5.40 -113.01381947 -112.91189615 -112.98629993 -112.93941570
3.0      5.60 -113.00591576 -112.91819677 -112.98214260 -112.94196993
3.0      5.80 -112.99901297 -112.92360095 -112.97875969 -112.94385422
3.0      6.00 -112.99300063 -112.92818197 -112.97596172 -112.94522088
3.0      7.00 -112.97310826 -112.94185183 -112.96704441 -112.94791568
3.0      8.00 -112.96390661 -112.94665390 -112.96227109 -112.94828942
3.0      9.00 -112.95975751 -112.94797032 -112.95941345 -112.94831438
3.0     10.00 -112.95762944 -112.94824593 -112.95756820 -112.94830717
3.0     12.00 -112.95540286 -112.94830315 -112.95540176 -112.94830425
3.0     14.00 -112.95412369 -112.94830954 -112.95412369 -112.94830954
3.0     16.00 -112.95320645 -112.94831482 -112.95320645 -112.94831482
3.0     18.00 -112.95272671 -112.94831907 -112.95272671 -112.94831907
3.0     20.00 -112.95239322 -112.94832234 -112.95239322 -112.94832234
          
3.1      1.40  -22.63461205  -22.48032517  -22.60626929  -22.50866794
3.1      1.60  -98.03917458  -97.89827396  -98.03835702  -97.89909152
3.1      1.80 -107.47333547 -107.33124367 -107.46929819 -107.33528095
3.1      2.00 -110.70924025 -110.56505008 -110.70641325 -110.56787708
3.1      2.10 -111.52730051 -111.38234446 -111.52571088 -111.38393409
3.1      2.20 -112.07078827 -111.92532344 -112.05787001 -111.93824170
3.1      2.30 -112.43635326 -112.29076662 -112.43233082 -112.29478906
3.1      2.40 -112.68398176 -112.53838491 -112.68338683 -112.53897984
3.1      2.50 -112.85211408 -112.70648474 -112.85211404 -112.70648479
3.1      2.60 -112.96584325 -112.82018587 -112.96552375 -112.82050537
3.1      2.70 -113.04189682 -112.89622070 -113.04079994 -112.89731758
3.1      2.80 -113.09162566 -112.94593453 -113.08944464 -112.94811555
3.1      2.90 -113.12285710 -112.97714865 -113.11936399 -112.98064176
3.1      3.00 -113.14106141 -112.99532801 -113.13607803 -113.00031139
3.1      3.10 -113.15009987 -113.00433039 -113.14347919 -113.01095107
3.1      3.20 -113.15271573 -113.00689692 -113.14433842 -113.01527423
3.1      3.30 -113.15086778 -113.00498566 -113.14058391 -113.01526953
3.1      3.40 -113.14596177 -113.00000273 -113.13387973 -113.01208476
3.1      3.50 -113.13901230 -112.99296400 -113.12513275 -113.00684355
3.1      3.60 -113.13075459 -112.98460643 -113.11511935 -113.00024167
3.1      3.70 -113.12172118 -112.97546468 -113.10435845 -112.99282742
3.1      3.80 -113.11229546 -112.96592441 -113.09323689 -112.98498298
3.1      3.90 -113.10275002 -112.95626057 -113.08205556 -112.97695504
3.1      4.00 -113.09327518 -112.94666608 -113.07095178 -112.96898948
3.1      4.10 -113.08400057 -112.93727344 -113.06008713 -112.96118689
3.1      4.20 -113.07501145 -112.92817124 -113.04954224 -112.95364045
3.1      4.40 -113.05807739 -112.91104265 -113.02953607 -112.93958396
3.1      4.60 -113.04262139 -112.89545178 -113.01084450 -112.92722868
3.1      4.80 -113.02723189 -112.87025932 -112.98777980 -112.90971140
3.1      5.00 -113.01485146 -112.87257078 -112.97624407 -112.91117816
3.1      5.20 -113.00409695 -112.88043314 -112.96914821 -112.91538189
3.1      5.40 -112.99464655 -112.88799549 -112.96376053 -112.91888150
3.1      5.60 -112.98634899 -112.89471649 -112.95949058 -112.92157490
3.1      5.80 -112.97907784 -112.90053186 -112.95602150 -112.92358819
3.1      6.00 -112.97272113 -112.90548958 -112.95314927 -112.92506143
3.1      7.00 -112.95142039 -112.92051548 -112.94393158 -112.92800428
3.1      8.00 -112.94123166 -112.92612667 -112.93893809 -112.92842024
3.1      9.00 -112.93649463 -112.92788246 -112.93593099 -112.92844610
3.1     10.00 -112.93410159 -112.92831812 -112.93398534 -112.92843438
3.1     12.00 -112.93170911 -112.92842109 -112.93170636 -112.92842384
3.1     14.00 -112.93033777 -112.92842438 -112.93033775 -112.92842440
3.1     16.00 -112.92937732 -112.92842657 -112.92937732 -112.92842657
3.1     18.00 -112.92886730 -112.92842869 -112.92886730 -112.92842869
3.1     20.00 -112.92851213 -112.92843044 -112.92851213 -112.92843044
          
3.2      1.40  144.20528044  144.34653359  144.31936796  144.23244607
3.2      1.60  -93.54936528  -93.42708980  -93.54888655  -93.42756854
3.2      1.80 -106.25534692 -106.13126092 -106.24952549 -106.13708235
3.2      2.00 -110.21963399 -110.09319613 -110.21464560 -110.09818451
3.2      2.10 -111.19941166 -111.07208760 -111.19572334 -111.07577591
3.2      2.20 -111.84574339 -111.71771456 -111.84395854 -111.71949941
3.2      2.30 -112.27854120 -112.15020718 -112.27307347 -112.15567491
3.2      2.40 -112.57098131 -112.44262095 -112.57040478 -112.44319748
3.2      2.50 -112.76948571 -112.64102571 -112.76946430 -112.64104712
3.2      2.60 -112.90409970 -112.77551264 -112.90355889 -112.77605345
3.2      2.70 -112.99467158 -112.86596021 -112.99320508 -112.86742671
3.2      2.80 -113.05457294 -112.92573977 -113.05191660 -112.92839611
3.2      2.90 -113.09296402 -112.96400719 -113.08892062 -112.96805059
3.2      3.00 -113.11621299 -112.98712637 -113.11065029 -112.99268907
3.2      3.10 -113.12879798 -112.99957223 -113.12160728 -113.00676294
3.2      3.20 -113.13389260 -113.00451643 -113.12500102 -113.01340801
3.2      3.30 -113.13375796 -113.00421935 -113.12308514 -113.01489218
3.2      3.40 -113.13001299 -113.00030029 -113.11751036 -113.01280291
3.2      3.50 -113.12382340 -112.99392610 -113.10952606 -113.00822343
3.2      3.60 -113.11603299 -112.98594220 -113.10004332 -113.00193186
3.2      3.70 -113.10725370 -112.97696233 -113.08961927 -112.99459677
3.2      3.80 -113.09792783 -112.96743060 -113.07869289 -112.98666554
3.2      3.90 -113.08837190 -112.95766540 -113.06759318 -112.97844412
3.2      4.00 -113.07880903 -112.94789169 -113.05651353 -112.97018719
3.2      4.10 -113.06939318 -112.93826544 -113.04561916 -112.96203945
3.2      4.20 -113.06022768 -112.92889211 -113.03501069 -112.95410910
3.2      4.40 -113.04288817 -112.91115398 -113.01486451 -112.93917764
3.2      4.60 -113.02704888 -112.89495453 -112.99625256 -112.92575085
3.2      4.80 -113.01270890 -112.88027737 -112.97899845 -112.91398782
3.2      5.00 -112.99839429 -112.85422959 -112.95715557 -112.89546831
3.2      5.20 -112.98710891 -112.85861074 -112.94840616 -112.89731348
3.2      5.40 -112.97723125 -112.86608463 -112.94269421 -112.90062167
3.2      5.60 -112.96854707 -112.87310816 -112.93828578 -112.90336945
3.2      5.80 -112.96092070 -112.87928580 -112.93473029 -112.90547621
3.2      6.00 -112.95423607 -112.88459250 -112.93178988 -112.90703869
3.2      7.00 -112.93162722 -112.90088761 -112.92230890 -112.91020593
3.2      8.00 -112.92052223 -112.90725825 -112.91712102 -112.91065946
3.2      9.00 -112.91514588 -112.90952043 -112.91398130 -112.91068501
3.2     10.00 -112.91238866 -112.91022833 -112.91194808 -112.91066892
3.2     12.00 -112.91066160 -112.90955217 -112.91065190 -112.90956186
3.2     14.00 -112.91064882 -112.90811952 -112.91064880 -112.90811954
3.2     16.00 -112.91064875 -112.90711177 -112.91064875 -112.90711177
3.2     18.00 -112.91064927 -112.90657572 -112.91064927 -112.90657572
3.2     20.00 -112.91064990 -112.90620202 -112.91064990 -112.90620202          
