1.5      0.20 -109.25234270 -108.75674651 -109.24814528 -108.76094394
1.5      0.60 -110.93384704 -110.42785264 -110.90331034 -110.45838934
1.5      0.80 -111.57557485 -111.12350987 -111.54890593 -111.15017880
1.5      1.00 -112.00153148 -111.55483755 -111.99388029 -111.56248875
1.5      1.20 -112.26578499 -111.82074600 -112.26060959 -111.82592139
1.5      1.40 -112.42303468 -111.97903168 -112.41830188 -111.98376448
1.5      1.60 -112.51296844 -112.07765431 -112.51136558 -112.07925717
1.5      1.80 -112.56292705 -112.15677108 -112.52387154 -112.19582660
1.5      2.00 -112.58927428 -112.23589544 -112.56772188 -112.25744784
1.5      2.10 -112.59697211 -112.26741752 -112.54394110 -112.32044853
1.5      2.20 -112.60175972 -112.29529104 -112.52158911 -112.37546166
1.5      2.30 -112.60432981 -112.31949176 -112.56259776 -112.36122382
1.5      2.40 -112.60575715 -112.34148978 -112.56069100 -112.38655593
1.5      2.50 -112.60632922 -112.36030408 -112.54487168 -112.42176163
1.5      2.60 -112.60577140 -112.37652542 -112.54982511 -112.43247171
1.5      2.70 -112.60446679 -112.39044826 -112.54807566 -112.44683938
1.5      2.80 -112.60321438 -112.40298068 -112.54241483 -112.46378023
1.5      2.90 -112.60150493 -112.41380345 -112.53778886 -112.47751952
1.5      3.00 -112.59965947 -112.42335310 -112.52914091 -112.49387166
1.5      3.10 -112.59764461 -112.43175933 -112.52127254 -112.50813139
1.5      3.20 -112.59546485 -112.43921935 -112.52711312 -112.50757108
1.5      3.30 -112.59334617 -112.44594279 -112.52327311 -112.51601585
1.5      3.40 -112.59122076 -112.45201244 -112.52014356 -112.52308964
1.5      3.50 -112.58913685 -112.45755838 -112.51656962 -112.53012561
1.5      3.60 -112.58687801 -112.46246613 -112.51544484 -112.53389930
1.5      3.70 -112.58461963 -112.46694267 -112.51044543 -112.54111688
1.5      3.80 -112.58254578 -112.47121986 -112.50806080 -112.54570484
1.5      3.90 -112.58050509 -112.47518751 -112.50600021 -112.54969239
1.5      4.00 -112.57850227 -112.47887884 -112.50424780 -112.55313332
1.5      4.10 -112.57654197 -112.48232008 -112.50278735 -112.55607470
1.5      4.20 -112.57462827 -112.48553201 -112.50169283 -112.55846744
1.5      4.40 -112.57095844 -112.49133333 -112.50042498 -112.56186678
1.5      4.60 -112.56752600 -112.49638849 -112.50046574 -112.56344875
1.5      4.80 -112.56435931 -112.50077683 -112.50190010 -112.56323604
1.5      5.00 -112.56147981 -112.50456359 -112.50457930 -112.56146409
1.5      5.20 -112.55889378 -112.50778968 -112.50837707 -112.55830640
1.5      5.40 -112.55661824 -112.51053810 -112.51305250 -112.55410384
1.5      5.60 -112.55464147 -112.51284329 -112.51818516 -112.54929960
1.5      5.80 -112.55295144 -112.51475299 -112.52334169 -112.54436273
1.5      6.00 -112.55152996 -112.51631381 -112.52813190 -112.53971188
1.5      7.00 -112.54755269 -112.52042347 -112.54327217 -112.52470399
1.5      8.00 -112.54641232 -112.52150737 -112.54550613 -112.52241357
1.5      9.00 -112.54611741 -112.52180619 -112.54594947 -112.52197414
1.5     10.00 -112.54602622 -112.52194073 -112.54599723 -112.52196972
1.5     12.00 -112.54896852 -112.51650908 -112.54896805 -112.51650954
1.5     14.00 -112.54894615 -112.51621610 -112.54882704 -112.51650954
1.5     16.00 -112.54893714 -112.51628556 -112.54881774 -112.51650954
1.5     18.00 -112.54893013 -112.51632743 -112.54881009 -112.51650954
1.5     20.00 -112.54892700 -112.51635694 -112.54881115 -112.51650954

1.6      0.20 -109.96088606 -109.49605201 -109.49973838 -109.95719970
1.6      0.60 -111.35006211 -110.91864522 -111.34880931 -110.91989802
1.6      0.80 -111.90806397 -111.48874165 -111.90571149 -111.49109413
1.6      1.00 -112.28983927 -111.87668130 -112.28700649 -111.87951408
1.6      1.20 -112.53230905 -112.12101108 -112.52955829 -112.12376185
1.6      1.40 -112.67919733 -112.26813542 -112.67686614 -112.27046661
1.6      1.60 -112.76469581 -112.35664690 -112.74056030 -112.38078241
1.6      1.80 -112.81170216 -112.42139199 -112.79103158 -112.44206256
1.6      2.00 -112.83613761 -112.48527746 -112.81345940 -112.50795567
1.6      2.10 -112.84283165 -112.51452016 -112.81833297 -112.53901884
1.6      2.20 -112.84694811 -112.54089860 -112.82045087 -112.56739584
1.6      2.30 -112.84910806 -112.56433031 -112.82050064 -112.59293773
1.6      2.40 -112.84980232 -112.58496445 -112.81906757 -112.61569920
1.6      2.50 -112.84941588 -112.60304671 -112.81654019 -112.63592240
1.6      2.60 -112.84824791 -112.61885359 -112.81327876 -112.65382274
1.6      2.70 -112.84652849 -112.63266110 -112.80957154 -112.66961806
1.6      2.80 -112.84443243 -112.64472973 -112.80561171 -112.68355045
1.6      2.90 -112.84209074 -112.65529817 -112.80155161 -112.69583730
1.6      3.00 -112.83960016 -112.66458110 -112.79752454 -112.70665672
1.6      3.10 -112.83703082 -112.67276899 -112.79361572 -112.71618409
1.6      3.20 -112.83443262 -112.68002895 -112.78989772 -112.72456386
1.6      3.30 -112.83184018 -112.68650582 -112.78641485 -112.73193114
1.6      3.40 -112.82927698 -112.69232369 -112.78319698 -112.73840369
1.6      3.50 -112.82675836 -112.69758732 -112.78025912 -112.74408655
1.6      3.60 -112.82429401 -112.70238383 -112.77761242 -112.74906542
1.6      3.70 -112.82188981 -112.70678456 -112.77525086 -112.75342350
1.6      3.80 -112.81954913 -112.71084692 -112.77316446 -112.75723160
1.6      3.90 -112.81727395 -112.71461649 -112.77133788 -112.76055256
1.6      4.00 -112.81506546 -112.71812902 -112.76975204 -112.76344245
1.6      4.10 -112.81292463 -112.72141235 -112.76838603 -112.76595095
1.6      4.20 -112.81085237 -112.72448812 -112.76812261 -112.76721788
1.6      4.40 -112.80691799 -112.73008120 -112.77160925 -112.76538994
1.6      4.60 -112.80327202 -112.73500704 -112.77417794 -112.76410112
1.6      4.80 -112.79992400 -112.73933351 -112.77605194 -112.76320557
1.6      5.00 -112.79688072 -112.74311315 -112.77739787 -112.76259600
1.6      5.20 -112.79414468 -112.74639129 -112.77834467 -112.76219130
1.6      5.40 -112.79171347 -112.74921005 -112.77900629 -112.76191722
1.6      5.60 -112.78958000 -112.75161011 -112.77944943 -112.76174067
1.6      5.80 -112.78773273 -112.75363126 -112.77973680 -112.76162718
1.6      6.00 -112.78615616 -112.75531268 -112.77991400 -112.76155484
1.6      7.00 -112.78156699 -112.75994121 -112.78004782 -112.76146038
1.6      8.00 -112.78019296 -112.76119569 -112.77990194 -112.76148672
1.6      9.00 -112.77984731 -112.76152218 -112.77979864 -112.76157085
1.6     10.00 -112.77974778 -112.76165055 -112.77974047 -112.76165785
1.6     12.00 -112.77968783 -112.76173037 -112.77968773 -112.76173047
1.6     14.00 -112.77966671 -112.76168888 -112.77966671 -112.76168888
1.6     16.00 -112.77965660 -112.76175128 -112.77965660 -112.76175128
1.6     18.00 -112.77965122 -112.76179271 -112.77965122 -112.76179271
1.6     20.00 -112.77964813 -112.76182106 -112.77964813 -112.76182106
          
1.7      0.20 -110.52048800 -110.08383590 -110.08763793 -110.51668597
1.7      0.60 -111.67320705 -111.27102573 -111.67201587 -111.27221691
1.7      0.80 -112.15847134 -111.76925429 -112.15624140 -111.77148423
1.7      1.00 -112.49958726 -112.11731630 -112.49684470 -112.12005886
1.7      1.20 -112.72100426 -112.34110782 -112.71836587 -112.34374622
1.7      1.40 -112.85736994 -112.47766820 -112.85527507 -112.47976307
1.7      1.60 -112.93761763 -112.55900497 -112.91632237 -112.58030023
1.7      1.80 -112.98206196 -112.61275846 -112.96014875 -112.63467167
1.7      2.00 -113.00448567 -112.66141344 -112.98325071 -112.68264840
1.7      2.10 -113.01042150 -112.68654869 -112.98826439 -112.70870580
1.7      2.20 -113.01385586 -112.71034208 -112.99036571 -112.73383223
1.7      2.30 -113.01537563 -112.73209259 -112.99036410 -112.75710412
1.7      2.40 -113.01545197 -112.75159125 -112.98879623 -112.77824698
1.7      2.50 -113.01445964 -112.76887938 -112.98612150 -112.79721751
1.7      2.60 -113.01269379 -112.78411121 -112.98268152 -112.81412348
1.7      2.70 -113.01038463 -112.79748503 -112.97873528 -112.82913438
1.7      2.80 -113.00770971 -112.80920954 -112.97449117 -112.84242808
1.7      2.90 -113.00480437 -112.81948757 -112.97010479 -112.85418715
1.7      3.00 -113.00177037 -112.82850885 -112.96573697 -112.86454225
1.7      3.10 -112.99868289 -112.83644693 -112.96143850 -112.87369132
1.7      3.20 -112.99559640 -112.84345816 -112.95729725 -112.88175731
1.7      3.30 -112.99254924 -112.84968160 -112.95334297 -112.88888788
1.7      3.40 -112.98956743 -112.85523945 -112.94967419 -112.89513270
1.7      3.50 -112.98666774 -112.86023758 -112.94628265 -112.90062267
1.7      3.60 -112.98385999 -112.86476622 -112.94318949 -112.90543673
1.7      3.70 -112.98114916 -112.86890099 -112.94039445 -112.90965570
1.7      3.80 -112.97853682 -112.87270401 -112.93788654 -112.91335429
1.7      3.90 -112.97602244 -112.87622536 -112.93566826 -112.91657953
1.7      4.00 -112.97360433 -112.87950465 -112.93372072 -112.91938826
1.7      4.10 -112.97128027 -112.88257271 -112.93202323 -112.92182976
1.7      4.20 -112.96904800 -112.88545320 -112.93055462 -112.92394658
1.7      4.40 -112.96485073 -112.89071918 -112.92821815 -112.92735177
1.7      4.60 -112.96099920 -112.89540137 -112.92987407 -112.92652650
1.7      4.80 -112.95748363 -112.89956012 -112.93171472 -112.92532903
1.7      5.00 -112.95429563 -112.90323742 -112.93304305 -112.92449000
1.7      5.20 -112.95142625 -112.90646793 -112.93398349 -112.92391069
1.7      5.40 -112.94886504 -112.90928421 -112.93463558 -112.92351367
1.7      5.60 -112.94659975 -112.91171868 -112.93507619 -112.92324225
1.7      5.80 -112.94461633 -112.91380385 -112.93536585 -112.92305432
1.7      6.00 -112.94289906 -112.91557196 -112.93554379 -112.92292722
1.7      7.00 -112.93764415 -112.92073324 -112.93568277 -112.92269462
1.7      8.00 -112.93593519 -112.92227494 -112.93554044 -112.92266969
1.7      9.00 -112.93550596 -112.92266107 -112.93543891 -112.92272812
1.7     10.00 -112.93539174 -112.92278963 -112.93538162 -112.92279975
1.7     12.00 -112.93532979 -112.92286150 -112.93532965 -112.92286164
1.7     14.00 -112.93530895 -112.92281272 -112.93530895 -112.92281272
1.7     16.00 -112.93529901 -112.92287081 -112.93529901 -112.92287081
1.7     18.00 -112.93529372 -112.92290970 -112.93529372 -112.92290970
1.7     20.00 -112.93529069 -112.92293645 -112.93529069 -112.92293645
          
1.8      0.20 -110.96593142 -110.55453253 -110.96558495 -110.55487900
1.8      0.60 -111.92658644 -111.55056703 -111.92538335 -111.55177012
1.8      0.80 -112.34833975 -111.98608212 -112.34606998 -111.98835189
1.8      1.00 -112.65227349 -112.29778861 -112.64953658 -112.30052552
1.8      1.20 -112.85356985 -112.50215230 -112.85096322 -112.50475892
1.8      1.40 -112.97944286 -112.62856636 -112.97736427 -112.63064495
1.8      1.60 -113.05424329 -112.70386867 -113.03655690 -112.72155506
1.8      1.80 -113.09597636 -112.75044076 -113.07422609 -112.77219103
1.8      2.00 -113.11638985 -112.78706238 -113.09630754 -112.80714470
1.8      2.10 -113.12156541 -112.80647507 -113.10141020 -112.82663028
1.8      2.20 -113.12433734 -112.82637655 -113.10356407 -112.84714981
1.8      2.30 -113.12525520 -112.84557873 -113.10354398 -112.86728996
1.8      2.40 -113.12476489 -112.86338439 -113.10190318 -112.88624609
1.8      2.50 -113.12322553 -112.87951513 -113.09914209 -112.90359857
1.8      2.60 -113.12092364 -112.89393099 -113.09556456 -112.91929007
1.8      2.70 -113.11808557 -112.90671038 -113.09142495 -112.93337100
1.8      2.80 -113.11488840 -112.91798476 -113.08695064 -112.94592252
1.8      2.90 -113.11146930 -112.92790519 -113.08229975 -112.95707473
1.8      3.00 -113.10793330 -112.93662544 -113.07762835 -112.96693040
1.8      3.10 -113.10435972 -112.94429376 -113.07299375 -112.97565973
1.8      3.20 -113.10080739 -112.95104894 -113.06848718 -112.98336915
1.8      3.30 -113.09731882 -112.95701845 -113.06417061 -112.99016666
1.8      3.40 -113.09392364 -112.96231770 -113.06008880 -112.99615254
1.8      3.50 -113.09064134 -112.96704958 -113.05627407 -113.00141685
1.8      3.60 -113.08748352 -112.97130447 -113.05274742 -113.00604057
1.8      3.70 -113.08445586 -112.97516036 -113.04952330 -113.01009293
1.8      3.80 -113.08155963 -112.97868320 -113.04656481 -113.01367802
1.8      3.90 -113.07879311 -112.98192765 -113.04394986 -113.01677090
1.8      4.00 -113.07615272 -112.98493796 -113.04161604 -113.01947463
1.8      4.10 -113.07363385 -112.98774915 -113.03955548 -113.02182751
1.8      4.20 -113.07123153 -112.99038833 -113.03774808 -113.02387179
1.8      4.40 -113.06675728 -112.99522757 -113.03482683 -113.02715802
1.8      4.60 -113.06269492 -112.99956409 -113.03266567 -113.02959333
1.8      4.80 -113.05901562 -113.00345687 -113.03136918 -113.03110331
1.8      5.00 -113.05569534 -113.00694042 -113.03265494 -113.02998081
1.8      5.20 -113.05271272 -113.01003968 -113.03356762 -113.02918478
1.8      5.40 -113.05004774 -113.01277768 -113.03420048 -113.02862493
1.8      5.60 -113.04768085 -113.01517852 -113.03462812 -113.02823125
1.8      5.80 -113.04559282 -113.01726775 -113.03490693 -113.02795363
1.8      6.00 -113.04376454 -113.01907176 -113.03508224 -113.02775406
1.8      7.00 -113.03786386 -113.02470053 -113.03521199 -113.02735239
1.8      8.00 -113.03566486 -113.02667633 -113.03507024 -113.02727096
1.8      9.00 -113.03507518 -113.02719676 -113.03496994 -113.02730201
1.8     10.00 -113.03492949 -113.02734175 -113.03491340 -113.02735784
1.8     12.00 -113.03486236 -113.02741128 -113.03486213 -113.02741151
1.8     14.00 -113.03484172 -113.02735068 -113.03484172 -113.02735068
1.8     16.00 -113.03483193 -113.02740426 -113.03483193 -113.02740426
1.8     18.00 -113.03482671 -113.02744047 -113.03482671 -113.02744047
1.8     20.00 -113.03482373 -113.02746555 -113.03482373 -113.02746555
        
1.9      0.20 -111.32318422 -110.93403947 -110.93425331 -111.32297038
1.9      0.60 -112.12692675 -111.77402041 -112.12581420 -111.77513297
1.9      0.80 -112.49329822 -112.15487605 -112.49110441 -112.15706986
1.9      1.00 -112.76341063 -112.43357917 -112.76071815 -112.43627164
1.9      1.20 -112.94565418 -112.61966462 -112.94311321 -112.62220560
1.9      1.40 -113.06120945 -112.73631147 -113.05925347 -112.73826746
1.9      1.60 -113.13047300 -112.80605753 -113.11620178 -112.82032875
1.9      1.80 -113.16913913 -112.84740185 -113.15117577 -112.86536521
1.9      2.00 -113.18780236 -112.87655932 -113.16917654 -112.89518514
1.9      2.10 -113.19222941 -112.89030348 -113.17402442 -112.90850847
1.9      2.20 -113.19436027 -112.90533675 -113.17606991 -112.92362711
1.9      2.30 -113.19471056 -112.92102693 -113.17600584 -112.93973164
1.9      2.40 -113.19369993 -112.93643192 -113.17432859 -112.95580325
1.9      2.50 -113.19166840 -112.95092281 -113.17147187 -112.97111934
1.9      2.60 -113.18888991 -112.96419746 -113.16779205 -112.98529533
1.9      2.70 -113.18558353 -112.97616288 -113.16351346 -112.99823296
1.9      2.80 -113.18192274 -112.98683988 -113.15888423 -113.00987839
1.9      2.90 -113.17804395 -112.99630654 -113.15403348 -113.02031701
1.9      3.00 -113.17405333 -113.00466687 -113.14910192 -113.02961828
1.9      3.10 -113.17003282 -113.01203415 -113.14421013 -113.03785683
1.9      3.20 -113.16604454 -113.01852204 -113.13939879 -113.04516780
1.9      3.30 -113.16213494 -113.02424030 -113.13474759 -113.05162766
1.9      3.40 -113.15833737 -113.02929186 -113.13030184 -113.05732739
1.9      3.50 -113.15467495 -113.03377190 -113.12610327 -113.06234359
1.9      3.60 -113.15116217 -113.03776650 -113.12217418 -113.06675448
1.9      3.70 -113.14780690 -113.04135260 -113.11853295 -113.07062655
1.9      3.80 -113.14461182 -113.04459756 -113.11518751 -113.07402187
1.9      3.90 -113.14157569 -113.04755920 -113.11214225 -113.07699263
1.9      4.00 -113.13869456 -113.05028605 -113.10940127 -113.07957934
1.9      4.10 -113.13596273 -113.05281786 -113.10694867 -113.08183192
1.9      4.20 -113.13337354 -113.05518629 -113.10477308 -113.08378675
1.9      4.40 -113.12859509 -113.05952495 -113.10118985 -113.08693019
1.9      4.60 -113.12430527 -113.06343150 -113.09848190 -113.08925487
1.9      4.80 -113.12045667 -113.06697201 -113.09647354 -113.09095514
1.9      5.00 -113.11700924 -113.07017809 -113.09500973 -113.09217760
1.9      5.20 -113.11392853 -113.07306667 -113.09394987 -113.09304534
1.9      5.40 -113.11118407 -113.07565118 -113.09364598 -113.09318926
1.9      5.60 -113.10874807 -113.07794659 -113.09405112 -113.09264354
1.9      5.80 -113.10659470 -113.07997080 -113.09431315 -113.09225235
1.9      6.00 -113.10469973 -113.08174412 -113.09447382 -113.09197004
1.9      7.00 -113.09834381 -113.08760097 -113.09458357 -113.09136121
1.9      8.00 -113.09553233 -113.09012353 -113.09443962 -113.09121624
1.9      9.00 -113.09457097 -113.09098660 -113.09433996 -113.09121762
1.9     10.00 -113.09432174 -113.09121912 -113.09428404 -113.09125682
1.9     12.00 -113.09423394 -113.09131177 -113.09423339 -113.09131232
1.9     14.00 -113.09421323 -113.09122542 -113.09421323 -113.09122542
1.9     16.00 -113.09420356 -113.09127413 -113.09420356 -113.09127413
1.9     18.00 -113.09419841 -113.09130747 -113.09419841 -113.09130747
1.9     20.00 -113.09419546 -113.09133074 -113.09419546 -113.09133074
          
2.0      0.20 -111.61198695 -111.24223639 -111.61181992 -111.24240341
2.0      0.60 -112.28666414 -111.95408664 -112.28554471 -111.95520608
2.0      0.80 -112.60476813 -112.28730778 -112.60253776 -112.28953815
2.0      1.00 -112.84424437 -112.53613349 -112.84143993 -112.53893793
2.0      1.20 -113.00858306 -112.70509579 -113.00605800 -112.70762084
2.0      1.40 -113.11410679 -112.81235175 -113.11213095 -112.81432759
2.0      1.60 -113.17782741 -112.87680816 -113.16671431 -112.88792126
2.0      1.80 -113.21336519 -112.91420272 -113.19912319 -112.92844471
2.0      2.00 -113.23030615 -112.93815400 -113.21398821 -112.95447193
2.0      2.10 -113.23400121 -112.94810405 -113.21795451 -112.96415075
2.0      2.20 -113.23551536 -112.95853781 -113.21972743 -112.97432575
2.0      2.30 -113.23533094 -112.97015681 -113.21948202 -112.98600572
2.0      2.40 -113.23384216 -112.98248753 -113.21769267 -112.99863703
2.0      2.50 -113.23136918 -112.99479284 -113.21474168 -113.01142034
2.0      2.60 -113.22817092 -113.00653113 -113.21096605 -113.02373599
2.0      2.70 -113.22445615 -113.01740596 -113.20655250 -113.03530960
2.0      2.80 -113.22039213 -113.02729470 -113.20177020 -113.04591662
2.0      2.90 -113.21611191 -113.03617829 -113.19677526 -113.05551494
2.0      3.00 -113.21172078 -113.04409462 -113.19165824 -113.06415717
2.0      3.10 -113.20730116 -113.05111085 -113.18652553 -113.07188649
2.0      3.20 -113.20291719 -113.05730777 -113.18146576 -113.07875920
2.0      3.30 -113.19861788 -113.06277087 -113.17654190 -113.08484685
2.0      3.40 -113.19443993 -113.06758557 -113.17179102 -113.09023447
2.0      3.50 -113.19040982 -113.07183410 -113.16726049 -113.09498343
2.0      3.60 -113.18654538 -113.07559378 -113.16297622 -113.09916294
2.0      3.70 -113.18285762 -113.07893615 -113.15895510 -113.10283867
2.0      3.80 -113.17935186 -113.08192614 -113.15522316 -113.10605484
2.0      3.90 -113.17602893 -113.08462173 -113.15179583 -113.10885482
2.0      4.00 -113.17288627 -113.08707368 -113.14864491 -113.11131503
2.0      4.10 -113.16991889 -113.08932549 -113.14578904 -113.11345534
2.0      4.20 -113.16712002 -113.09141345 -113.14322133 -113.11531214
2.0      4.40 -113.16199630 -113.09520903 -113.13891496 -113.11829037
2.0      4.60 -113.15744909 -113.09862285 -113.13557785 -113.12049409
2.0      4.80 -113.15341443 -113.10173975 -113.13305676 -113.12209742
2.0      5.00 -113.14983558 -113.10459567 -113.13118253 -113.12324872
2.0      5.20 -113.14666391 -113.10720252 -113.12981017 -113.12405625
2.0      5.40 -113.14385764 -113.10956449 -113.12880813 -113.12461401
2.0      5.60 -113.14138024 -113.11168652 -113.12808037 -113.12498639
2.0      5.80 -113.13919913 -113.11357721 -113.12755133 -113.12522501
2.0      6.00 -113.13728487 -113.11524908 -113.12716533 -113.12536862
2.0      7.00 -113.13084721 -113.12090849 -113.12631233 -113.12544337
2.0      8.00 -113.12783424 -113.12355507 -113.12609378 -113.12529552
2.0      9.00 -113.12658579 -113.12467281 -113.12606211 -113.12519649
2.0     10.00 -113.12618725 -113.12503733 -113.12608330 -113.12514129
2.0     12.00 -113.12612142 -113.12508983 -113.12611994 -113.12509131
2.0     14.00 -113.12602312 -113.12507137 -113.12602311 -113.12507138
2.0     16.00 -113.12606653 -113.12506181 -113.12606653 -113.12506181
2.0     18.00 -113.12609672 -113.12505672 -113.12609672 -113.12505672
2.0     20.00 -113.12611801 -113.12505380 -113.12611801 -113.12505380
          
2.1      0.20 -111.84722031 -111.49432465 -111.84709776 -111.49444719
2.1      0.60 -112.41512012 -112.10048774 -112.41390698 -112.10170089
2.1      0.80 -112.69114882 -112.39215412 -112.68885061 -112.39445234
2.1      1.00 -112.90295785 -112.61396899 -112.90025567 -112.61667118
2.1      1.20 -113.05057474 -112.76693954 -113.04810065 -112.76941364
2.1      1.40 -113.14643762 -112.86518573 -113.14448982 -112.86713353
2.1      1.60 -113.20467916 -112.92453692 -113.19622947 -112.93298662
2.1      1.80 -113.23708206 -112.95849596 -113.22624383 -112.96933420
2.1      2.00 -113.25227907 -112.97840031 -113.23910759 -112.99157179
2.1      2.10 -113.25531465 -112.98605783 -113.24178154 -112.99959094
2.1      2.20 -113.25623496 -112.99320041 -113.24280646 -113.00662890
2.1      2.30 -113.25554638 -113.00103631 -113.24221740 -113.01436528
2.1      2.40 -113.25361767 -113.00997707 -113.24024320 -113.02335155
2.1      2.50 -113.25074902 -113.01963804 -113.23717543 -113.03321163
2.1      2.60 -113.24718365 -113.02943476 -113.23328422 -113.04333419
2.1      2.70 -113.24311802 -113.03890874 -113.22880492 -113.05322184
2.1      2.80 -113.23871099 -113.04778407 -113.22392845 -113.06256662
2.1      2.90 -113.23409011 -113.05592564 -113.21878440 -113.07123135
2.1      3.00 -113.22935753 -113.06328906 -113.21355106 -113.07909553
2.1      3.10 -113.22459451 -113.06988369 -113.20826762 -113.08621057
2.1      3.20 -113.21986527 -113.07574896 -113.20302645 -113.09258777
2.1      3.30 -113.21522001 -113.08094035 -113.19788870 -113.09827166
2.1      3.40 -113.21069735 -113.08552063 -113.19289728 -113.10332070
2.1      3.50 -113.20632616 -113.08955500 -113.18809963 -113.10778153
2.1      3.60 -113.20212723 -113.09310796 -113.18351861 -113.11171658
2.1      3.70 -113.19811451 -113.09624156 -113.17918074 -113.11517533
2.1      3.80 -113.19429633 -113.09901423 -113.17509775 -113.11821281
2.1      3.90 -113.19067643 -113.10148011 -113.17129341 -113.12086313
2.1      4.00 -113.18725487 -113.10368862 -113.16776292 -113.12318056
2.1      4.10 -113.18402890 -113.10568413 -113.16451729 -113.12519574
2.1      4.20 -113.18099354 -113.10750568 -113.16154699 -113.12695224
2.1      4.40 -113.17546724 -113.11075555 -113.15646337 -113.12975942
2.1      4.60 -113.17061156 -113.11364017 -113.15242526 -113.13182648
2.1      4.80 -113.16635425 -113.11627844 -113.14930807 -113.13332463
2.1      5.00 -113.16262380 -113.11872379 -113.14695435 -113.13439324
2.1      5.20 -113.15935533 -113.12098953 -113.14521089 -113.13513397
2.1      5.40 -113.15649313 -113.12307204 -113.14392751 -113.13563766
2.1      5.60 -113.15399014 -113.12496528 -113.14298629 -113.13596913
2.1      5.80 -113.15180632 -113.12666696 -113.14229699 -113.13617628
2.1      6.00 -113.14990696 -113.12817996 -113.14179077 -113.13629615
2.1      7.00 -113.14371949 -113.13325741 -113.14065783 -113.13631908
2.1      8.00 -113.14117736 -113.13534337 -113.14035938 -113.13616135
2.1      9.00 -113.14044701 -113.13590694 -113.14029256 -113.13606139
2.1     10.00 -113.14031806 -113.13598294 -113.14029454 -113.13600646
2.1     12.00 -113.14031527 -113.13595655 -113.14031494 -113.13595688
2.1     14.00 -113.14020185 -113.13593711 -113.14020185 -113.13593711
2.1     16.00 -113.14023949 -113.13592762 -113.14023949 -113.13592762
2.1     18.00 -113.14026626 -113.13592257 -113.14026626 -113.13592257
2.1     20.00 -113.14028538 -113.13591968 -113.14028538 -113.13591968
          
2.13      0.20 -111.91355871 -111.56562549 -111.91344556 -111.56573865
2.13      0.60 -112.45105630 -112.14177722 -112.44977140 -112.14306212
2.13      0.80 -112.71470917 -112.42120607 -112.71231851 -112.42359673
2.13      1.00 -112.91819742 -112.63488354 -112.91541508 -112.63766588
2.13      1.20 -113.06067944 -112.78293485 -113.05825938 -112.78535490
2.13      1.40 -113.15351918 -112.87835907 -113.15160192 -112.88027633
2.13      1.60 -113.21001859 -112.93609779 -113.20259508 -112.94352130
2.13      1.80 -113.24141532 -112.96901301 -113.23143028 -112.97899805
2.13      2.00 -113.25603751 -112.98781689 -113.24383191 -113.00002250
2.13      2.10 -113.25888452 -112.99485939 -113.24622675 -113.00751716
2.13      2.20 -113.25962208 -113.00122458 -113.24697098 -113.01387568
2.13      2.30 -113.25877680 -113.00802397 -113.24622608 -113.02057469
2.13      2.40 -113.25671378 -113.01589774 -113.24417010 -113.02844143
2.13      2.50 -113.25372653 -113.02465032 -113.24105297 -113.03732387
2.13      2.60 -113.25005312 -113.03374725 -113.23712703 -113.04667334
2.13      2.70 -113.24588601 -113.04270458 -113.23262098 -113.05596961
2.13      2.80 -113.24138082 -113.05120268 -113.22771912 -113.06486438
2.13      2.90 -113.23666307 -113.05906784 -113.22254373 -113.07318718
2.13      3.00 -113.23183347 -113.06622658 -113.21725783 -113.08080221
2.13      3.10 -113.22697253 -113.07266724 -113.21194279 -113.08769697
2.13      3.20 -113.22214413 -113.07841425 -113.20665515 -113.09390323
2.13      3.30 -113.21739851 -113.08351199 -113.20146371 -113.09944679
2.13      3.40 -113.21277457 -113.08801518 -113.19640952 -113.10438022
2.13      3.50 -113.20830169 -113.09198269 -113.19154122 -113.10874316
2.13      3.60 -113.20400136 -113.09547425 -113.18688139 -113.11259421
2.13      3.70 -113.19988828 -113.09854811 -113.18244997 -113.11598643
2.13      3.80 -113.19597167 -113.10125989 -113.17827174 -113.11895981
2.13      3.90 -113.19225617 -113.10366169 -113.17435511 -113.12156275
2.13      4.00 -113.18874278 -113.10580166 -113.17070968 -113.12383476
2.13      4.10 -113.18542967 -113.10772361 -113.16734187 -113.12581142
2.13      4.20 -113.18231267 -113.10946674 -113.16425309 -113.12752632
2.13      4.40 -113.17664248 -113.11254877 -113.15890775 -113.13028350
2.13      4.60 -113.17167189 -113.11526101 -113.15462545 -113.13230745
2.13      4.80 -113.16732952 -113.11773621 -113.15129369 -113.13377204
2.13      5.00 -113.16354116 -113.12003787 -113.14876456 -113.13481446
2.13      5.20 -113.16023682 -113.12218264 -113.14688599 -113.13553348
2.13      5.40 -113.15735532 -113.12416529 -113.14549932 -113.13602130
2.13      5.60 -113.15484515 -113.12597593 -113.14448298 -113.13633810
2.13      5.80 -113.15266317 -113.12760831 -113.14373800 -113.13653348
2.13      6.00 -113.15077265 -113.12906187 -113.14319033 -113.13664418
2.13      7.00 -113.14469953 -113.13390849 -113.14196208 -113.13664594
2.13      8.00 -113.14232149 -113.13579915 -113.14163653 -113.13648411
2.13      9.00 -113.14168252 -113.13625899 -113.14155785 -113.13638367
2.13     10.00 -113.14157218 -113.13630993 -113.14155330 -113.13632880
2.13     12.00 -113.14156714 -113.13627912 -113.14156688 -113.13627939
2.13     14.00 -113.14144938 -113.13625967 -113.14144938 -113.13625967
2.13     16.00 -113.14148506 -113.13625020 -113.14148506 -113.13625020
2.13     18.00 -113.14151065 -113.13624516 -113.14151065 -113.13624516
2.13     20.00 -113.14152904 -113.13624228 -113.14152904 -113.13624228
          
2.2      0.20 -112.04025972 -111.70214513 -112.04016933 -111.70223551
2.2      0.60 -112.51932048 -112.22074412 -112.51796563 -112.22209897
2.2      0.80 -112.75864572 -112.47607852 -112.75624673 -112.47847751
2.2      1.00 -112.94551991 -112.67347314 -112.94284319 -112.67614987
2.2      1.20 -113.07759919 -112.81153218 -113.07515087 -112.81398050
2.2      1.40 -113.16423298 -112.90114698 -113.16237069 -112.90300928
2.2      1.60 -113.21711543 -112.95553950 -113.21126396 -112.96139097
2.2      1.80 -113.24640824 -112.98632638 -113.23836386 -112.99437076
2.2      2.00 -113.25980971 -113.00308134 -113.24981378 -113.01307727
2.2      2.10 -113.26227881 -113.00891415 -113.25157267 -113.01962029
2.2      2.20 -113.26265857 -113.01395095 -113.25172967 -113.02487985
2.2      2.30 -113.26149401 -113.01891806 -113.25060297 -113.02980909
2.2      2.40 -113.25915909 -113.02470605 -113.24832010 -113.03554503
2.2      2.50 -113.25593506 -113.03153816 -113.24506398 -113.04240923
2.2      2.60 -113.25204929 -113.03908119 -113.24104398 -113.05008649
2.2      2.70 -113.24768558 -113.04685942 -113.23646805 -113.05807695
2.2      2.80 -113.24299263 -113.05448492 -113.23150022 -113.06597734
2.2      2.90 -113.23809092 -113.06170742 -113.22628217 -113.07351617
2.2      3.00 -113.23307778 -113.06839039 -113.22090471 -113.08056345
2.2      3.10 -113.22803153 -113.07447509 -113.21549662 -113.08701000
2.2      3.20 -113.22301487 -113.07995172 -113.21014215 -113.09282445
2.2      3.30 -113.21807757 -113.08483968 -113.20484476 -113.09807248
2.2      3.40 -113.21325863 -113.08917497 -113.19967729 -113.10275631
2.2      3.50 -113.20858801 -113.09300234 -113.19467420 -113.10691615
2.2      3.60 -113.20408810 -113.09637051 -113.18986078 -113.11059783
2.2      3.70 -113.19977487 -113.09932908 -113.18526434 -113.11383961
2.2      3.80 -113.19565901 -113.10192681 -113.18089740 -113.11668842
2.2      3.90 -113.19174681 -113.10421059 -113.17677795 -113.11917944
2.2      4.00 -113.18804111 -113.10622475 -113.17291002 -113.12135584
2.2      4.10 -113.18454190 -113.10801061 -113.16930599 -113.12324652
2.2      4.20 -113.18124691 -113.10960632 -113.16596610 -113.12488712
2.2      4.40 -113.17525216 -113.11236182 -113.16009233 -113.12752165
2.2      4.60 -113.17000950 -113.11472082 -113.15527582 -113.12945451
2.2      4.80 -113.16545613 -113.11684501 -113.15145268 -113.13084846
2.2      5.00 -113.16151936 -113.11882675 -113.14851082 -113.13183529
2.2      5.20 -113.15812260 -113.12069912 -113.14630857 -113.13251315
2.2      5.40 -113.15519271 -113.12245769 -113.14469122 -113.13295918
2.2      5.60 -113.15266593 -113.12408445 -113.14350712 -113.13324326
2.2      5.80 -113.15048965 -113.12556318 -113.14264175 -113.13341108
2.2      6.00 -113.14862104 -113.12688497 -113.14200647 -113.13349955
2.2      7.00 -113.14279879 -113.13122935 -113.14058048 -113.13344766
2.2      8.00 -113.14070705 -113.13276647 -113.14019921 -113.13327432
2.2      9.00 -113.14018452 -113.13308316 -113.14009542 -113.13317227
2.2      10.00 -113.14009018 -113.13310400 -113.14007674 -113.13311744
2.2      12.00 -113.14007584 -113.13306810 -113.14007565 -113.13306829
2.2      14.00 -113.13994822 -113.13304868 -113.13994822 -113.13304868
2.2      16.00 -113.13997962 -113.13303926 -113.13997962 -113.13303926
2.2      18.00 -113.14000266 -113.13303424 -113.14000266 -113.13303424
2.2      20.00 -113.14001943 -113.13303136 -113.14001943 -113.13303136
          
2.3      0.20 -112.19981936 -111.87507533 -112.19976513 -111.87512956
2.3      0.60 -112.60457753 -112.32075385 -112.60316939 -112.32216200
2.3      0.80 -112.81185182 -112.54419410 -112.80958162 -112.54646430
2.3      1.00 -112.97628769 -112.71947022 -112.97385504 -112.72190287
2.3      1.20 -113.09399263 -112.84362348 -113.09174163 -112.84587448
2.3      1.40 -113.17187090 -112.92497319 -113.17016764 -112.92667645
2.3      1.60 -113.21955846 -112.97453163 -113.21565231 -112.97843778
2.3      1.80 -113.24579310 -113.00229382 -113.24028997 -113.00779694
2.3      2.00 -113.25739518 -113.01648495 -113.25021975 -113.02366038
2.3      2.10 -113.25930413 -113.02077977 -113.25138901 -113.02869489
2.3      2.20 -113.25923422 -113.02424772 -113.25084064 -113.03264129
2.3      2.30 -113.25763794 -113.02726663 -113.24910905 -113.03579553
2.3      2.40 -113.25492735 -113.03053523 -113.24641245 -113.03905014
2.3      2.50 -113.25138246 -113.03470658 -113.24288887 -113.04320017
2.3      2.60 -113.24721638 -113.03987595 -113.23869693 -113.04839540
2.3      2.70 -113.24260049 -113.04574137 -113.23399702 -113.05434484
2.3      2.80 -113.23767297 -113.05190322 -113.22891771 -113.06065848
2.3      2.90 -113.23254607 -113.05802993 -113.22361980 -113.06695620
2.3      3.00 -113.22731102 -113.06389702 -113.21816245 -113.07304560
2.3      3.10 -113.22204187 -113.06937267 -113.21267506 -113.07873947
2.3      3.20 -113.21679846 -113.07439137 -113.20721221 -113.08397762
2.3      3.30 -113.21162872 -113.07893123 -113.20181855 -113.08874139
2.3      3.40 -113.20657068 -113.08299753 -113.19652169 -113.09304651
2.3      3.50 -113.20165397 -113.08661182 -113.19136984 -113.09689595
2.3      3.60 -113.19690119 -113.08980481 -113.18638962 -113.10031639
2.3      3.70 -113.19232899 -113.09261198 -113.18159787 -113.10334310
2.3      3.80 -113.18794913 -113.09507070 -113.17701347 -113.10600636
2.3      3.90 -113.18376939 -113.09721861 -113.17264597 -113.10834203
2.3      4.00 -113.17979430 -113.09909260 -113.16850865 -113.11037825
2.3      4.10 -113.17602592 -113.10072814 -113.16460514 -113.11214892
2.3      4.20 -113.17246423 -113.10215900 -113.16093849 -113.11368474
2.3      4.40 -113.16595334 -113.10453136 -113.15434420 -113.11614049
2.3      4.60 -113.16023489 -113.10643582 -113.14873160 -113.11793911
2.3      4.80 -113.15526774 -113.10805701 -113.14409435 -113.11923040
2.3      5.00 -113.15099969 -113.10953171 -113.14038822 -113.12014318
2.3      5.20 -113.14736913 -113.11094337 -113.13754839 -113.12076411
2.3      5.40 -113.14430416 -113.11232085 -113.13546404 -113.12116098
2.3      5.60 -113.14172611 -113.11364943 -113.13397544 -113.12140009
2.3      5.80 -113.13955779 -113.11489420 -113.13292815 -113.12152384
2.3      6.00 -113.13773313 -113.11602368 -113.13218562 -113.12157119
2.3      7.00 -113.13229739 -113.11967532 -113.13057153 -113.12140118
2.3      8.00 -113.13050352 -113.12082918 -113.13013399 -113.12119871
2.3      9.00 -113.13006117 -113.12102789 -113.12999756 -113.12109150
2.3     10.00 -113.12996744 -113.12102665 -113.12995784 -113.12103625
2.3     12.00 -113.12994203 -113.12098727 -113.12994189 -113.12098740
2.3     14.00 -113.12979758 -113.12096793 -113.12979758 -113.12096793
2.3     16.00 -113.12979758 -113.12096793 -113.12979758 -113.12096793
2.3     18.00 -113.12979758 -113.12096793 -113.12979758 -113.12096793
2.3     20.00 -113.12979758 -113.12096793 -113.12979758 -113.12096793
          
2.4      0.20 -112.33261870 -112.02114704 -112.33258678 -112.02117897
2.4      0.60 -112.67491281 -112.40523656 -112.67345678 -112.40669259
2.4      0.80 -112.85416656 -112.60046819 -112.85216722 -112.60246754
2.4      1.00 -112.99844134 -112.75563130 -112.99631850 -112.75775415
2.4      1.20 -113.10290006 -112.86679401 -113.10091903 -112.86877504
2.4      1.40 -113.17252277 -112.94022288 -113.17091168 -112.94183397
2.4      1.60 -113.21521419 -112.98505493 -113.21283095 -112.98743817
2.4      1.80 -113.23846620 -113.00987761 -113.23493233 -113.01341148
2.4      2.00 -113.24829783 -113.02182082 -113.24342471 -113.02669393
2.4      2.10 -113.24963264 -113.02489030 -113.24411308 -113.03040986
2.4      2.20 -113.24915626 -113.02699387 -113.24309568 -113.03305445
2.4      2.30 -113.24720714 -113.02861419 -113.24084814 -113.03497319
2.4      2.40 -113.24415966 -113.03006752 -113.23770207 -113.03652511
2.4      2.50 -113.24032425 -113.03200494 -113.23387910 -113.03845009
2.4      2.60 -113.23591140 -113.03490111 -113.22948329 -113.04132922
2.4      2.70 -113.23108172 -113.03876133 -113.22464235 -113.04520071
2.4      2.80 -113.22596351 -113.04330169 -113.21948012 -113.04978508
2.4      2.90 -113.22066032 -113.04817609 -113.21409607 -113.05474035
2.4      3.00 -113.21525650 -113.05309640 -113.20858648 -113.05976642
2.4      3.10 -113.20982088 -113.05786158 -113.20300867 -113.06467379
2.4      3.20 -113.20440941 -113.06234745 -113.19749394 -113.06926292
2.4      3.30 -113.19906731 -113.06648648 -113.19201179 -113.07354200
2.4      3.40 -113.19383051 -113.07024973 -113.18662946 -113.07745079
2.4      3.50 -113.18872725 -113.07363290 -113.18139365 -113.08096650
2.4      3.60 -113.18377916 -113.07664706 -113.17629602 -113.08413019
2.4      3.70 -113.17900235 -113.07931239 -113.17137304 -113.08694170
2.4      3.80 -113.17440841 -113.08165417 -113.16663652 -113.08942606
2.4      3.90 -113.17000528 -113.08370017 -113.16209032 -113.09161512
2.4      4.00 -113.16579795 -113.08547911 -113.15775799 -113.09351907
2.4      4.10 -113.16178918 -113.08701960 -113.15363087 -113.09517791
2.4      4.20 -113.15797992 -113.08834958 -113.14971395 -113.09661555
2.4      4.40 -113.15095708 -113.09048391 -113.14252356 -113.09891742
2.4      4.60 -113.14471375 -113.09207934 -113.13619919 -113.10059391
2.4      4.80 -113.13922206 -113.09330692 -113.13073853 -113.10179045
2.4      5.00 -113.13444671 -113.09430991 -113.12612262 -113.10263401
2.4      5.20 -113.13034839 -113.09520297 -113.12234491 -113.10320646
2.4      5.40 -113.12689052 -113.09607300 -113.11938054 -113.10358298
2.4      5.60 -113.12403329 -113.09697308 -113.11720466 -113.10380171
2.4      5.80 -113.12173195 -113.09791555 -113.11573901 -113.10390850
2.4      6.00 -113.11992149 -113.09886544 -113.11486476 -113.10392217
2.4      7.00 -113.11520040 -113.10208515 -113.11374571 -113.10353985
2.4      8.00 -113.11374736 -113.10297190 -113.11345145 -113.10326781
2.4      9.00 -113.11335775 -113.10309525 -113.11330727 -113.10314573
2.4     10.00 -113.11325906 -113.10308070 -113.11325144 -113.10308832
2.4     12.00 -113.11321419 -113.10303944 -113.11321408 -113.10303955
2.4     14.00 -113.11314120 -113.10302021 -113.11314120 -113.10302021
2.4     16.00 -113.11306437 -113.10301090 -113.11306437 -113.10301090
2.4     18.00 -113.11307915 -113.10300593 -113.11307915 -113.10300593
2.4     20.00 -113.11309068 -113.10300308 -113.11309068 -113.10300308
          
2.5      0.20 -112.44377080 -112.15141108 -112.44375346 -112.15142842
2.5      0.60 -112.73337001 -112.47806932 -112.73197106 -112.47946827
2.5      0.80 -112.88810722 -112.64802141 -112.88636695 -112.64976168
2.5      1.00 -113.01429674 -112.78477402 -113.01246121 -112.78660956
2.5      1.20 -113.10659355 -112.88375763 -113.10479772 -112.88555346
2.5      1.40 -113.16847537 -112.94957963 -113.16701925 -112.95103574
2.5      1.60 -113.20639592 -112.98977738 -113.20539435 -112.99077895
2.5      1.80 -113.22676104 -113.01170777 -113.22469517 -113.01377364
2.5      2.00 -113.23486744 -113.02157182 -113.23179992 -113.02463934
2.5      2.10 -113.23563213 -113.02362963 -113.23205659 -113.02720517
2.5      2.20 -113.23474498 -113.02458831 -113.23071289 -113.02862039
2.5      2.30 -113.23250714 -113.02500563 -113.22809890 -113.02941387
2.5      2.40 -113.22918871 -113.02517147 -113.22457590 -113.02978428
2.5      2.50 -113.22509631 -113.02540061 -113.22043341 -113.03006350
2.5      2.60 -113.22046508 -113.02629349 -113.21581117 -113.03094741
2.5      2.70 -113.21545285 -113.02818847 -113.21080981 -113.03283151
2.5      2.80 -113.21017971 -113.03102349 -113.20552911 -113.03567408
2.5      2.90 -113.20474103 -113.03452375 -113.20006612 -113.03919866
2.5      3.00 -113.19921405 -113.03838053 -113.19449213 -113.04310244
2.5      3.10 -113.19366171 -113.04233864 -113.18888607 -113.04711428
2.5      3.20 -113.18813550 -113.04621707 -113.18330447 -113.05104810
2.5      3.30 -113.18267708 -113.04990023 -113.17777734 -113.05479996
2.5      3.40 -113.17731977 -113.05332152 -113.17233864 -113.05830266
2.5      3.50 -113.17208966 -113.05644823 -113.16703010 -113.06150779
2.5      3.60 -113.16700673 -113.05926991 -113.16187823 -113.06439841
2.5      3.70 -113.16208579 -113.06179048 -113.15687356 -113.06700272
2.5      3.80 -113.15733738 -113.06402257 -113.15204418 -113.06931577
2.5      3.90 -113.15276866 -113.06598401 -113.14738694 -113.07136573
2.5      4.00 -113.14838408 -113.06769547 -113.14292558 -113.07315398
2.5      4.10 -113.14418599 -113.06917897 -113.13865488 -113.07471007
2.5      4.20 -113.14017511 -113.07045679 -113.13456663 -113.07606527
2.5      4.40 -113.13271171 -113.07248248 -113.12696482 -113.07822937
2.5      4.60 -113.12597778 -113.07393663 -113.12010896 -113.07980545
2.5      4.80 -113.11994502 -113.07496282 -113.11397810 -113.08092974
2.5      5.00 -113.11457592 -113.07568047 -113.10854650 -113.08170989
2.5      5.20 -113.10982683 -113.07618499 -113.10375887 -113.08225295
2.5      5.40 -113.10565131 -113.07654950 -113.09958471 -113.08261610
2.5      5.60 -113.10200230 -113.07682838 -113.09597724 -113.08285344
2.5      5.80 -113.09883581 -113.07706132 -113.09290089 -113.08299624
2.5      6.00 -113.09611320 -113.07727865 -113.09031284 -113.08307901
2.5      7.00 -113.09032791 -113.08037339 -113.08798793 -113.08271336
2.5      8.00 -113.09245542 -113.08167884 -113.09218841 -113.08194585
2.5      9.00 -113.09243340 -113.08171168 -113.09239022 -113.08175486
2.5     10.00 -113.09237789 -113.08167859 -113.09237142 -113.08168506
2.5     12.00 -113.09232130 -113.08163442 -113.09232120 -113.08163451
2.5     14.00 -113.09224590 -113.08161534 -113.09224590 -113.08161534
2.5     16.00 -113.09214702 -113.08160609 -113.09214702 -113.08160609
2.5     18.00 -113.09215733 -113.08160115 -113.09215733 -113.08160115
2.5     20.00 -113.09216601 -113.08159831 -113.09216601 -113.08159831
          
2.6      0.20 -112.53705522 -112.27248664 -112.53705354 -112.27248832
2.6      0.60 -112.78225511 -112.54249005 -112.78092951 -112.54381565
2.6      0.80 -112.91553606 -112.68933000 -112.91396926 -112.69089680
2.6      1.00 -113.02553101 -112.80907252 -113.02386980 -112.81073373
2.6      1.20 -113.10670155 -112.89657856 -113.10517047 -112.89810964
2.6      1.40 -113.16136320 -112.95507191 -113.16013460 -112.95630051
2.6      1.60 -113.19475814 -112.99071189 -113.19380873 -112.99166130
2.6      1.80 -113.21234933 -113.00977234 -113.21135124 -113.01077043
2.6      2.00 -113.21878711 -113.01764550 -113.21711133 -113.01932128
2.6      2.10 -113.21899668 -113.01881568 -113.21693726 -113.02087509
2.6      2.20 -113.21769781 -113.01882727 -113.21525101 -113.02127407
2.6      2.30 -113.21518044 -113.01817834 -113.21238437 -113.02097441
2.6      2.40 -113.21166515 -113.01728095 -113.20860357 -113.02034254
2.6      2.50 -113.20737062 -113.01629091 -113.20417243 -113.01948910
2.6      2.60 -113.20254886 -113.01555518 -113.19931882 -113.01878522
2.6      2.70 -113.19737907 -113.01563056 -113.19415335 -113.01885628
2.6      2.80 -113.19197907 -113.01674755 -113.18876069 -113.01996594
2.6      2.90 -113.18643747 -113.01878900 -113.18322202 -113.02200446
2.6      3.00 -113.18082452 -113.02148244 -113.17758765 -113.02471931
2.6      3.10 -113.17519714 -113.02454442 -113.17194701 -113.02779455
2.6      3.20 -113.16960182 -113.02774445 -113.16633336 -113.03101291
2.6      3.30 -113.16407631 -113.03091814 -113.16079374 -113.03420072
2.6      3.40 -113.15865084 -113.03395837 -113.15533701 -113.03727220
2.6      3.50 -113.15334905 -113.03680100 -113.15000545 -113.04014460
2.6      3.60 -113.14818892 -113.03941195 -113.14481393 -113.04278695
2.6      3.70 -113.14318361 -113.04177732 -113.13977412 -113.04518682
2.6      3.80 -113.13834230 -113.04389637 -113.13490755 -113.04733112
2.6      3.90 -113.13367098 -113.04577671 -113.13020220 -113.04924549
2.6      4.00 -113.12917309 -113.04743114 -113.12566421 -113.05094002
2.6      4.10 -113.12485012 -113.04887541 -113.12131418 -113.05241135
2.6      4.20 -113.12070199 -113.05012690 -113.11713030 -113.05369859
2.6      4.40 -113.11292412 -113.05212266 -113.10927652 -113.05577025
2.6      4.60 -113.10581791 -113.05355670 -113.10210105 -113.05727356
2.6      4.80 -113.09934920 -113.05455252 -113.09556075 -113.05834097
2.6      5.00 -113.09347396 -113.05521216 -113.08959092 -113.05909519
2.6      5.20 -113.08814111 -113.05561321 -113.08414055 -113.05961376
2.6      5.40 -113.08329715 -113.05580731 -113.07913844 -113.05996602
2.6      5.60 -113.07889347 -113.05581753 -113.07450783 -113.06020317
2.6      5.80 -113.07489946 -113.05563295 -113.07016905 -113.06036336
2.6      6.00 -113.07132252 -113.05519832 -113.06605250 -113.06046833
2.6      7.00 -113.06205914 -113.04666285 -113.06068259 -113.04803940
2.6      8.00 -113.06082689 -113.03769346 -113.06064031 -113.03788004
2.6      9.00 -113.05954239 -113.03459388 -113.05951553 -113.03462074
2.6     10.00 -113.05945736 -113.03401359 -113.05945459 -113.03401636
2.6     12.00 -113.06902532 -113.05850491 -113.06902524 -113.05850499
2.6     14.00 -113.06900089 -113.05848415 -113.06900089 -113.05848415
2.6     16.00 -113.06882572 -113.05847496 -113.06882572 -113.05847496
2.6     18.00 -113.06883138 -113.05847005 -113.06883138 -113.05847005
2.6     20.00 -113.06883709 -113.05846723 -113.06883709 -113.05846723
         
2.7      0.20 -112.61578233 -112.37974307 -112.51434333 -112.48118207
2.7      0.60 -112.82331216 -112.60107790 -112.75112158 -112.67326848
2.7      0.80 -112.93782613 -112.72631591 -112.88947979 -112.77466225
2.7      1.00 -113.03334870 -112.83018821 -113.00190307 -112.86163384
2.7      1.20 -113.10437756 -112.90681924 -113.08400235 -112.92719445
2.7      1.40 -113.15233891 -112.95822901 -113.15212590 -112.95844202
2.7      1.60 -113.18146805 -112.98937512 -113.18052453 -112.99031864
2.7      1.80 -113.19641272 -113.00557162 -113.19433440 -113.00764994
2.7      2.00 -113.20124802 -113.01149545 -113.19778504 -113.01495843
2.7      2.10 -113.20092310 -113.01184784 -113.19668870 -113.01608224
2.7      2.20 -113.19922288 -113.01104353 -113.19419812 -113.01606828
2.7      2.30 -113.19642081 -113.00949672 -113.19063032 -113.01528721
2.7      2.40 -113.19273181 -113.00761255 -113.18613944 -113.01420493
2.7      2.50 -113.18831402 -113.00567617 -113.18100100 -113.01298919
2.7      2.60 -113.18334672 -113.00375406 -113.17550960 -113.01159118
2.7      2.70 -113.17804107 -113.00225112 -113.16988289 -113.01040931
2.7      2.80 -113.17253489 -113.00169315 -113.16414139 -113.01008666
2.7      2.90 -113.16691472 -113.00221813 -113.15835070 -113.01078215
2.7      3.00 -113.16124468 -113.00365881 -113.15253657 -113.01236692
2.7      3.10 -113.15557554 -113.00573911 -113.14675956 -113.01455509
2.7      3.20 -113.14994847 -113.00819180 -113.14107954 -113.01706073
2.7      3.30 -113.14439694 -113.01080468 -113.13551010 -113.01969152
2.7      3.40 -113.13894782 -113.01342696 -113.13009622 -113.02227857
2.7      3.50 -113.13362212 -113.01595947 -113.12481545 -113.02476614
2.7      3.60 -113.12843572 -113.01834148 -113.11971036 -113.02706684
2.7      3.70 -113.12340011 -113.02053925 -113.11478228 -113.02915708
2.7      3.80 -113.11852309 -113.02253738 -113.11003627 -113.03102420
2.7      3.90 -113.11380953 -113.02433258 -113.10549958 -113.03264252
2.7      4.00 -113.10926191 -113.02592943 -113.10112018 -113.03407116
2.7      4.10 -113.10488093 -113.02733757 -113.09692339 -113.03529512
2.7      4.20 -113.10066586 -113.02856956 -113.09290389 -113.03633153
2.7      4.40 -113.09272505 -113.03056257 -113.08538017 -113.03790746
2.7      4.60 -113.08541420 -113.03202618 -113.07851919 -113.03892119
2.7      4.80 -113.07869693 -113.03307162 -113.07224970 -113.03951884
2.7      5.00 -113.07252881 -113.03379448 -113.06651009 -113.03981320
2.7      5.20 -113.06686200 -113.03427107 -113.06125934 -113.03987373
2.7      5.40 -113.06165143 -113.03455740 -113.05641788 -113.03979096
2.7      5.60 -113.05686422 -113.03468893 -113.05195143 -113.03960172
2.7      5.80 -113.05249196 -113.03467906 -113.04781355 -113.03935747
2.7      6.00 -113.04856249 -113.03451493 -113.04399854 -113.03907888
2.7      7.00 -113.03833378 -113.02972478 -113.03777787 -113.03028069
2.7      8.00 -113.03715106 -113.02510008 -113.03713347 -113.02511767
2.7      9.00 -113.03691870 -113.02391250 -113.03691816 -113.02391304
2.7     10.00 -113.03684092 -113.02366447 -113.03684090 -113.02366449
2.7     12.00 -113.03678516 -113.02357537 -113.03678516 -113.02357537
2.7     14.00 -113.03676402 -113.02355201 -113.03676402 -113.02355201
2.7     16.00 -113.03675386 -113.02354115 -113.03675386 -113.02354115
2.7     18.00 -113.03674845 -113.02353545 -113.03674845 -113.02353545
2.7     20.00 -113.03674537 -113.02353223 -113.03674537 -113.02353223
          
2.8      0.20 -112.68230328 -112.47286531 -112.66462455 -112.49054404
2.8      0.60 -112.85782828 -112.65541262 -112.76428463 -112.74895628
2.8      0.80 -112.95598471 -112.76033134 -112.88082446 -112.83549159
2.8      1.00 -113.03860674 -112.84932816 -112.98728425 -112.90065065
2.8      1.20 -113.10042633 -112.91563062 -113.06526551 -112.95079144
2.8      1.40 -113.14220103 -112.96018652 -113.11867586 -112.98371169
2.8      1.60 -113.16733371 -112.98689917 -113.15128613 -113.00294675
2.8      1.80 -113.17977085 -113.00023059 -113.17921769 -113.00078376
2.8      2.00 -113.18307819 -113.00422018 -113.18181545 -113.00548293
2.8      2.10 -113.18224294 -113.00379345 -113.18052471 -113.00551168
2.8      2.20 -113.18015819 -113.00225323 -113.17793935 -113.00447207
2.8      2.30 -113.17707630 -112.99994374 -113.17432963 -113.00269041
2.8      2.40 -113.17320483 -112.99720202 -113.16993828 -113.00046857
2.8      2.50 -113.16870031 -112.99435821 -113.16487465 -112.99818386
2.8      2.60 -113.16367038 -112.99159040 -113.15934559 -112.99591520
2.8      2.70 -113.15826385 -112.98889912 -113.15357427 -112.99358870
2.8      2.80 -113.15266603 -112.98678029 -113.14776373 -112.99168258
2.8      2.90 -113.14698307 -112.98574259 -113.14186717 -112.99085849
2.8      3.00 -113.14127653 -112.98583548 -113.13600751 -112.99110450
2.8      3.10 -113.13559078 -112.98684006 -113.13019750 -112.99223333
2.8      3.20 -113.12996119 -112.98847084 -113.12446638 -112.99396565
2.8      3.30 -113.12441654 -112.99047019 -113.11887134 -112.99601538
2.8      3.40 -113.11898005 -112.99263916 -113.11338123 -112.99823799
2.8      3.50 -113.11366980 -112.99483866 -113.10805107 -113.00045739
2.8      3.60 -113.10849974 -112.99697665 -113.10287880 -113.00259760
2.8      3.70 -113.10347959 -112.99899684 -113.09788097 -113.00459547
2.8      3.80 -113.09861598 -113.00086709 -113.09305517 -113.00642791
2.8      3.90 -113.09391282 -113.00257203 -113.08841478 -113.00807008
2.8      4.00 -113.08937209 -113.00410724 -113.08396448 -113.00951486
2.8      4.10 -113.08499400 -113.00547589 -113.07969224 -113.01077765
2.8      4.20 -113.08077737 -113.00668569 -113.07558392 -113.01187914
2.8      4.40 -113.07282048 -113.00867225 -113.06790925 -113.01358347
2.8      4.60 -113.06547790 -113.01016447 -113.06092862 -113.01471375
2.8      4.80 -113.05871844 -113.01126165 -113.05451275 -113.01546734
2.8      5.00 -113.05250673 -113.01205341 -113.04866599 -113.01589415
2.8      5.20 -113.04680907 -113.01261424 -113.04334471 -113.01607860
2.8      5.40 -113.04159708 -113.01300360 -113.03851285 -113.01608783
2.8      5.60 -113.03685589 -113.01326648 -113.03414872 -113.01597366
2.8      5.80 -113.03258090 -113.01343680 -113.03023738 -113.01578032
2.8      6.00 -113.02878133 -113.01353900 -113.02678015 -113.01554018
2.8      7.00 -113.01688574 -113.01350731 -113.01603119 -113.01436186
2.8      8.00 -113.01389360 -113.01271294 -113.01380142 -113.01280512
2.8      9.00 -113.01361610 -113.01209295 -113.01361219 -113.01209686
2.8     10.00 -113.01354100 -113.01193409 -113.01354027 -113.01193482
2.8     12.00 -113.01048788 -113.00786782 -113.01048788 -113.00786782
2.8     14.00 -113.01046499 -113.00785544 -113.01046498 -113.00785545
2.8     16.00 -113.01045431 -113.00784961 -113.01045427 -113.00784965
2.8     18.00 -113.01044864 -113.00784675 -113.01044857 -113.00784682
2.8     20.00 -113.01044539 -113.00784504 -113.01044528 -113.00784515

2.9      0.20 -112.73852977 -112.55334858 -112.66205031 -112.62982804
2.9      0.60 -112.88675438 -112.70527820 -112.81037879 -112.78165379
2.9      0.80 -112.97074291 -112.79212022 -112.91604703 -112.84681610
2.9      1.00 -113.04190807 -112.86725812 -113.00447887 -112.90468732
2.9      1.20 -113.09539954 -112.92379675 -113.06981894 -112.94937735
2.9      1.40 -113.13149067 -112.96174939 -113.13107559 -112.96216447
2.9      1.60 -113.15290168 -112.98410615 -113.15286970 -112.98413813
2.9      1.80 -113.16297920 -112.99457873 -113.16290877 -112.99464916
2.9      2.00 -113.16484026 -112.99663898 -113.16438921 -112.99709002
2.9      2.10 -113.16352155 -112.99545489 -113.16277977 -112.99619667
2.9      2.20 -113.16107255 -112.99322729 -113.15998552 -112.99431433
2.9      2.30 -113.15772350 -112.99024599 -113.15625223 -112.99171726
2.9      2.40 -113.15366833 -112.98678594 -113.15180457 -112.98864970
2.9      2.50 -113.14906352 -112.98312176 -113.14675007 -112.98543521
2.9      2.60 -113.14402049 -112.97952417 -113.14123278 -112.98231188
2.9      2.70 -113.13860366 -112.97608315 -113.13536120 -112.97932561
2.9      2.80 -113.13293793 -112.97273311 -113.12935327 -112.97631777
2.9      2.90 -113.12719816 -112.97011444 -113.12338678 -112.97392582
2.9      3.00 -113.12146584 -112.96873245 -113.11746253 -112.97273576
2.9      3.10 -113.11578027 -112.96853546 -113.11162408 -112.97269164
2.9      3.20 -113.11016978 -112.96924834 -113.10589881 -112.97351930
2.9      3.30 -113.10465742 -112.97057024 -113.10030453 -112.97492313
2.9      3.40 -113.09926208 -112.97224785 -113.09484951 -112.97666042
2.9      3.50 -113.09399883 -112.97409301 -113.08955397 -112.97853787
2.9      3.60 -113.08887919 -112.97597636 -113.08442998 -112.98042556
2.9      3.70 -113.08391145 -112.97781380 -113.07947532 -112.98224993
2.9      3.80 -113.07910116 -112.97955362 -113.07470029 -112.98395449
2.9      3.90 -113.07445154 -112.98116651 -113.07010642 -112.98551163
2.9      4.00 -113.06996409 -112.98263830 -113.06569016 -112.98691223
2.9      4.10 -113.06563898 -112.98396485 -113.06147180 -112.98813203
2.9      4.20 -113.06147532 -112.98514868 -113.05741676 -112.98920724
2.9      4.40 -113.05362571 -112.98711707 -113.04984240 -112.99090037
2.9      4.60 -113.04639775 -112.98861939 -113.04291831 -112.99209883
2.9      4.80 -113.03977015 -112.98974155 -113.03663061 -112.99288109
2.9      5.00 -113.03372197 -112.99056351 -113.03094729 -112.99333820
2.9      5.20 -113.02823626 -112.99115282 -113.02584842 -112.99354066
2.9      5.40 -113.02330294 -112.99156322 -113.02129786 -112.99356830
2.9      5.60 -113.01891906 -112.99183585 -113.01728685 -112.99346806
2.9      5.80 -113.01508515 -112.99200163 -113.01380805 -112.99327873
2.9      6.00 -113.01179859 -112.99208399 -113.01083797 -112.99304461
2.9      7.00 -113.00255766 -112.99181785 -113.00244284 -112.99193268
2.9      8.00 -113.00019863 -112.99142218 -113.00019318 -112.99142763
2.9      9.00 -112.99969371 -112.99125360 -112.99969351 -112.99125380
2.9     10.00 -112.99956680 -112.99118495 -112.99956679 -112.99118496
2.9     12.00 -112.99949889 -112.99113146 -112.99949889 -112.99113146
2.9     14.00 -112.99947599 -112.99111057 -112.99947599 -112.99111057
2.9     16.00 -112.99946521 -112.99110050 -112.99946521 -112.99110050
2.9     18.00 -112.99945954 -112.99109513 -112.99945954 -112.99109513
2.9     20.00 -112.99945634 -112.99109206 -112.99945634 -112.99109206
          
3.0      0.20 -112.78583966 -112.62264734 -112.71170414 -112.69678286
3.0      0.60 -112.91093903 -112.74967830 -112.84809308 -112.81252426
3.0      0.80 -112.98262353 -112.82185066 -112.93610339 -112.86837080
3.0      1.00 -113.04367228 -112.88433580 -113.01039688 -112.91761121
3.0      1.20 -113.08966827 -112.93176414 -113.06617690 -112.95525551
3.0      1.40 -113.12056530 -112.96343001 -113.11833998 -112.96565533
3.0      1.60 -113.13853142 -112.98155499 -113.13768791 -112.98239850
3.0      1.80 -113.14640385 -112.98920293 -113.14625542 -112.98935136
3.0      2.00 -113.14690622 -112.98934708 -113.14689987 -112.98935343
3.0      2.10 -113.14513325 -112.98742168 -113.14504800 -112.98750693
3.0      2.20 -113.14234264 -112.98453956 -113.14209939 -112.98478282
3.0      2.30 -113.13874314 -112.98094759 -113.13827634 -112.98141439
3.0      2.40 -113.13451277 -112.97687247 -113.13377396 -112.97761128
3.0      2.50 -113.12979987 -112.97253188 -113.12876711 -112.97356464
3.0      2.60 -113.12472227 -112.96814980 -113.12334135 -112.96953072
3.0      2.70 -113.11935751 -112.96395368 -113.11759750 -112.96571370
3.0      2.80 -113.11372962 -112.95996403 -113.11161519 -112.96207846
3.0      2.90 -113.10794196 -112.95601318 -113.10553171 -112.95842342
3.0      3.00 -113.10217909 -112.95298531 -113.09959509 -112.95556931
3.0      3.10 -113.09649976 -112.95138682 -113.09377151 -112.95411507
3.0      3.20 -113.09092212 -112.95103507 -113.08810294 -112.95385424
3.0      3.30 -113.08546063 -112.95158734 -113.08257584 -112.95447212
3.0      3.40 -113.08012844 -112.95272300 -113.07719602 -112.95565542
3.0      3.50 -113.07493674 -112.95419064 -113.07197648 -112.95715090
3.0      3.60 -113.06989446 -112.95581161 -113.06691587 -112.95879020
3.0      3.70 -113.06500821 -112.95746666 -113.06202566 -112.96044921
3.0      3.80 -113.06028249 -112.95907977 -113.05731288 -112.96204938
3.0      3.90 -113.05571999 -112.96060505 -113.05277959 -112.96354545
3.0      4.00 -113.05132200 -112.96201697 -113.04842633 -112.96491264
3.0      4.10 -113.04708876 -112.96330356 -113.04425311 -112.96613921
3.0      4.20 -113.04301982 -112.96446171 -113.04027624 -112.96720528
3.0      4.40 -113.03537064 -112.96640667 -113.03281491 -112.96896240
3.0      4.60 -113.02836422 -112.96790609 -113.02603838 -112.97023193
3.0      4.80 -113.02198954 -112.96903242 -113.01993182 -112.97109014
3.0      5.00 -113.01623720 -112.96985630 -113.01447150 -112.97162201
3.0      5.20 -113.01110098 -112.97043869 -113.00963508 -112.97190458
3.0      5.40 -113.00657645 -112.97082908 -113.00541084 -112.97199469
3.0      5.60 -113.00265761 -112.97106706 -113.00176515 -112.97195952
3.0      5.80 -112.99933099 -112.97118528 -112.99867891 -112.97183736
3.0      6.00 -112.99656962 -112.97121178 -112.99611651 -112.97166489
3.0      7.00 -112.98933081 -112.97076065 -112.98929303 -112.97079843
3.0      8.00 -112.98756360 -112.97038428 -112.98756202 -112.97038586
3.0      9.00 -112.98716545 -112.97023274 -112.98716539 -112.97023280
3.0     10.00 -112.98705607 -112.97016794 -112.98705607 -112.97016794
3.0     12.00 -112.98699140 -112.97011548 -112.98699140 -112.97011548
3.0     14.00 -112.98696866 -112.97009472 -112.98696866 -112.97009472
3.0     16.00 -112.98695792 -112.97008469 -112.98695792 -112.97008469
3.0     18.00 -112.98695227 -112.97007935 -112.98695227 -112.97007935
3.0     20.00 -112.98694907 -112.97007628 -112.98694907 -112.97007628
          
3.1      0.20 -112.82598131 -112.68241880 -112.76893777 -112.73946235
3.1      0.60 -112.93108275 -112.78860535 -112.86980030 -112.84988780
3.1      0.80 -112.99201684 -112.84909994 -112.94589261 -112.89522417
3.1      1.00 -113.04418746 -112.90060456 -113.01016458 -112.93462744
3.1      1.20 -113.08347670 -112.93969761 -113.05880613 -112.96436818
3.1      1.40 -113.10965452 -112.96548675 -113.09173673 -112.98340457
3.1      1.60 -113.12445221 -112.97957612 -113.12255405 -112.98147429
3.1      1.80 -113.13027860 -112.98448404 -113.12949064 -112.98527199
3.1      2.00 -113.12951470 -112.98275345 -113.12933047 -112.98293768
3.1      2.10 -113.12731849 -112.98010758 -113.12726855 -112.98015753
3.1      2.20 -113.12421047 -112.97660050 -113.12420971 -112.97660126
3.1      2.30 -113.12037939 -112.97244442 -113.12035464 -112.97246917
3.1      2.40 -113.11598742 -112.96782980 -113.11587635 -112.96794088
3.1      2.50 -113.11117150 -112.96293189 -113.11092537 -112.96317801
3.1      2.60 -113.10604511 -112.95792099 -113.10563669 -112.95832941
3.1      2.70 -113.10069710 -112.95297761 -113.10007825 -112.95359646
3.1      2.80 -113.09518137 -112.94829934 -113.09432017 -112.94916053
3.1      2.90 -113.08948349 -112.94386792 -113.08835919 -112.94499222
3.1      3.00 -113.08367402 -112.93930744 -113.08237736 -112.94060410
3.1      3.10 -113.07798375 -112.93595236 -113.07657853 -112.93735758
3.1      3.20 -113.07244133 -112.93427445 -113.07095003 -112.93576574
3.1      3.30 -113.06704236 -112.93390208 -113.06548369 -112.93546074
3.1      3.40 -113.06178964 -112.93441531 -113.06017369 -112.93603126
3.1      3.50 -113.05668860 -112.93547171 -113.05502190 -112.93713841
3.1      3.60 -113.05174473 -112.93682263 -113.05004282 -112.93852454
3.1      3.70 -113.04696264 -112.93830033 -113.04522994 -112.94003303
3.1      3.80 -113.04234570 -112.93979689 -113.04059552 -112.94154707
3.1      3.90 -113.03789603 -112.94124576 -113.03614111 -112.94300067
3.1      4.00 -113.03361477 -112.94260799 -113.03186792 -112.94435484
3.1      4.10 -113.02950233 -112.94386285 -113.02778832 -112.94557685
3.1      4.20 -113.02555857 -112.94500148 -113.02387769 -112.94668236
3.1      4.40 -113.01817543 -112.94692917 -113.01660207 -112.94850254
3.1      4.60 -113.01146108 -112.94842543 -113.01003686 -112.94984966
3.1      4.80 -113.00541117 -112.94955192 -113.00416349 -112.95079961
3.1      5.00 -113.00002152 -112.95037310 -112.99897101 -112.95142361
3.1      5.20 -112.99528670 -112.95094702 -112.99443997 -112.95179376
3.1      5.40 -112.99119620 -112.95132309 -112.99054544 -112.95197385
3.1      5.60 -112.98772987 -112.95154345 -112.98725264 -112.95202067
3.1      5.80 -112.98485353 -112.95164482 -112.98452056 -112.95197779
3.1      6.00 -112.98251762 -112.95165970 -112.98229605 -112.95188127
3.1      7.00 -112.97661421 -112.95125806 -112.97659848 -112.95127379
3.1      8.00 -112.97518862 -112.95094498 -112.97518798 -112.95094563
3.1      9.00 -112.97485288 -112.95081068 -112.97485286 -112.95081070
3.1     10.00 -112.97475405 -112.95074940 -112.97475405 -112.95074940
3.1     12.00 -112.97469150 -112.95069787 -112.97469150 -112.95069787
3.1     14.00 -112.97466890 -112.95067725 -112.97466890 -112.95067725
3.1     16.00 -112.97465821 -112.95066726 -112.97465821 -112.95066726
3.1     18.00 -112.97465258 -112.95066193 -112.97465258 -112.95066193
3.1     20.00 -112.97464939 -112.95065887 -112.97464939 -112.95065887
          
3.2      0.20 -112.85952616 -112.73358662 -112.82982869 -112.76328409
3.2      0.60 -112.94773366 -112.82243204 -112.88125985 -112.88890586
3.2      0.80 -112.99928816 -112.87321625 -112.94779658 -112.92470783
3.2      1.00 -113.04365348 -112.91588365 -113.00406063 -112.95547650
3.2      1.20 -113.07698289 -112.94758419 -113.04692912 -112.97763796
3.2      1.40 -113.09890059 -112.96799352 -113.07623385 -112.99066025
3.2      1.60 -113.11080449 -112.97832090 -113.09376565 -112.99535974
3.2      1.80 -113.11474727 -112.98063594 -113.10218932 -112.99319389
3.2      2.00 -113.11281333 -112.97711587 -113.11229938 -112.97762982
3.2      2.10 -113.11022659 -112.97378438 -113.10993888 -112.97407209
3.2      2.20 -113.10682689 -112.96968944 -113.10669235 -112.96982397
3.2      2.30 -113.10278473 -112.96501502 -113.10274133 -112.96505842
3.2      2.40 -113.09824704 -112.95992361 -113.09824393 -112.95992672
3.2      2.50 -113.09333918 -112.95456020 -113.09333187 -112.95456751
3.2      2.60 -113.08816649 -112.94905787 -113.08812101 -112.94910334
3.2      2.70 -113.08281575 -112.94354666 -113.08270184 -112.94366058
3.2      2.80 -113.07735468 -112.93816788 -113.07714727 -112.93837530
3.2      2.90 -113.07182286 -112.93309086 -113.07150488 -112.93340885
3.2      3.00 -113.06617543 -112.92831965 -113.06574850 -112.92874658
3.2      3.10 -113.06040804 -112.92303994 -113.05994329 -112.92350470
3.2      3.20 -113.05487041 -112.91946730 -113.05436255 -112.91997516
3.2      3.30 -113.04953512 -112.91787215 -113.04897223 -112.91843505
3.2      3.40 -113.04437278 -112.91761650 -113.04375397 -112.91823532
3.2      3.50 -113.03937723 -112.91820125 -113.03870021 -112.91887826
3.2      3.60 -113.03454852 -112.91926736 -113.03381952 -112.91999636
3.2      3.70 -113.02988854 -112.92057464 -113.02911050 -112.92135268
3.2      3.80 -113.02539918 -112.92197002 -113.02458177 -112.92278743
3.2      3.90 -113.02108198 -112.92335957 -113.02023356 -112.92420799
3.2      4.00 -113.01693784 -112.92468802 -113.01607695 -112.92554891
3.2      4.10 -113.01296725 -112.92592473 -113.01209424 -112.92679773
3.2      4.20 -113.00917034 -112.92705480 -113.00829630 -112.92792884
3.2      4.40 -113.00209740 -112.92898069 -113.00125838 -112.92981970
3.2      4.60 -112.99571785 -112.93048371 -112.99494403 -112.93125753
3.2      4.80 -112.99002934 -112.93161857 -112.98934829 -112.93229962
3.2      5.00 -112.98502637 -112.93244715 -112.98445606 -112.93301746
3.2      5.20 -112.98069700 -112.93302743 -112.98024367 -112.93348075
3.2      5.40 -112.97701865 -112.93341054 -112.97667631 -112.93375288
3.2      5.60 -112.97395467 -112.93364093 -112.97371337 -112.93388224
3.2      5.80 -112.97145368 -112.93375739 -112.97128917 -112.93392190
3.2      6.00 -112.96945179 -112.93379305 -112.96934460 -112.93390023
3.2      7.00 -112.96449407 -112.93352256 -112.96448684 -112.93352979
3.2      8.00 -112.96329413 -112.93327199 -112.96329385 -112.93327227
3.2      9.00 -112.96299977 -112.93315255 -112.96299976 -112.93315256
3.2     10.00 -112.96290810 -112.93309423 -112.96290810 -112.93309423
3.2     12.00 -112.96284714 -112.93304350 -112.96284714 -112.93304350
3.2     14.00 -112.96282469 -112.93302299 -112.96282469 -112.93302299
3.2     16.00 -112.96281404 -112.93301305 -112.96281404 -112.93301305
3.2     18.00 -112.96280843 -112.93300774 -112.96280843 -112.93300774
3.2     20.00 -112.96280524 -112.93300469 -112.96280524 -112.93300469
