   0.6   1.600   -110.92916110
   0.6   1.700   -111.29685440
   0.6   1.800   -111.57183740
   0.6   1.900   -111.81526970
   0.6   2.000   -112.00255060
   0.6   2.100   -112.15224250
   0.6   2.200   -112.29034560
   0.6   2.300   -112.39237910
   0.6   2.400   -112.48136150
   0.6   2.500   -112.55370210
   0.6   2.600   -112.61801270
   0.6   2.700   -112.67908340
   0.6   2.800   -112.72738920
   0.6   2.900   -112.77662830
   0.6   3.000   -112.80604010
   0.6   3.100   -112.84297430
   0.6   3.200   -112.86915370

   0.8   1.600   -111.60358277
   0.8   1.700   -111.88213328
   0.8   1.800   -112.08189428
   0.8   1.900   -112.25276397
   0.8   2.000   -112.39909210
   0.8   2.100   -112.47676792
   0.8   2.200   -112.56295287
   0.8   2.300   -112.63018294
   0.8   2.400   -112.68592448
   0.8   2.500   -112.72460382
   0.8   2.600   -112.75444352
   0.8   2.700   -112.79789782
   0.8   2.800   -112.82614973
   0.8   2.900   -112.86005360
   0.8   3.000   -112.87756590
   0.8   3.100   -112.90018432
   0.8   3.200   -112.91631812

   1.0   1.600   -112.14459590
   1.0   1.700   -112.36374450
   1.0   1.800   -112.51490240
   1.0   1.900   -112.63234330
   1.0   2.000   -112.72399900
   1.0   2.100   -112.76491960
   1.0   2.200   -112.81663760
   1.0   2.300   -112.85647200
   1.0   2.400   -112.88535970
   1.0   2.500   -112.89808980
   1.0   2.600   -112.89867310
   1.0   2.700   -112.91406670
   1.0   2.800   -112.92600490
   1.0   2.900   -112.94505510
   1.0   3.000   -112.95119260
   1.0   3.100   -112.96003950
   1.0   3.200   -112.96622060

   1.2   1.600   -112.47578558
   1.2   1.700   -112.66544111
   1.2   1.800   -112.79551430
   1.2   1.900   -112.88715134
   1.2   2.000   -112.95035670
   1.2   2.100   -112.96148434
   1.2   2.200   -113.00735369
   1.2   2.300   -113.02888646
   1.2   2.400   -113.04172506
   1.2   2.500   -113.04282814
   1.2   2.600   -113.03506802
   1.2   2.700   -113.00349068
   1.2   2.800   -113.00668608
   1.2   2.900   -113.01466176
   1.2   3.000   -113.01243830
   1.2   3.100   -113.01056970
   1.2   3.200   -113.00870046

   1.4   1.600   -112.65155910
   1.4   1.700   -112.83105400
   1.4   1.800   -112.95468870
   1.4   1.900   -113.03763540
   1.4   2.000   -113.09160520
   1.4   2.100   -113.08840680
   1.4   2.200   -113.13358170
   1.4   2.300   -113.14359590
   1.4   2.400   -113.14576910
   1.4   2.500   -113.14257240
   1.4   2.600   -113.13228573
   1.4   2.700   -113.07044870
   1.4   2.800   -113.06244350
   1.4   2.900   -113.06275970
   1.4   3.000   -113.05475560
   1.4   3.100   -113.04601050
   1.4   3.200   -113.03848850

   1.6   1.600   -112.74763966
   1.6   1.700   -112.92469347
   1.6   1.800   -113.04351099
   1.6   1.900   -113.12201324
   1.6   2.000   -113.17120407
   1.6   2.100   -113.17793612
   1.6   2.200   -113.20526209
   1.6   2.300   -113.20782281
   1.6   2.400   -113.19954485
   1.6   2.500   -113.19123859
   1.6   2.600   -113.18259913
   1.6   2.700   -113.12254000
   1.6   2.800   -113.09394895
   1.6   2.900   -113.08880237
   1.6   3.000   -113.07703405
   1.6   3.100   -113.06442928
   1.6   3.200   -113.05352334

   1.8   1.600   -112.79419200
   1.8   1.700   -112.97150970
   1.8   1.800   -113.08726700
   1.8   1.900   -113.16228090
   1.8   2.000   -113.20810550
   1.8   2.100   -113.22638150
   1.8   2.200   -113.23564820
   1.8   2.300   -113.23447210
   1.8   2.400   -113.22402675
   1.8   2.500   -113.20830710
   1.8   2.600   -113.19309920
   1.8   2.700   -113.15226680
   1.8   2.800   -113.11304160
   1.8   2.900   -113.10365550
   1.8   3.000   -113.08820530
   1.8   3.100   -113.07301500
   1.8   3.200   -113.05968340

   2.0   1.600   -112.80967520
   2.0   1.700   -112.98730090
   2.0   1.800   -113.10298600
   2.0   1.900   -113.17542590
   2.0   2.000   -113.21909370
   2.0   2.100   -113.23208320
   2.0   2.200   -113.23956840
   2.0   2.300   -113.23770370
   2.0   2.400   -113.22842210
   2.0   2.500   -113.21356280
   2.0   2.600   -113.19183780
   2.0   2.700   -113.15716000
   2.0   2.800   -113.13064227
   2.0   2.900   -113.11779416
   2.0   3.000   -113.09730131
   2.0   3.100   -113.07939390
   2.0   3.200   -113.06338648

   2.1   1.600   -112.81095400
   2.1   1.700   -112.98865990
   2.1   1.800   -113.10368800
   2.1   1.900   -113.17617420
   2.1   2.000   -113.21865110
   2.1   2.100   -113.22975380
   2.1   2.200   -113.23667790
   2.1   2.300   -113.23445490
   2.1   2.400   -113.22479710
   2.1   2.500   -113.21104250
   2.1   2.600   -113.18905780
   2.1   2.700   -113.15863360
   2.1   2.800   -113.13789003
   2.1   2.900   -113.12401707
   2.1   3.000   -113.10113327
   2.1   3.100   -113.08195028
   2.1   3.200   -113.06460561

   2.2   1.600   -112.80962950
   2.2   1.700   -112.98712820
   2.2   1.800   -113.10163800
   2.2   1.900   -113.17493490
   2.2   2.000   -113.21539520
   2.2   2.100   -113.22545770
   2.2   2.200   -113.23137540
   2.2   2.300   -113.22882720
   2.2   2.400   -113.21904440
   2.2   2.500   -113.20541140
   2.2   2.600   -113.18780220
   2.2   2.700   -113.15973490
   2.2   2.800   -113.14283106
   2.2   2.900   -113.12871841
   2.2   3.000   -113.10405613
   2.2   3.100   -113.08381972
   2.2   3.200   -113.06526811

   2.3   1.600   -112.80646100
   2.3   1.700   -112.98360960
   2.3   1.800   -113.09759660
   2.3   1.900   -113.17032190
   2.3   2.000   -113.21409130
   2.3   2.100   -113.22277088
   2.3   2.200   -113.22474190
   2.3   2.300   -113.22178970
   2.3   2.400   -113.21195980
   2.3   2.500   -113.19849530
   2.3   2.600   -113.18155070
   2.3   2.700   -113.15982000
   2.3   2.800   -113.14451160
   2.3   2.900   -113.13118024
   2.3   3.000   -113.10574607
   2.3   3.100   -113.08480354
   2.3   3.200   -113.06527272

   2.4   1.600   -112.80227210
   2.4   1.700   -112.97879230
   2.4   1.800   -113.09220000
   2.4   1.900   -113.16438560
   2.4   2.000   -113.20772440
   2.4   2.100   -113.22121227
   2.4   2.200   -113.22015681
   2.4   2.300   -113.21366530
   2.4   2.400   -113.20383420
   2.4   2.500   -113.19046530
   2.4   2.600   -113.17391660
   2.4   2.700   -113.15714390
   2.4   2.800   -113.14197790
   2.4   2.900   -113.13068459
   2.4   3.000   -113.10587930
   2.4   3.100   -113.08470307
   2.4   3.200   -113.06451820

   2.5   1.600   -112.79747550
   2.5   1.700   -112.97313510
   2.5   1.800   -113.08594290
   2.5   1.900   -113.15766010
   2.5   2.000   -113.20053700
   2.5   2.100   -113.21885508
   2.5   2.200   -113.21639275
   2.5   2.300   -113.20482120
   2.5   2.400   -113.19513500
   2.5   2.500   -113.18185800
   2.5   2.600   -113.16289750
   2.5   2.700   -113.15022350
   2.5   2.800   -113.13518400
   2.5   2.900   -113.12651350
   2.5   3.000   -113.10413201
   2.5   3.100   -113.08331963
   2.5   3.200   -113.06290328

   2.6   1.600   -112.79110557
   2.6   1.700   -112.96711630
   2.6   1.800   -113.07930770
   2.6   1.900   -113.15051700
   2.6   2.000   -113.19287060
   2.6   2.100   -113.21377250
   2.6   2.200   -113.21084800
   2.6   2.300   -113.19610700
   2.6   2.400   -113.18608540
   2.6   2.500   -113.17288930
   2.6   2.600   -113.15678130
   2.6   2.700   -113.14158910
   2.6   2.800   -113.12684120
   2.6   2.900   -113.11872150
   2.6   3.000   -113.10018040
   2.6   3.100   -113.08045456
   2.6   3.200   -113.06032671

   2.7   1.600   -112.78355706
   2.7   1.700   -112.96044754
   2.7   1.800   -113.07255870
   2.7   1.900   -113.14322560
   2.7   2.000   -113.18501000
   2.7   2.100   -113.20533820
   2.7   2.200   -113.20221710
   2.7   2.300   -113.18809201
   2.7   2.400   -113.17678570
   2.7   2.500   -113.16378580
   2.7   2.600   -113.14778370
   2.7   2.700   -113.12969780
   2.7   2.800   -113.11754150
   2.7   2.900   -113.10983980
   2.7   3.000   -113.09372450
   2.7   3.100   -113.07590917
   2.7   3.200   -113.05668723

   2.8   1.600   -112.77567980
   2.8   1.700   -112.95313002
   2.8   1.800   -113.06493914
   2.8   1.900   -113.13600020
   2.8   2.000   -113.17718990
   2.8   2.100   -113.19693160
   2.8   2.200   -113.19340860
   2.8   2.300   -113.18081254
   2.8   2.400   -113.16764910
   2.8   2.500   -113.15463360
   2.8   2.600   -113.13835585
   2.8   2.700   -113.12075930
   2.8   2.800   -113.10846500
   2.8   2.900   -113.10066130
   2.8   3.000   -113.08509260
   2.8   3.100   -113.06948480
   2.8   3.200   -113.05188358

   2.9   1.600   -112.76832363
   2.9   1.700   -112.94529872
   2.9   1.800   -113.05673350
   2.9   1.900   -113.12900190
   2.9   2.000   -113.16959170
   2.9   2.100   -113.18873530
   2.9   2.200   -113.18489100
   2.9   2.300   -113.17419011
   2.9   2.400   -113.15872140
   2.9   2.500   -113.14540450
   2.9   2.600   -113.12932450
   2.9   2.700   -113.11297770
   2.9   2.800   -113.09960740
   2.9   2.900   -113.09143210
   2.9   3.000   -113.07612040
   2.9   3.100   -113.06132570
   2.9   3.200   -113.04581450

   3.0   1.600   -112.76233840
   3.0   1.700   -112.93708860
   3.0   1.800   -113.04857419
   3.0   1.900   -113.12079678
   3.0   2.000   -113.16235800
   3.0   2.100   -113.18093250
   3.0   2.200   -113.17689850
   3.0   2.300   -113.16814620
   3.0   2.400   -113.15122483
   3.0   2.500   -113.13621450
   3.0   2.600   -113.12025040
   3.0   2.700   -113.10408340
   3.0   2.800   -113.09067071
   3.0   2.900   -113.08297861
   3.0   3.000   -113.06712710
   3.0   3.100   -113.05265410
   3.0   3.200   -113.03846080

   3.1   1.600   -112.75848720
   3.1   1.700   -112.92961150
   3.1   1.800   -113.04109360
   3.1   1.900   -113.11227510
   3.1   2.000   -113.15437963
   3.1   2.100   -113.17369890
   3.1   2.200   -113.17000250
   3.1   2.300   -113.16260231
   3.1   2.400   -113.14524059
   3.1   2.500   -113.12771870
   3.1   2.600   -113.11156600
   3.1   2.700   -113.09528010
   3.1   2.800   -113.08183560
   3.1   2.900   -113.07421880
   3.1   3.000   -113.05823660
   3.1   3.100   -113.04394360
   3.1   3.200   -113.03018860

   3.2   1.600   -112.75679860
   3.2   1.700   -112.92603490
   3.2   1.800   -113.03523630
   3.2   1.900   -113.10506330
   3.2   2.000   -113.14649070
   3.2   2.100   -113.16687143
   3.2   2.200   -113.16377310
   3.2   2.300   -113.15747995
   3.2   2.400   -113.14045092
   3.2   2.500   -113.12095194
   3.2   2.600   -113.10319000
   3.2   2.700   -113.08662870
   3.2   2.800   -113.07333710
   3.2   2.900   -113.06450120
   3.2   3.000   -113.04726690
   3.2   3.100   -113.03534560
   3.2   3.200   -113.02183970

   3.3   1.600   -112.75596560
   3.3   1.700   -112.92397550
   3.3   1.800   -113.03223420
   3.3   1.900   -113.10038640
   3.3   2.000   -113.14013460
   3.3   2.100   -113.16039740
   3.3   2.200   -113.15870341
   3.3   2.300   -113.15270061
   3.3   2.400   -113.13653806
   3.3   2.500   -113.11589465
   3.3   2.600   -113.09541670
   3.3   2.700   -113.07827990
   3.3   2.800   -113.06514840
   3.3   2.900   -113.05595530
   3.3   3.000   -113.04100380
   3.3   3.100   -113.02645500
   3.3   3.200   -113.01359940

   3.4   1.600   -112.75554550
   3.4   1.700   -112.92261100
   3.4   1.800   -113.03034100
   3.4   1.900   -113.09773880
   3.4   2.000   -113.13624550
   3.4   2.100   -113.15476260
   3.4   2.200   -113.15446740
   3.4   2.300   -113.14818580
   3.4   2.400   -113.13318427
   3.4   2.500   -113.11222703
   3.4   2.600   -113.08920690
   3.4   2.700   -113.07015600
   3.4   2.800   -113.05723680
   3.4   2.900   -113.04766160
   3.4   3.000   -113.03271750
   3.4   3.100   -113.01867300
   3.4   3.200   -113.00319960

   3.5   1.600   -112.75534950
   3.5   1.700   -112.92164640
   3.5   1.800   -113.02900390
   3.5   1.900   -113.09594440
   3.5   2.000   -113.13386120
   3.5   2.100   -113.15148920
   3.5   2.200   -113.15085230
   3.5   2.300   -113.14419010
   3.5   2.400   -113.13007180
   3.5   2.500   -113.10962929
   3.5   2.600   -113.08698800
   3.5   2.700   -113.06549050
   3.5   2.800   -113.04967720
   3.5   2.900   -113.03963020
   3.5   3.000   -113.02467330
   3.5   3.100   -113.01070610
   3.5   3.200   -112.99597190

   3.6   1.600   -112.75529450
   3.6   1.700   -112.92094330
   3.6   1.800   -113.02801110
   3.6   1.900   -113.09461680
   3.6   2.000   -113.13216610
   3.6   2.100   -113.14931100
   3.6   2.200   -113.14872380
   3.6   2.300   -113.14167490
   3.6   2.400   -113.12719880
   3.6   2.500   -113.10778160
   3.6   2.600   -113.08513310
   3.6   2.700   -113.06305540
   3.6   2.800   -113.04262760
   3.6   2.900   -113.03193340
   3.6   3.000   -113.01690070
   3.6   3.100   -113.00294940
   3.6   3.200   -112.99002960

   3.7   1.600   -112.75778680
   3.7   1.700   -112.92043220
   3.7   1.800   -113.02725420
   3.7   1.900   -113.09359420
   3.7   2.000   -113.13087300
   3.7   2.100   -113.14769460
   3.7   2.200   -113.14725480
   3.7   2.300   -113.13979570
   3.7   2.400   -113.12531760
   3.7   2.500   -113.10628830
   3.7   2.600   -113.08353370
   3.7   2.700   -113.06116690
   3.7   2.800   -113.03806980
   3.7   2.900   -113.02460220
   3.7   3.000   -113.00941970
   3.7   3.100   -112.99543230
   3.7   3.200   -112.98260970

   3.8   1.600   -112.76145520
   3.8   1.700   -112.92005980
   3.8   1.800   -113.02667730
   3.8   1.900   -113.09279300
   3.8   2.000   -113.12985340
   3.8   2.100   -113.14642830
   3.8   2.200   -113.14612610
   3.8   2.300   -113.13840630
   3.8   2.400   -113.12377060
   3.8   2.500   -113.10470680
   3.8   2.600   -113.08212320
   3.8   2.700   -113.05998340
   3.8   2.800   -113.03633110
   3.8   2.900   -113.01782530
   3.8   3.000   -113.00224800
   3.8   3.100   -112.98815990
   3.8   3.200   -112.97540870

   3.9   1.600   -112.76462060
   3.9   1.700   -112.91979790
   3.9   1.800   -113.02623720
   3.9   1.900   -113.09216010
   3.9   2.000   -113.12903730
   3.9   2.100   -113.14540890
   3.9   2.200   -113.14524540
   3.9   2.300   -113.13728100
   3.9   2.400   -113.12253010
   3.9   2.500   -113.10336760
   3.9   2.600   -113.08088460
   3.9   2.700   -113.05848780
   3.9   2.800   -113.03487110
   3.9   2.900   -113.01514780
   3.9   3.000   -112.99546050
   3.9   3.100   -112.98113500
   3.9   3.200   -112.96842770

   4.0   1.600   -112.76734780
   4.0   1.700   -112.92212880
   4.0   1.800   -113.02590420
   4.0   1.900   -113.09165860
   4.0   2.000   -113.12837540
   4.0   2.100   -113.14457410
   4.0   2.200   -113.14449700
   4.0   2.300   -113.13635970
   4.0   2.400   -113.12147930
   4.0   2.500   -113.10219840
   4.0   2.600   -113.07967790
   4.0   2.700   -113.05970570
   4.0   2.800   -113.03347730
   4.0   2.900   -113.01383370
   4.0   3.000   -112.98942910
   4.0   3.100   -112.97438560
   4.0   3.200   -112.96166650

   4.1   1.600   -112.76969300
   4.1   1.700   -112.92451020
   4.1   1.800   -113.02565390
   4.1   1.900   -113.09126010
   4.1   2.000   -113.12783480
   4.1   2.100   -113.14388170
   4.1   2.200   -113.14390960
   4.1   2.300   -113.13562390
   4.1   2.400   -113.12056400
   4.1   2.500   -113.10117370
   4.1   2.600   -113.07875920
   4.1   2.700   -113.05820730
   4.1   2.800   -113.03500930
   4.1   2.900   -113.01217810
   4.1   3.000   -112.98799136
   4.1   3.100   -112.96802420
   4.1   3.200   -112.95664010

   4.2   1.600   -112.77170550
   4.2   1.700   -112.92655780
   4.2   1.800   -113.02571730
   4.2   1.900   -113.09094430
   4.2   2.000   -113.12739300
   4.2   2.100   -113.14330580
   4.2   2.200   -113.14342560
   4.2   2.300   -113.13501020
   4.2   2.400   -113.11984480
   4.2   2.500   -113.10036210
   4.2   2.600   -113.07794390
   4.2   2.700   -113.05696660
   4.2   2.800   -113.03367120
   4.2   2.900   -113.01073990
   4.2   3.000   -112.98858410
   4.2   3.100   -112.96502729
   4.2   3.200   -112.95434020

   4.4   1.600   -112.77489750
   4.4   1.700   -112.92981670
   4.4   1.800   -113.02897670
   4.4   1.900   -113.09050060
   4.4   2.000   -113.12673690
   4.4   2.100   -113.14241940
   4.4   2.200   -113.14268200
   4.4   2.300   -113.13404100
   4.4   2.400   -113.11868720
   4.4   2.500   -113.09904500
   4.4   2.600   -113.07664670
   4.4   2.700   -113.05493120
   4.4   2.800   -113.03146580
   4.4   2.900   -113.00835650
   4.4   3.000   -112.98602470
   4.4   3.100   -112.96472350
   4.4   3.200   -112.95063630

   4.6   1.600   -112.77720820
   4.6   1.700   -112.93218530
   4.6   1.800   -113.03134910
   4.6   1.900   -113.09047960
   4.6   2.000   -113.12629230
   4.6   2.100   -113.14178800
   4.6   2.200   -113.14216160
   4.6   2.300   -113.13332760
   4.6   2.400   -113.11781850
   4.6   2.500   -113.09803710
   4.6   2.600   -113.07570290
   4.6   2.700   -113.05334490
   4.6   2.800   -113.02973960
   4.6   2.900   -113.00648680
   4.6   3.000   -112.98400650
   4.6   3.100   -112.96470920
   4.6   3.200   -112.95285250

   4.8   1.600   -112.77886390
   4.8   1.700   -112.93388750
   4.8   1.800   -113.03305600
   4.8   1.900   -113.09218380
   4.8   2.000   -113.12598130
   4.8   2.100   -113.14132670
   4.8   2.200   -113.14176300
   4.8   2.300   -113.13275540
   4.8   2.400   -113.11711510
   4.8   2.500   -113.09724910
   4.8   2.600   -113.07476280
   4.8   2.700   -113.05208440
   4.8   2.800   -113.02836270
   4.8   2.900   -113.00499260
   4.8   3.000   -112.98239170
   4.8   3.100   -112.96731660
   4.8   3.200   -112.95584970

   5.0   1.600   -112.78002370
   5.0   1.700   -112.93509000
   5.0   1.800   -113.03426430
   5.0   1.900   -113.09339250
   5.0   2.000   -113.12577190
   5.0   2.100   -113.14098750
   5.0   2.200   -113.14142300
   5.0   2.300   -113.13227290
   5.0   2.400   -113.11654460
   5.0   2.500   -113.09658950
   5.0   2.600   -113.07387690
   5.0   2.700   -113.05106070
   5.0   2.800   -113.02724000
   5.0   2.900   -113.00377170
   5.0   3.000   -112.98149290
   5.0   3.100   -112.96932030
   5.0   3.200   -112.95770040

   5.2   1.600   -112.78082250
   5.2   1.700   -112.93592480
   5.2   1.800   -113.03510460
   5.2   1.900   -113.09423460
   5.2   2.000   -113.12562990
   5.2   2.100   -113.14073440
   5.2   2.200   -113.14113900
   5.2   2.300   -113.13190130
   5.2   2.400   -113.11605000
   5.2   2.500   -113.09600990
   5.2   2.600   -113.07283090
   5.2   2.700   -113.05021150
   5.2   2.800   -113.02630570
   5.2   2.900   -113.00275390
   5.2   3.000   -112.98305450
   5.2   3.100   -112.97082420
   5.2   3.200   -112.95911120

   5.4   1.600   -112.78135900
   5.4   1.700   -112.93649120
   5.4   1.800   -113.03567640
   5.4   1.900   -113.09480880
   5.4   2.000   -113.12552990
   5.4   2.100   -113.14053340
   5.4   2.200   -113.14091530
   5.4   2.300   -113.13204914
   5.4   2.400   -113.11623309
   5.4   2.500   -113.09630797
   5.4   2.600   -113.07198708
   5.4   2.700   -113.04949190
   5.4   2.800   -113.02551210
   5.4   2.900   -113.00188840
   5.4   3.000   -112.98420140
   5.4   3.100   -112.97193480
   5.4   3.200   -112.96016490

   5.6   1.600   -112.78170730
   5.6   1.700   -112.93686430
   5.6   1.800   -113.03605460
   5.6   1.900   -113.09518990
   5.6   2.000   -113.12591190
   5.6   2.100   -113.14036500
   5.6   2.200   -113.14125489
   5.6   2.300   -113.13257574
   5.6   2.400   -113.11692905
   5.6   2.500   -113.09726858
   5.6   2.600   -113.07141724
   5.6   2.700   -113.04886950
   5.6   2.800   -113.02482480
   5.6   2.900   -113.00113870
   5.6   3.000   -112.98503280
   5.6   3.100   -112.97274370
   5.6   3.200   -112.96093870

   5.8   1.600   -112.78192280
   5.8   1.700   -112.93710010
   5.8   1.800   -113.03629520
   5.8   1.900   -113.09543360
   5.8   2.000   -113.12615740
   5.8   2.100   -113.14021860
   5.8   2.200   -113.14192596
   5.8   2.300   -113.13316649
   5.8   2.400   -113.11771927
   5.8   2.500   -113.09834523
   5.8   2.600   -113.07106660
   5.8   2.700   -113.04832857
   5.8   2.800   -113.02422050
   5.8   2.900   -113.00047930
   5.8   3.000   -112.98562750
   5.8   3.100   -112.97332470
   5.8   3.200   -112.96149790

   6.0   1.600   -112.78204620
   6.0   1.700   -112.93724000
   6.0   1.800   -113.03643960
   6.0   1.900   -113.09558130
   6.0   2.000   -113.12630730
   6.0   2.100   -113.14008880
   6.0   2.200   -113.14246390
   6.0   2.300   -113.13350680
   6.0   2.400   -113.11818510
   6.0   2.500   -113.09899140
   6.0   2.600   -113.07088037
   6.0   2.700   -113.04786047
   6.0   2.800   -113.02368480
   6.0   2.900   -112.99989420
   6.0   3.000   -112.98604600
   6.0   3.100   -112.97373520
   6.0   3.200   -112.96189510

   7.0   1.600   -112.78207330
   7.0   1.700   -112.93731040
   7.0   1.800   -113.03652560
   7.0   1.900   -113.09568020
   7.0   2.000   -113.12641660
   7.0   2.100   -113.13990680
   7.0   2.200   -113.14014600
   7.0   2.300   -113.13050630
   7.0   2.400   -113.11432090
   7.0   2.500   -113.09404410
   7.0   2.600   -113.07049750
   7.0   2.700   -113.04633642
   7.0   2.800   -113.02171826
   7.0   2.900   -112.99929580
   7.0   3.000   -112.98681453
   7.0   3.100   -112.97445400
   7.0   3.200   -112.96259690

   8.0   1.600   -112.78192170
   8.0   1.700   -112.93717040
   8.0   1.800   -113.03639170
   8.0   1.900   -113.09555170
   8.0   2.000   -113.12629290
   8.0   2.100   -113.13944800
   8.0   2.200   -113.13948290
   8.0   2.300   -113.12961320
   8.0   2.400   -113.11316280
   8.0   2.500   -113.09253950
   8.0   2.600   -113.06834150
   8.0   2.700   -113.04545040
   8.0   2.800   -113.02062893
   8.0   2.900   -112.99901619
   8.0   3.000   -112.98662440
   8.0   3.100   -112.97444900
   8.0   3.200   -112.96259720

   9.0   1.600   -112.78182520
   9.0   1.700   -112.93707690
   9.0   1.800   -113.03630060
   9.0   1.900   -113.09546260
   9.0   2.000   -113.12620570
   9.0   2.100   -113.13932990
   9.0   2.200   -113.13926750
   9.0   2.300   -113.12929570
   9.0   2.400   -113.11272470
   9.0   2.500   -113.09197920
   9.0   2.600   -113.06752180
   9.0   2.700   -113.04457140
   9.0   2.800   -113.02002570
   9.0   2.900   -112.99873630
   9.0   3.000   -112.98666660
   9.0   3.100   -112.97437800
   9.0   3.200   -112.96252440

  10.0   1.600   -112.78177280
  10.0   1.700   -112.93702560
  10.0   1.800   -113.03625010
  10.0   1.900   -113.09541310
  10.0   2.000   -113.12615690
  10.0   2.100   -113.13930670
  10.0   2.200   -113.13918490
  10.0   2.300   -113.12915350
  10.0   2.400   -113.11252250
  10.0   2.500   -113.09170730
  10.0   2.600   -113.06717590
  10.0   2.700   -113.04417280
  10.0   2.800   -113.01959950
  10.0   2.900   -112.99907990
  10.0   3.000   -112.98663040
  10.0   3.100   -112.97432460
  10.0   3.200   -112.96247200

  12.0   1.600   -112.78172640
  12.0   1.700   -112.93698000
  12.0   1.800   -113.03620520
  12.0   1.900   -113.09536880
  12.0   2.000   -113.12611320
  12.0   2.100   -113.13925370
  12.0   2.200   -113.13907450
  12.0   2.300   -113.12899380
  12.0   2.400   -113.11229810
  12.0   2.500   -113.09143000
  12.0   2.600   -113.06682720
  12.0   2.700   -113.04376490
  12.0   2.800   -113.01913910
  12.0   2.900   -112.99909480
  12.0   3.000   -112.98657890
  12.0   3.100   -112.97427160
  12.0   3.200   -112.96241990

  14.0   1.600   -112.78170830
  14.0   1.700   -112.93696210
  14.0   1.800   -113.03618770
  14.0   1.900   -113.09535150
  14.0   2.000   -113.12609610
  14.0   2.100   -113.13913300
  14.0   2.200   -113.13890830
  14.0   2.300   -113.12877570
  14.0   2.400   -113.11216780
  14.0   2.500   -113.09128350
  14.0   2.600   -113.06661670
  14.0   2.700   -113.04348100
  14.0   2.800   -113.01875780
  14.0   2.900   -112.99907240
  14.0   3.000   -112.98655620
  14.0   3.100   -112.97424920
  14.0   3.200   -112.96239780

  16.0   1.600   -112.78169980
  16.0   1.700   -112.93695380
  16.0   1.800   -113.03617950
  16.0   1.900   -113.09534350
  16.0   2.000   -113.12608820
  16.0   2.100   -113.13917450
  16.0   2.200   -113.13892500
  16.0   2.300   -113.12876780
  16.0   2.400   -113.11201320
  16.0   2.500   -113.09108730
  16.0   2.600   -113.06641410
  16.0   2.700   -113.04331340
  16.0   2.800   -113.01863840
  16.0   2.900   -112.99906100
  16.0   3.000   -112.98654500
  16.0   3.100   -112.97423810
  16.0   3.200   -112.96238690

  18.0   1.600   -112.78169530
  18.0   1.700   -112.93694940
  18.0   1.800   -113.03617530
  18.0   1.900   -113.09533940
  18.0   2.000   -113.12608410
  18.0   2.100   -113.13920610
  18.0   2.200   -113.13894010
  18.0   2.300   -113.12876650
  18.0   2.400   -113.11199600
  18.0   2.500   -113.09105450
  18.0   2.600   -113.06636800
  18.0   2.700   -113.04325160
  18.0   2.800   -113.01856330
  18.0   2.900   -112.99905480
  18.0   3.000   -112.98653880
  18.0   3.100   -112.97423200
  18.0   3.200   -112.96238100

  20.0   1.600   -112.78169290
  20.0   1.700   -112.93694710
  20.0   1.800   -113.03617300
  20.0   1.900   -113.09533710
  20.0   2.000   -113.12608190
  20.0   2.100   -113.13922990
  20.0   2.200   -113.13895240
  20.0   2.300   -113.12876740
  20.0   2.400   -113.11198570
  20.0   2.500   -113.09103350
  20.0   2.600   -113.06633760
  20.0   2.700   -113.04321040
  20.0   2.800   -113.01851280
  20.0   2.900   -112.99905120
  20.0   3.000   -112.98653520
  20.0   3.100   -112.97422840
  20.0   3.200   -112.96237750

  21.0   1.600   -112.78169285
  21.0   1.700   -112.93694697
  21.0   1.800   -113.03617314
  21.0   1.900   -113.09533688
  21.0   2.000   -113.12608171
  21.0   2.100   -113.13923012
  21.0   2.200   -113.13895265
  21.0   2.300   -113.12876782
  21.0   2.400   -113.11198616
  21.0   2.500   -113.09103320
  21.0   2.600   -113.06633748
  21.0   2.700   -113.04321055
  21.0   2.800   -113.01851294
  21.0   2.900   -112.99905122
  21.0   3.000   -112.98653494
  21.0   3.100   -112.97422866
  21.0   3.200   -112.96237795

  22.0   1.600   -112.78170498
  22.0   1.700   -112.93695610
  22.0   1.800   -113.03617909
  22.0   1.900   -113.09533950
  22.0   2.000   -113.12608089
  22.0   2.100   -113.13922582
  22.0   2.200   -113.13894484
  22.0   2.300   -113.12875653
  22.0   2.400   -113.11197145
  22.0   2.500   -113.09101519
  22.0   2.600   -113.06631633
  22.0   2.700   -113.04318644
  22.0   2.800   -113.01848612
  22.0   2.900   -112.99902196
  22.0   3.000   -112.98650357
  22.0   3.100   -112.97419553
  22.0   3.200   -112.96234347

  23.0   1.600   -112.78171592
  23.0   1.700   -112.93696444
  23.0   1.800   -113.03618467
  23.0   1.900   -113.09534219
  23.0   2.000   -113.12608061
  23.0   2.100   -113.13922250
  23.0   2.200   -113.13893848
  23.0   2.300   -113.12874715
  23.0   2.400   -113.11195912
  23.0   2.500   -113.09100000
  23.0   2.600   -113.06629841
  23.0   2.700   -113.04316597
  23.0   2.800   -113.01846330
  23.0   2.900   -112.99899704
  23.0   3.000   -112.98647682
  23.0   3.100   -112.97416728
  23.0   3.200   -112.96231405

  24.0   1.600   -112.78172582
  24.0   1.700   -112.93697206
  24.0   1.800   -113.03618987
  24.0   1.900   -113.09534487
  24.0   2.000   -113.12608068
  24.0   2.100   -113.13921993
  24.0   2.200   -113.13893326
  24.0   2.300   -113.12873929
  24.0   2.400   -113.11194868
  24.0   2.500   -113.09098707
  24.0   2.600   -113.06628310
  24.0   2.700   -113.04314843
  24.0   2.800   -113.01844373
  24.0   2.900   -112.99897564
  24.0   3.000   -112.98645383
  24.0   3.100   -112.97414298
  24.0   3.200   -112.96228876

  25.0   1.600   -112.78173478
  25.0   1.700   -112.93697903
  25.0   1.800   -113.03619471
  25.0   1.900   -113.09534749
  25.0   2.000   -113.12608101
  25.0   2.100   -113.13921793
  25.0   2.200   -113.13892892
  25.0   2.300   -113.12873265
  25.0   2.400   -113.11193977
  25.0   2.500   -113.09097597
  25.0   2.600   -113.06626992
  25.0   2.700   -113.04313330
  25.0   2.800   -113.01842680
  25.0   2.900   -112.99895711
  25.0   3.000   -112.98643392
  25.0   3.100   -112.97412193
  25.0   3.200   -112.96226683

  26.0   1.600   -112.78174292
  26.0   1.700   -112.93698540
  26.0   1.800   -113.03619920
  26.0   1.900   -113.09535001
  26.0   2.000   -113.12608151
  26.0   2.100   -113.13921638
  26.0   2.200   -113.13892531
  26.0   2.300   -113.12872699
  26.0   2.400   -113.11193211
  26.0   2.500   -113.09096637
  26.0   2.600   -113.06625849
  26.0   2.700   -113.04312015
  26.0   2.800   -113.01841207
  26.0   2.900   -112.99894097
  26.0   3.000   -112.98641656
  26.0   3.100   -112.97410357
  26.0   3.200   -112.96224770

  27.0   1.600   -112.78175033
  27.0   1.700   -112.93699123
  27.0   1.800   -113.03620336
  27.0   1.900   -113.09535243
  27.0   2.000   -113.12608213
  27.0   2.100   -113.13921517
  27.0   2.200   -113.13892227
  27.0   2.300   -113.12872213
  27.0   2.400   -113.11192548
  27.0   2.500   -113.09095803
  27.0   2.600   -113.06624851
  27.0   2.700   -113.04310865
  27.0   2.800   -113.01839917
  27.0   2.900   -112.99892682
  27.0   3.000   -112.98640133
  27.0   3.100   -112.97408745
  27.0   3.200   -112.96223091

  28.0   1.600   -112.78175708
  28.0   1.700   -112.93699658
  28.0   1.800   -113.03620722
  28.0   1.900   -113.09535473
  28.0   2.000   -113.12608282
  28.0   2.100   -113.13921423
  28.0   2.200   -113.13891969
  28.0   2.300   -113.12871794
  28.0   2.400   -113.11191970
  28.0   2.500   -113.09095072
  28.0   2.600   -113.06623975
  28.0   2.700   -113.04309853
  28.0   2.800   -113.01838781
  28.0   2.900   -112.99891434
  28.0   3.000   -112.98638789
  28.0   3.100   -112.97407322
  28.0   3.200   -112.96221608

  29.0   1.600   -112.78176325
  29.0   1.700   -112.93700149
  29.0   1.800   -113.03621079
  29.0   1.900   -113.09535690
  29.0   2.000   -113.12608356
  29.0   2.100   -113.13921351
  29.0   2.200   -113.13891750
  29.0   2.300   -113.12871429
  29.0   2.400   -113.11191464
  29.0   2.500   -113.09094429
  29.0   2.600   -113.06623201
  29.0   2.700   -113.04308957
  29.0   2.800   -113.01837774
  29.0   2.900   -112.99890328
  29.0   3.000   -112.98637597
  29.0   3.100   -112.97406059
  29.0   3.200   -112.96220291

  30.0   1.600   -112.78176891
  30.0   1.700   -112.93700601
  30.0   1.800   -113.03621410
  30.0   1.900   -113.09535895
  30.0   2.000   -113.12608431
  30.0   2.100   -113.13921295
  30.0   2.200   -113.13891563
  30.0   2.300   -113.12871111
  30.0   2.400   -113.11191018
  30.0   2.500   -113.09093860
  30.0   2.600   -113.06622515
  30.0   2.700   -113.04308162
  30.0   2.800   -113.01836878
  30.0   2.900   -112.99889343
  30.0   3.000   -112.98636535
  30.0   3.100   -112.97404933
  30.0   3.200   -112.96219117

  31.0   1.600   -112.78177409
  31.0   1.700   -112.93701017
  31.0   1.800   -113.03621718
  31.0   1.900   -113.09536089
  31.0   2.000   -113.12608508
  31.0   2.100   -113.13921253
  31.0   2.200   -113.13891401
  31.0   2.300   -113.12870832
  31.0   2.400   -113.11190623
  31.0   2.500   -113.09093354
  31.0   2.600   -113.06621903
  31.0   2.700   -113.04307451
  31.0   2.800   -113.01836077
  31.0   2.900   -112.99888461
  31.0   3.000   -112.98635583
  31.0   3.100   -112.97403925
  31.0   3.200   -112.96218066

  32.0   1.600   -112.78177886
  32.0   1.700   -112.93701401
  32.0   1.800   -113.03622003
  32.0   1.900   -113.09536271
  32.0   2.000   -113.12608584
  32.0   2.100   -113.13921221
  32.0   2.200   -113.13891261
  32.0   2.300   -113.12870585
  32.0   2.400   -113.11190272
  32.0   2.500   -113.09092902
  32.0   2.600   -113.06621356
  32.0   2.700   -113.04306814
  32.0   2.800   -113.01835358
  32.0   2.900   -112.99887669
  32.0   3.000   -112.98634728
  32.0   3.100   -112.97403018
  32.0   3.200   -112.96217120

  33.0   1.600   -112.78178326
  33.0   1.700   -112.93701756
  33.0   1.800   -113.03622268
  33.0   1.900   -113.09536442
  33.0   2.000   -113.12608659
  33.0   2.100   -113.13921198
  33.0   2.200   -113.13891140
  33.0   2.300   -113.12870367
  33.0   2.400   -113.11189958
  33.0   2.500   -113.09092497
  33.0   2.600   -113.06620863
  33.0   2.700   -113.04306240
  33.0   2.800   -113.01834710
  33.0   2.900   -112.99886954
  33.0   3.000   -112.98633956
  33.0   3.100   -112.97402199
  33.0   3.200   -112.96216265

  34.0   1.600   -112.78178732
  34.0   1.700   -112.93702085
  34.0   1.800   -113.03622515
  34.0   1.900   -113.09536604
  34.0   2.000   -113.12608732
  34.0   2.100   -113.13921182
  34.0   2.200   -113.13891034
  34.0   2.300   -113.12870172
  34.0   2.400   -113.11189677
  34.0   2.500   -113.09092132
  34.0   2.600   -113.06620419
  34.0   2.700   -113.04305722
  34.0   2.800   -113.01834124
  34.0   2.900   -112.99886308
  34.0   3.000   -112.98633258
  34.0   3.100   -112.97401458
  34.0   3.200   -112.96215491

  35.0   1.600   -112.78179107
  35.0   1.700   -112.93702389
  35.0   1.800   -113.03622745
  35.0   1.900   -113.09536755
  35.0   2.000   -113.12608803
  35.0   2.100   -113.13921171
  35.0   2.200   -113.13890942
  35.0   2.300   -113.12869998
  35.0   2.400   -113.11189424
  35.0   2.500   -113.09091803
  35.0   2.600   -113.06620017
  35.0   2.700   -113.04305252
  35.0   2.800   -113.01833592
  35.0   2.900   -112.99885721
  35.0   3.000   -112.98632623
  35.0   3.100   -112.97400784
  35.0   3.200   -112.96214788

  36.0   1.600   -112.78179455
  36.0   1.700   -112.93702673
  36.0   1.800   -113.03622959
  36.0   1.900   -113.09536898
  36.0   2.000   -113.12608872
  36.0   2.100   -113.13921164
  36.0   2.200   -113.13890860
  36.0   2.300   -113.12869842
  36.0   2.400   -113.11189196
  36.0   2.500   -113.09091504
  36.0   2.600   -113.06619652
  36.0   2.700   -113.04304825
  36.0   2.800   -113.01833108
  36.0   2.900   -112.99885186
  36.0   3.000   -112.98632044
  36.0   3.100   -112.97400169
  36.0   3.200   -112.96214146

  37.0   1.600   -112.78179778
  37.0   1.700   -112.93702936
  37.0   1.800   -113.03623159
  37.0   1.900   -113.09537032
  37.0   2.000   -113.12608938
  37.0   2.100   -113.13921162
  37.0   2.200   -113.13890788
  37.0   2.300   -113.12869702
  37.0   2.400   -113.11188989
  37.0   2.500   -113.09091232
  37.0   2.600   -113.06619320
  37.0   2.700   -113.04304435
  37.0   2.800   -113.01832666
  37.0   2.900   -112.99884697
  37.0   3.000   -112.98631515
  37.0   3.100   -112.97399607
  37.0   3.200   -112.96213560

  38.0   1.600   -112.78180079
  38.0   1.700   -112.93703181
  38.0   1.800   -113.03623346
  38.0   1.900   -113.09537158
  38.0   2.000   -113.12609001
  38.0   2.100   -113.13921162
  38.0   2.200   -113.13890725
  38.0   2.300   -113.12869576
  38.0   2.400   -113.11188800
  38.0   2.500   -113.09090985
  38.0   2.600   -113.06619016
  38.0   2.700   -113.04304079
  38.0   2.800   -113.01832261
  38.0   2.900   -112.99884249
  38.0   3.000   -112.98631031
  38.0   3.100   -112.97399092
  38.0   3.200   -112.96213021

  39.0   1.600   -112.78180358
  39.0   1.700   -112.93703410
  39.0   1.800   -113.03623521
  39.0   1.900   -113.09537277
  39.0   2.000   -113.12609062
  39.0   2.100   -113.13921164
  39.0   2.200   -113.13890668
  39.0   2.300   -113.12869461
  39.0   2.400   -113.11188629
  39.0   2.500   -113.09090759
  39.0   2.600   -113.06618737
  39.0   2.700   -113.04303752
  39.0   2.800   -113.01831890
  39.0   2.900   -112.99883838
  39.0   3.000   -112.98630585
  39.0   3.100   -112.97398619
  39.0   3.200   -112.96212527

  40.0   1.600   -112.78180619
  40.0   1.700   -112.93703624
  40.0   1.800   -113.03623685
  40.0   1.900   -113.09537389
  40.0   2.000   -113.12609121
  40.0   2.100   -113.13921168
  40.0   2.200   -113.13890618
  40.0   2.300   -113.12869357
  40.0   2.400   -113.11188472
  40.0   2.500   -113.09090551
  40.0   2.600   -113.06618482
  40.0   2.700   -113.04303451
  40.0   2.800   -113.01831548
  40.0   2.900   -112.99883460
  40.0   3.000   -112.98630175
  40.0   3.100   -112.97398183
  40.0   3.200   -112.96212071

  41.0   1.600   -112.78180863
  41.0   1.700   -112.93703824
  41.0   1.800   -113.03623839
  41.0   1.900   -113.09537494
  41.0   2.000   -113.12609177
  41.0   2.100   -113.13921174
  41.0   2.200   -113.13890573
  41.0   2.300   -113.12869262
  41.0   2.400   -113.11188328
  41.0   2.500   -113.09090360
  41.0   2.600   -113.06618246
  41.0   2.700   -113.04303174
  41.0   2.800   -113.01831233
  41.0   2.900   -112.99883110
  41.0   3.000   -112.98629797
  41.0   3.100   -112.97397780
  41.0   3.200   -112.96211650

  42.0   1.600   -112.78181091
  42.0   1.700   -112.93704012
  42.0   1.800   -113.03623984
  42.0   1.900   -113.09537594
  42.0   2.000   -113.12609230
  42.0   2.100   -113.13921180
  42.0   2.200   -113.13890533
  42.0   2.300   -113.12869175
  42.0   2.400   -113.11188196
  42.0   2.500   -113.09090185
  42.0   2.600   -113.06618029
  42.0   2.700   -113.04302918
  42.0   2.800   -113.01830941
  42.0   2.900   -112.99882787
  42.0   3.000   -112.98629446
  42.0   3.100   -112.97397407
  42.0   3.200   -112.96211260

  43.0   1.600   -112.78181304
  43.0   1.700   -112.93704187
  43.0   1.800   -113.03624119
  43.0   1.900   -113.09537688
  43.0   2.000   -113.12609281
  43.0   2.100   -113.13921188
  43.0   2.200   -113.13890497
  43.0   2.300   -113.12869096
  43.0   2.400   -113.11188075
  43.0   2.500   -113.09090022
  43.0   2.600   -113.06617828
  43.0   2.700   -113.04302681
  43.0   2.800   -113.01830671
  43.0   2.900   -112.99882488
  43.0   3.000   -112.98629122
  43.0   3.100   -112.97397062
  43.0   3.200   -112.96210899

  44.0   1.600   -112.78181504
  44.0   1.700   -112.93704353
  44.0   1.800   -113.03624247
  44.0   1.900   -113.09537777
  44.0   2.000   -113.12609330
  44.0   2.100   -113.13921196
  44.0   2.200   -113.13890464
  44.0   2.300   -113.12869023
  44.0   2.400   -113.11187963
  44.0   2.500   -113.09089872
  44.0   2.600   -113.06617642
  44.0   2.700   -113.04302461
  44.0   2.800   -113.01830421
  44.0   2.900   -112.99882210
  44.0   3.000   -112.98628820
  44.0   3.100   -112.97396741
  44.0   3.200   -112.96210563

  45.0   1.600   -112.78181692
  45.0   1.700   -112.93704508
  45.0   1.800   -113.03624368
  45.0   1.900   -113.09537861
  45.0   2.000   -113.12609377
  45.0   2.100   -113.13921205
  45.0   2.200   -113.13890435
  45.0   2.300   -113.12868956
  45.0   2.400   -113.11187859
  45.0   2.500   -113.09089733
  45.0   2.600   -113.06617469
  45.0   2.700   -113.04302257
  45.0   2.800   -113.01830188
  45.0   2.900   -112.99881951
  45.0   3.000   -112.98628539
  45.0   3.100   -112.97396442
  45.0   3.200   -112.96210251

  46.0   1.600   -112.78181869
  46.0   1.700   -112.93704654
  46.0   1.800   -113.03624481
  46.0   1.900   -113.09537940
  46.0   2.000   -113.12609421
  46.0   2.100   -113.13921214
  46.0   2.200   -113.13890408
  46.0   2.300   -113.12868894
  46.0   2.400   -113.11187763
  46.0   2.500   -113.09089604
  46.0   2.600   -113.06617309
  46.0   2.700   -113.04302067
  46.0   2.800   -113.01829971
  46.0   2.900   -112.99881711
  46.0   3.000   -112.98628278
  46.0   3.100   -112.97396163
  46.0   3.200   -112.96209959

  47.0   1.600   -112.78182036
  47.0   1.700   -112.93704792
  47.0   1.800   -113.03624588
  47.0   1.900   -113.09538016
  47.0   2.000   -113.12609464
  47.0   2.100   -113.13921223
  47.0   2.200   -113.13890384
  47.0   2.300   -113.12868838
  47.0   2.400   -113.11187674
  47.0   2.500   -113.09089484
  47.0   2.600   -113.06617159
  47.0   2.700   -113.04301890
  47.0   2.800   -113.01829768
  47.0   2.900   -112.99881486
  47.0   3.000   -112.98628033
  47.0   3.100   -112.97395903
  47.0   3.200   -112.96209687

  48.0   1.600   -112.78182193
  48.0   1.700   -112.93704922
  48.0   1.800   -113.03624690
  48.0   1.900   -113.09538087
  48.0   2.000   -113.12609505
  48.0   2.100   -113.13921233
  48.0   2.200   -113.13890363
  48.0   2.300   -113.12868785
  48.0   2.400   -113.11187591
  48.0   2.500   -113.09089372
  48.0   2.600   -113.06617019
  48.0   2.700   -113.04301724
  48.0   2.800   -113.01829579
  48.0   2.900   -112.99881275
  48.0   3.000   -112.98627805
  48.0   3.100   -112.97395660
  48.0   3.200   -112.96209432

  49.0   1.600   -112.78182341
  49.0   1.700   -112.93705044
  49.0   1.800   -113.03624786
  49.0   1.900   -113.09538155
  49.0   2.000   -113.12609543
  49.0   2.100   -113.13921242
  49.0   2.200   -113.13890343
  49.0   2.300   -113.12868736
  49.0   2.400   -113.11187514
  49.0   2.500   -113.09089267
  49.0   2.600   -113.06616889
  49.0   2.700   -113.04301570
  49.0   2.800   -113.01829402
  49.0   2.900   -112.99881079
  49.0   3.000   -112.98627591
  49.0   3.100   -112.97395432
  49.0   3.200   -112.96209193

  50.0   1.600   -112.78182481
  50.0   1.700   -112.93705161
  50.0   1.800   -113.03624876
  50.0   1.900   -113.09538219
  50.0   2.000   -113.12609581
  50.0   2.100   -113.13921252
  50.0   2.200   -113.13890325
  50.0   2.300   -113.12868691
  50.0   2.400   -113.11187442
  50.0   2.500   -113.09089169
  50.0   2.600   -113.06616766
  50.0   2.700   -113.04301425
  50.0   2.800   -113.01829236
  50.0   2.900   -112.99880894
  50.0   3.000   -112.98627390
  50.0   3.100   -112.97395218
  50.0   3.200   -112.96208969

