   0.6   1.600   -110.33472940
   0.6   1.700   -110.89396650
   0.6   1.800   -110.97074510
   0.6   1.900   -111.21467620
   0.6   2.000   -111.48657520
   0.6   2.100   -111.83830890
   0.6   2.200   -111.85723260
   0.6   2.300   -112.10835020
   0.6   2.400   -112.21792130
   0.6   2.500   -112.31709720
   0.6   2.600   -112.40051230
   0.6   2.700   -112.46315400
   0.6   2.800   -112.53613690
   0.6   2.900   -112.60514110
   0.6   3.000   -112.66748940
   0.6   3.100   -112.70837150
   0.6   3.200   -112.74998910

   0.8   1.600   -111.02779903
   0.8   1.700   -111.51421203
   0.8   1.800   -111.49322452
   0.8   1.900   -111.66266815
   0.8   2.000   -111.87937320
   0.8   2.100   -112.18502661
   0.8   2.200   -112.23653947
   0.8   2.300   -112.38008283
   0.8   2.400   -112.45147603
   0.8   2.500   -112.51823939
   0.8   2.600   -112.57874457
   0.8   2.700   -112.60087668
   0.8   2.800   -112.65476054
   0.8   2.900   -112.70298131
   0.8   3.000   -112.75134060
   0.8   3.100   -112.78051780
   0.8   3.200   -112.81149204

   1.0   1.600   -111.58103560
   1.0   1.700   -111.98380990
   1.0   1.800   -111.94178140
   1.0   1.900   -112.05626010
   1.0   2.000   -112.21006650
   1.0   2.100   -112.49339460
   1.0   2.200   -112.55639250
   1.0   2.300   -112.60560930
   1.0   2.400   -112.64593420
   1.0   2.500   -112.68054240
   1.0   2.600   -112.70420900
   1.0   2.700   -112.73200640
   1.0   2.800   -112.76655010
   1.0   2.900   -112.79768140
   1.0   3.000   -112.83245400
   1.0   3.100   -112.85228420
   1.0   3.200   -112.87376160

   1.2   1.600   -111.92954298
   1.2   1.700   -112.20805884
   1.2   1.800   -112.24147712
   1.2   1.900   -112.32903607
   1.2   2.000   -112.44179220
   1.2   2.100   -112.72410631
   1.2   2.200   -112.72073209
   1.2   2.300   -112.74174687
   1.2   2.400   -112.75455895
   1.2   2.500   -112.76326680
   1.2   2.600   -112.75104059
   1.2   2.700   -112.83583733
   1.2   2.800   -112.85420135
   1.2   2.900   -112.87375460
   1.2   3.000   -112.89940370
   1.2   3.100   -112.91102339
   1.2   3.200   -112.92520706

   1.4   1.600   -112.13806590
   1.4   1.700   -112.31259610
   1.4   1.800   -112.43079170
   1.4   1.900   -112.50968440
   1.4   2.000   -112.56013480
   1.4   2.100   -112.83546870
   1.4   2.200   -112.77137680
   1.4   2.300   -112.79592070
   1.4   2.400   -112.80699380
   1.4   2.500   -112.80543040
   1.4   2.600   -112.78263592
   1.4   2.700   -112.90113840
   1.4   2.800   -112.91852190
   1.4   2.900   -112.93107070
   1.4   3.000   -112.94417900
   1.4   3.100   -112.95515560
   1.4   3.200   -112.96384390

   1.6   1.600   -112.28883317
   1.6   1.700   -112.43812914
   1.6   1.800   -112.56748762
   1.6   1.900   -112.64276393
   1.6   2.000   -112.67258332
   1.6   2.100   -112.81890386
   1.6   2.200   -112.78101987
   1.6   2.300   -112.79707044
   1.6   2.400   -112.84180486
   1.6   2.500   -112.84897759
   1.6   2.600   -112.82535439
   1.6   2.700   -112.92495349
   1.6   2.800   -112.96158747
   1.6   2.900   -112.97054626
   1.6   3.000   -112.97661520
   1.6   3.100   -112.98459468
   1.6   3.200   -112.98921043

   1.8   1.600   -112.40436910
   1.8   1.700   -112.56530780
   1.8   1.800   -112.67303850
   1.8   1.900   -112.74121130
   1.8   2.000   -112.78083570
   1.8   2.100   -112.80068080
   1.8   2.200   -112.80797510
   1.8   2.300   -112.80958570
   1.8   2.400   -112.84738527
   1.8   2.500   -112.86780190
   1.8   2.600   -112.87362290
   1.8   2.700   -112.92795150
   1.8   2.800   -112.97243440
   1.8   2.900   -112.98192840
   1.8   3.000   -112.98908920
   1.8   3.100   -112.99416140
   1.8   3.200   -112.99732990

   2.0   1.600   -112.49239250
   2.0   1.700   -112.65243910
   2.0   1.800   -112.75727380
   2.0   1.900   -112.82095720
   2.0   2.000   -112.85782320
   2.0   2.100   -112.87503760
   2.0   2.200   -112.87856730
   2.0   2.300   -112.87366740
   2.0   2.400   -112.86493260
   2.0   2.500   -112.85849850
   2.0   2.600   -112.88102250
   2.0   2.700   -112.92598280
   2.0   2.800   -112.94506336
   2.0   2.900   -112.95863767
   2.0   3.000   -112.97306843
   2.0   3.100   -112.98034296
   2.0   3.200   -112.98553187

   2.1   1.600   -112.52850330
   2.1   1.700   -112.68761710
   2.1   1.800   -112.79169040
   2.1   1.900   -112.86268340
   2.1   2.000   -112.89014690
   2.1   2.100   -112.90640220
   2.1   2.200   -112.90877550
   2.1   2.300   -112.90241430
   2.1   2.400   -112.89126290
   2.1   2.500   -112.87903260
   2.1   2.600   -112.87846970
   2.1   2.700   -112.91698610
   2.1   2.800   -112.92493755
   2.1   2.900   -112.93961202
   2.1   3.000   -112.95766099
   2.1   3.100   -112.96705744
   2.1   3.200   -112.97392403

   2.2   1.600   -112.56007560
   2.2   1.700   -112.71845680
   2.2   1.800   -112.82179410
   2.2   1.900   -112.88519950
   2.2   2.000   -112.92916070
   2.2   2.100   -112.93415630
   2.2   2.200   -112.93578080
   2.2   2.300   -112.92837480
   2.2   2.400   -112.91577850
   2.2   2.500   -112.90096710
   2.2   2.600   -112.88537630
   2.2   2.700   -112.90470410
   2.2   2.800   -112.90637181
   2.2   2.900   -112.91995775
   2.2   3.000   -112.94007896
   2.2   3.100   -112.95138532
   2.2   3.200   -112.95988612

   2.3   1.600   -112.58765870
   2.3   1.700   -112.74542760
   2.3   1.800   -112.84815710
   2.3   1.900   -112.91097180
   2.3   2.000   -112.94540860
   2.3   2.100   -112.95918605
   2.3   2.200   -112.95968910
   2.3   2.300   -112.95155470
   2.3   2.400   -112.93800670
   2.3   2.500   -112.92169040
   2.3   2.600   -112.90322170
   2.3   2.700   -112.89351230
   2.3   2.800   -112.89375636
   2.3   2.900   -112.90289355
   2.3   3.000   -112.92238994
   2.3   3.100   -112.93472481
   2.3   3.200   -112.94444999

   2.4   1.600   -112.61171640
   2.4   1.700   -112.76898900
   2.4   1.800   -112.87120660
   2.4   1.900   -112.93353620
   2.4   2.000   -112.96748930
   2.4   2.100   -112.98114455
   2.4   2.200   -112.98114726
   2.4   2.300   -112.97215590
   2.4   2.400   -112.95793410
   2.4   2.500   -112.94066320
   2.4   2.600   -112.92072700
   2.4   2.700   -112.89243350
   2.4   2.800   -112.89148140
   2.4   2.900   -112.89163811
   2.4   3.000   -112.90666151
   2.4   3.100   -112.91847412
   2.4   3.200   -112.92864749

   2.5   1.600   -112.63273780
   2.5   1.700   -112.78953110
   2.5   1.800   -112.89135700
   2.5   1.900   -112.95328150
   2.5   2.000   -112.98681220
   2.5   2.100   -113.00032555
   2.5   2.200   -113.00029990
   2.5   2.300   -113.00248490
   2.5   2.400   -112.97563850
   2.5   2.500   -112.95772210
   2.5   2.600   -112.94576310
   2.5   2.700   -112.90721160
   2.5   2.800   -112.90075090
   2.5   2.900   -112.88941010
   2.5   3.000   -112.89496127
   2.5   3.100   -112.90403144
   2.5   3.200   -112.91351049

   2.6   1.600   -112.65169867
   2.6   1.700   -112.80751730
   2.6   1.800   -112.90897760
   2.6   1.900   -112.97055600
   2.6   2.000   -113.00372700
   2.6   2.100   -113.01702280
   2.6   2.200   -113.01698290
   2.6   2.300   -113.00636620
   2.6   2.400   -113.00303640
   2.6   2.500   -112.97291440
   2.6   2.600   -112.95158000
   2.6   2.700   -112.92252860
   2.6   2.800   -112.91245000
   2.6   2.900   -112.89686280
   2.6   3.000   -112.88935680
   2.6   3.100   -112.89279500
   2.6   3.200   -112.90007083

   2.7   1.600   -112.66885881
   2.7   1.700   -112.82360807
   2.7   1.800   -112.92441660
   2.7   1.900   -112.98568840
   2.7   2.000   -113.01854850
   2.7   2.100   -113.03155730
   2.7   2.200   -113.03124570
   2.7   2.300   -113.00729840
   2.7   2.400   -113.00511950
   2.7   2.500   -112.98372080
   2.7   2.600   -112.96467140
   2.7   2.700   -112.93797220
   2.7   2.800   -112.92383790
   2.7   2.900   -112.90651380
   2.7   3.000   -112.89129780
   2.7   3.100   -112.88616298
   2.7   3.200   -112.88936038

   2.8   1.600   -112.68425253
   2.8   1.700   -112.83813597
   2.8   1.800   -112.93840373
   2.8   1.900   -112.99898180
   2.8   2.000   -113.03156290
   2.8   2.100   -113.04432080
   2.8   2.200   -113.04380260
   2.8   2.300   -113.01336419
   2.8   2.400   -113.01727650
   2.8   2.500   -112.99827060
   2.8   2.600   -112.97752175
   2.8   2.700   -112.95102550
   2.8   2.800   -112.93425435
   2.8   2.900   -112.91603250
   2.8   3.000   -112.89875240
   2.8   3.100   -112.88553360
   2.8   3.200   -112.88241098

   2.9   1.600   -112.69791409
   2.9   1.700   -112.85133264
   2.9   1.800   -112.95116337
   2.9   1.900   -113.01071930
   2.9   2.000   -113.04303480
   2.9   2.100   -113.05556530
   2.9   2.200   -113.05487570
   2.9   2.300   -113.02323898
   2.9   2.400   -113.02797200
   2.9   2.500   -113.00874410
   2.9   2.600   -112.98753020
   2.9   2.700   -112.97537130
   2.9   2.800   -112.94381850
   2.9   2.900   -112.92487080
   2.9   3.000   -112.90659970
   2.9   3.100   -112.89080110
   2.9   3.200   -112.88025450

   3.0   1.600   -112.70987780
   3.0   1.700   -112.86342970
   3.0   1.800   -112.96275692
   3.0   1.900   -113.02184766
   3.0   2.000   -113.05321870
   3.0   2.100   -113.06552640
   3.0   2.200   -113.06468230
   3.0   2.300   -113.03559812
   3.0   2.400   -113.03666375
   3.0   2.500   -113.01796380
   3.0   2.600   -112.99654960
   3.0   2.700   -112.97554160
   3.0   2.800   -112.95273754
   3.0   2.900   -112.93850380
   3.0   3.000   -112.91401890
   3.0   3.100   -112.89717230
   3.0   3.200   -112.88309750

   3.1   1.600   -112.72017820
   3.1   1.700   -112.87435690
   3.1   1.800   -112.97324580
   3.1   1.900   -113.03227973
   3.1   2.000   -113.06297364
   3.1   2.100   -113.07443080
   3.1   2.200   -113.07340630
   3.1   2.300   -113.04911700
   3.1   2.400   -113.04486499
   3.1   2.500   -113.02606080
   3.1   2.600   -113.00448700
   3.1   2.700   -112.98326390
   3.1   2.800   -112.96064740
   3.1   2.900   -112.94760210
   3.1   3.000   -112.92080010
   3.1   3.100   -112.90336970
   3.1   3.200   -112.88817640

   3.2   1.600   -112.72892180
   3.2   1.700   -112.88332070
   3.2   1.800   -112.98253830
   3.2   1.900   -113.04160520
   3.2   2.000   -113.07214374
   3.2   2.100   -113.08242309
   3.2   2.200   -113.08127370
   3.2   2.300   -113.06247101
   3.2   2.400   -113.05251574
   3.2   2.500   -113.03345705
   3.2   2.600   -113.01146390
   3.2   2.700   -112.99002140
   3.2   2.800   -112.96727060
   3.2   2.900   -112.94644470
   3.2   3.000   -112.93065880
   3.2   3.100   -112.90909010
   3.2   3.200   -112.89331850

   3.3   1.600   -112.73645920
   3.3   1.700   -112.89094920
   3.3   1.800   -112.99022810
   3.3   1.900   -113.04950970
   3.3   2.000   -113.08026000
   3.3   2.100   -113.09021450
   3.3   2.200   -113.08852098
   3.3   2.300   -113.07433552
   3.3   2.400   -113.05955605
   3.3   2.500   -113.03993151
   3.3   2.600   -113.01757440
   3.3   2.700   -112.99583480
   3.3   2.800   -112.97308500
   3.3   2.900   -112.95209020
   3.3   3.000   -112.93233960
   3.3   3.100   -112.91543900
   3.3   3.200   -112.89812650

   3.4   1.600   -112.74298510
   3.4   1.700   -112.89753070
   3.4   1.800   -112.99680140
   3.4   1.900   -113.05611280
   3.4   2.000   -113.08701230
   3.4   2.100   -113.09792270
   3.4   2.200   -113.09524700
   3.4   2.300   -113.08338590
   3.4   2.400   -113.06592595
   3.4   2.500   -113.04563019
   3.4   2.600   -113.02303760
   3.4   2.700   -113.00071600
   3.4   2.800   -112.97819240
   3.4   2.900   -112.95706650
   3.4   3.000   -112.93716080
   3.4   3.100   -112.91958360
   3.4   3.200   -112.90463670

   3.5   1.600   -112.74864160
   3.5   1.700   -112.90323110
   3.5   1.800   -113.00247860
   3.5   1.900   -113.06177170
   3.5   2.000   -113.09268760
   3.5   2.100   -113.10369540
   3.5   2.200   -113.10132300
   3.5   2.300   -113.08923610
   3.5   2.400   -113.07156550
   3.5   2.500   -113.05069909
   3.5   2.600   -113.02805620
   3.5   2.700   -113.00526810
   3.5   2.800   -112.98267940
   3.5   2.900   -112.96144510
   3.5   3.000   -112.94141670
   3.5   3.100   -112.92299880
   3.5   3.200   -112.90886770

   3.6   1.600   -112.75354290
   3.6   1.700   -112.90817280
   3.6   1.800   -113.00739570
   3.6   1.900   -113.06666030
   3.6   2.000   -113.09755680
   3.6   2.100   -113.10857120
   3.6   2.200   -113.10619810
   3.6   2.300   -113.09430470
   3.6   2.400   -113.07645730
   3.6   2.500   -113.05528420
   3.6   2.600   -113.03248590
   3.6   2.700   -113.00948600
   3.6   2.800   -112.98662110
   3.6   2.900   -112.96528490
   3.6   3.000   -112.94516350
   3.6   3.100   -112.92663490
   3.6   3.200   -112.90991500

   3.7   1.600   -112.75532510
   3.7   1.700   -112.91245430
   3.7   1.800   -113.01165680
   3.7   1.900   -113.07089300
   3.7   2.000   -113.10176160
   3.7   2.100   -113.11275620
   3.7   2.200   -113.11033650
   3.7   2.300   -113.09850000
   3.7   2.400   -113.08070580
   3.7   2.500   -113.05945170
   3.7   2.600   -113.03639910
   3.7   2.700   -113.01323190
   3.7   2.800   -112.99022500
   3.7   2.900   -112.96865120
   3.7   3.000   -112.94845520
   3.7   3.100   -112.92984120
   3.7   3.200   -112.91301170

   3.8   1.600   -112.75542330
   3.8   1.700   -112.91616060
   3.8   1.800   -113.01534650
   3.8   1.900   -113.07455830
   3.8   2.000   -113.10539870
   3.8   2.100   -113.11636760
   3.8   2.200   -113.11390390
   3.8   2.300   -113.10206000
   3.8   2.400   -113.08430660
   3.8   2.500   -113.06303490
   3.8   2.600   -113.03983770
   3.8   2.700   -113.01662580
   3.8   2.800   -112.99347380
   3.8   2.900   -112.97161130
   3.8   3.000   -112.95134220
   3.8   3.100   -112.93266140
   3.8   3.200   -112.91574650

   3.9   1.600   -112.75556670
   3.9   1.700   -112.91936420
   3.9   1.800   -113.01853820
   3.9   1.900   -113.07772990
   3.9   2.000   -113.10854440
   3.9   2.100   -113.11948770
   3.9   2.200   -113.11697550
   3.9   2.300   -113.10511830
   3.9   2.400   -113.08736600
   3.9   2.500   -113.06610720
   3.9   2.600   -113.04284000
   3.9   2.700   -113.01949430
   3.9   2.800   -112.99633800
   3.9   2.900   -112.97448590
   3.9   3.000   -112.95387250
   3.9   3.100   -112.93513760
   3.9   3.200   -112.91815470

   4.0   1.600   -112.75574020
   4.0   1.700   -112.91962370
   4.0   1.800   -113.02129480
   4.0   1.900   -113.08047080
   4.0   2.000   -113.11126360
   4.0   2.100   -113.12218350
   4.0   2.200   -113.11964060
   4.0   2.300   -113.10775650
   4.0   2.400   -113.08998880
   4.0   2.500   -113.06873540
   4.0   2.600   -113.04544430
   4.0   2.700   -113.02215350
   4.0   2.800   -112.99885550
   4.0   2.900   -112.97693770
   4.0   3.000   -112.95609810
   4.0   3.100   -112.93730800
   4.0   3.200   -112.92027040

   4.1   1.600   -112.75593030
   4.1   1.700   -112.91951450
   4.1   1.800   -113.02367170
   4.1   1.900   -113.08283480
   4.1   2.000   -113.11361170
   4.1   2.100   -113.12451100
   4.1   2.200   -113.12192790
   4.1   2.300   -113.11002240
   4.1   2.400   -113.09225010
   4.1   2.500   -113.07098910
   4.1   2.600   -113.04767300
   4.1   2.700   -113.02438950
   4.1   2.800   -113.00124800
   4.1   2.900   -112.97907540
   4.1   3.000   -112.95820173
   4.1   3.100   -112.93920300
   4.1   3.200   -112.92212310

   4.2   1.600   -112.75612780
   4.2   1.700   -112.91945540
   4.2   1.800   -113.02546870
   4.2   1.900   -113.08487000
   4.2   2.000   -113.11563410
   4.2   2.100   -113.12651530
   4.2   2.200   -113.12389570
   4.2   2.300   -113.11196960
   4.2   2.400   -113.09418230
   4.2   2.500   -113.07291310
   4.2   2.600   -113.04958920
   4.2   2.700   -113.02630140
   4.2   2.800   -113.00314070
   4.2   2.900   -112.98093510
   4.2   3.000   -112.96010420
   4.2   3.100   -112.94091185
   4.2   3.200   -112.92373980

   4.4   1.600   -112.75654260
   4.4   1.700   -112.91944730
   4.4   1.800   -113.02524810
   4.4   1.900   -113.08811410
   4.4   2.000   -113.11885930
   4.4   2.100   -113.12971350
   4.4   2.200   -113.12703350
   4.4   2.300   -113.11507390
   4.4   2.400   -113.09726040
   4.4   2.500   -113.07597360
   4.4   2.600   -113.05263590
   4.4   2.700   -113.02933470
   4.4   2.800   -113.00614810
   4.4   2.900   -112.98510490
   4.4   3.000   -112.96301620
   4.4   3.100   -112.94377450
   4.4   3.200   -112.92635500

   4.6   1.600   -112.75693520
   4.6   1.700   -112.91952400
   4.6   1.800   -113.02515690
   4.6   1.900   -113.09022830
   4.6   2.000   -113.12121370
   4.6   2.100   -113.13205030
   4.6   2.200   -113.12931670
   4.6   2.300   -113.11733340
   4.6   2.400   -113.09950030
   4.6   2.500   -113.07820340
   4.6   2.600   -113.05487420
   4.6   2.700   -113.03154180
   4.6   2.800   -113.00833470
   4.6   2.900   -112.98888230
   4.6   3.000   -112.96515130
   4.6   3.100   -112.94585210
   4.6   3.200   -112.92831800

   4.8   1.600   -112.75729150
   4.8   1.700   -112.91963750
   4.8   1.800   -113.02513170
   4.8   1.900   -113.09005830
   4.8   2.000   -113.12291090
   4.8   2.100   -113.13373590
   4.8   2.200   -113.13096700
   4.8   2.300   -113.11896790
   4.8   2.400   -113.10111960
   4.8   2.500   -113.07980630
   4.8   2.600   -113.05653880
   4.8   2.700   -113.03313220
   4.8   2.800   -113.00990940
   4.8   2.900   -112.99176540
   4.8   3.000   -112.96668760
   4.8   3.100   -112.94736100
   4.8   3.200   -112.92984260

   5.0   1.600   -112.75767550
   5.0   1.700   -112.91981440
   5.0   1.800   -113.02518280
   5.0   1.900   -113.08997660
   5.0   2.000   -113.12411570
   5.0   2.100   -113.13493330
   5.0   2.200   -113.13214290
   5.0   2.300   -113.12013110
   5.0   2.400   -113.10226930
   5.0   2.500   -113.08094690
   5.0   2.600   -113.05781870
   5.0   2.700   -113.03426310
   5.0   2.800   -113.01102940
   5.0   2.900   -112.99393170
   5.0   3.000   -112.96778010
   5.0   3.100   -112.94843480
   5.0   3.200   -112.93088220

   5.2   1.600   -112.75801860
   5.2   1.700   -112.91999220
   5.2   1.800   -113.02525800
   5.2   1.900   -113.08994330
   5.2   2.000   -113.12495590
   5.2   2.100   -113.13576910
   5.2   2.200   -113.13296130
   5.2   2.300   -113.12094030
   5.2   2.400   -113.10307390
   5.2   2.500   -113.08174510
   5.2   2.600   -113.05887900
   5.2   2.700   -113.03505490
   5.2   2.800   -113.01181420
   5.2   2.900   -112.99553560
   5.2   3.000   -112.96854680
   5.2   3.100   -112.94918860
   5.2   3.200   -112.93161520

   5.4   1.600   -112.75831810
   5.4   1.700   -112.92015640
   5.4   1.800   -113.02533520
   5.4   1.900   -113.08992930
   5.4   2.000   -113.12552310
   5.4   2.100   -113.13634090
   5.4   2.200   -113.13351530
   5.4   2.300   -113.12108415
   5.4   2.400   -113.10311782
   5.4   2.500   -113.08166680
   5.4   2.600   -113.05958617
   5.4   2.700   -113.03559970
   5.4   2.800   -113.01235480
   5.4   2.900   -112.99670750
   5.4   3.000   -112.96907660
   5.4   3.100   -112.94971030
   5.4   3.200   -112.93212340

   5.6   1.600   -112.75857610
   5.6   1.700   -112.92030270
   5.6   1.800   -113.02540620
   5.6   1.900   -113.08992240
   5.6   2.000   -113.12543570
   5.6   2.100   -113.13672220
   5.6   2.200   -113.13339527
   5.6   2.300   -113.12073007
   5.6   2.400   -113.10259140
   5.6   2.500   -113.08093223
   5.6   2.600   -113.05994965
   5.6   2.700   -113.03596660
   5.6   2.800   -113.01271970
   5.6   2.900   -112.99755320
   5.6   3.000   -112.96943590
   5.6   3.100   -112.95006490
   5.6   3.200   -112.93246970

   5.8   1.600   -112.75879720
   5.8   1.700   -112.92043070
   5.8   1.800   -113.02546840
   5.8   1.900   -113.08991700
   5.8   2.000   -113.12535990
   5.8   2.100   -113.13696820
   5.8   2.200   -113.13285329
   5.8   2.300   -113.12020419
   5.8   2.400   -113.10188590
   5.8   2.500   -113.08001000
   5.8   2.600   -113.06003835
   5.8   2.700   -113.03623346
   5.8   2.800   -113.01295960
   5.8   2.900   -112.99815540
   5.8   3.000   -112.96967370
   5.8   3.100   -112.95030050
   5.8   3.200   -112.93270030

   6.0   1.600   -112.75898700
   6.0   1.700   -112.92054220
   6.0   1.800   -113.02552210
   6.0   1.900   -113.08991140
   6.0   2.000   -113.12529240
   6.0   2.100   -113.13711920
   6.0   2.200   -113.13235450
   6.0   2.300   -113.11983260
   6.0   2.400   -113.10139260
   6.0   2.500   -113.07936870
   6.0   2.600   -113.05992116
   6.0   2.700   -113.03642490
   6.0   2.800   -113.01311130
   6.0   2.900   -112.99857680
   6.0   3.000   -112.96982570
   6.0   3.100   -112.95045170
   6.0   3.200   -112.93284900

   7.0   1.600   -112.75964150
   7.0   1.700   -112.92094790
   7.0   1.800   -113.02572080
   7.0   1.900   -113.08989720
   7.0   2.000   -113.12505670
   7.0   2.100   -113.13696510
   7.0   2.200   -113.13402490
   7.0   2.300   -113.12190430
   7.0   2.400   -113.10391220
   7.0   2.500   -113.08241060
   7.0   2.600   -113.05865840
   7.0   2.700   -113.03657984
   7.0   2.800   -113.01346076
   7.0   2.900   -112.99777570
   7.0   3.000   -112.97059574
   7.0   3.100   -112.95061600
   7.0   3.200   -112.93301330

   8.0   1.600   -112.76005760
   8.0   1.700   -112.92123630
   8.0   1.800   -113.02588550
   8.0   1.900   -113.08993410
   8.0   2.000   -113.12496250
   8.0   2.100   -113.13707240
   8.0   2.200   -113.13419400
   8.0   2.300   -113.12216110
   8.0   2.400   -113.10427700
   8.0   2.500   -113.08292180
   8.0   2.600   -113.05989570
   8.0   2.700   -113.03625930
   8.0   2.800   -113.01340687
   8.0   2.900   -112.99622850
   8.0   3.000   -112.97254420
   8.0   3.100   -112.95098210
   8.0   3.200   -112.93292670

   9.0   1.600   -112.76038200
   9.0   1.700   -112.92148420
   9.0   1.800   -113.02605500
   9.0   1.900   -113.09002240
   9.0   2.000   -113.12496740
   9.0   2.100   -113.13702440
   9.0   2.200   -113.13415740
   9.0   2.300   -113.12214020
   9.0   2.400   -113.10427600
   9.0   2.500   -113.08294870
   9.0   2.600   -113.06043540
   9.0   2.700   -113.03628490
   9.0   2.800   -113.01320150
   9.0   2.900   -112.99542380
   9.0   3.000   -112.97238480
   9.0   3.100   -112.95045140
   9.0   3.200   -112.93285180

  10.0   1.600   -112.76063660
  10.0   1.700   -112.92168810
  10.0   1.800   -113.02620600
  10.0   1.900   -113.09011870
  10.0   2.000   -113.12500740
  10.0   2.100   -113.13698210
  10.0   2.200   -113.13411730
  10.0   2.300   -113.12210260
  10.0   2.400   -113.10424170
  10.0   2.500   -113.08291910
  10.0   2.600   -113.06052430
  10.0   2.700   -113.03626980
  10.0   2.800   -113.01305510
  10.0   2.900   -112.99534780
  10.0   3.000   -112.97201060
  10.0   3.100   -112.95040540
  10.0   3.200   -112.93280600

  12.0   1.600   -112.76090930
  12.0   1.700   -112.92189710
  12.0   1.800   -113.02634890
  12.0   1.900   -113.09019370
  12.0   2.000   -113.12501840
  12.0   2.100   -113.13693980
  12.0   2.200   -113.13407550
  12.0   2.300   -113.12206130
  12.0   2.400   -113.10420080
  12.0   2.500   -113.08287890
  12.0   2.600   -113.06050350
  12.0   2.700   -113.03623260
  12.0   2.800   -113.01299540
  12.0   2.900   -112.99490290
  12.0   3.000   -112.97147490
  12.0   3.100   -112.95036180
  12.0   3.200   -112.93276240

  14.0   1.600   -112.76097460
  14.0   1.700   -112.92192900
  14.0   1.800   -113.02634590
  14.0   1.900   -113.09015490
  14.0   2.000   -113.12493900
  14.0   2.100   -113.13692290
  14.0   2.200   -113.13405870
  14.0   2.300   -113.12204440
  14.0   2.400   -113.10418380
  14.0   2.500   -113.08286170
  14.0   2.600   -113.06048490
  14.0   2.700   -113.03621510
  14.0   2.800   -113.01297740
  14.0   2.900   -112.99449660
  14.0   3.000   -112.97104670
  14.0   3.100   -112.95034370
  14.0   3.200   -112.93274420

  16.0   1.600   -112.76113300
  16.0   1.700   -112.92206580
  16.0   1.800   -113.02646000
  16.0   1.900   -113.09024550
  16.0   2.000   -113.12500520
  16.0   2.100   -113.13691510
  16.0   2.200   -113.13405080
  16.0   2.300   -113.12203650
  16.0   2.400   -113.10417580
  16.0   2.500   -113.08285360
  16.0   2.600   -113.06047580
  16.0   2.700   -113.03620670
  16.0   2.800   -113.01296890
  16.0   2.900   -112.99435840
  16.0   3.000   -112.97089110
  16.0   3.100   -112.95033480
  16.0   3.200   -112.93273520

  18.0   1.600   -112.76124220
  18.0   1.700   -112.92216060
  18.0   1.800   -113.02653980
  18.0   1.900   -113.09030960
  18.0   2.000   -113.12505320
  18.0   2.100   -113.13691110
  18.0   2.200   -113.13404680
  18.0   2.300   -113.12203240
  18.0   2.400   -113.10417170
  18.0   2.500   -113.08284940
  18.0   2.600   -113.06047100
  18.0   2.700   -113.03620230
  18.0   2.800   -113.01296440
  18.0   2.900   -112.99427080
  18.0   3.000   -112.97079210
  18.0   3.100   -112.95033000
  18.0   3.200   -112.93273030

  20.0   1.600   -112.76132010
  20.0   1.700   -112.92222860
  20.0   1.800   -113.02659730
  20.0   1.900   -113.09035610
  20.0   2.000   -113.12508850
  20.0   2.100   -113.13690890
  20.0   2.200   -113.13404460
  20.0   2.300   -113.12203020
  20.0   2.400   -113.10416940
  20.0   2.500   -113.08284700
  20.0   2.600   -113.06046820
  20.0   2.700   -113.03619980
  20.0   2.800   -113.01296190
  20.0   2.900   -112.99421170
  20.0   3.000   -112.97072510
  20.0   3.100   -112.95032730
  20.0   3.200   -112.93272750

  21.0   1.600   -112.76131985
  21.0   1.700   -112.92222897
  21.0   1.800   -113.02659714
  21.0   1.900   -113.09035588
  21.0   2.000   -113.12508871
  21.0   2.100   -113.13690912
  21.0   2.200   -113.13404465
  21.0   2.300   -113.12202982
  21.0   2.400   -113.10416916
  21.0   2.500   -113.08284720
  21.0   2.600   -113.06046848
  21.0   2.700   -113.03619955
  21.0   2.800   -113.01296194
  21.0   2.900   -112.99421122
  21.0   3.000   -112.97072494
  21.0   3.100   -112.95032766
  21.0   3.200   -112.93272795

  22.0   1.600   -112.76133198
  22.0   1.700   -112.92223810
  22.0   1.800   -113.02660309
  22.0   1.900   -113.09035850
  22.0   2.000   -113.12508789
  22.0   2.100   -113.13690482
  22.0   2.200   -113.13403684
  22.0   2.300   -113.12201853
  22.0   2.400   -113.10415445
  22.0   2.500   -113.08282919
  22.0   2.600   -113.06044733
  22.0   2.700   -113.03617544
  22.0   2.800   -113.01293512
  22.0   2.900   -112.99418196
  22.0   3.000   -112.97069357
  22.0   3.100   -112.95029453
  22.0   3.200   -112.93269347

  23.0   1.600   -112.76134292
  23.0   1.700   -112.92224644
  23.0   1.800   -113.02660867
  23.0   1.900   -113.09036119
  23.0   2.000   -113.12508761
  23.0   2.100   -113.13690150
  23.0   2.200   -113.13403048
  23.0   2.300   -113.12200915
  23.0   2.400   -113.10414212
  23.0   2.500   -113.08281400
  23.0   2.600   -113.06042941
  23.0   2.700   -113.03615497
  23.0   2.800   -113.01291230
  23.0   2.900   -112.99415704
  23.0   3.000   -112.97066682
  23.0   3.100   -112.95026628
  23.0   3.200   -112.93266405

  24.0   1.600   -112.76135282
  24.0   1.700   -112.92225406
  24.0   1.800   -113.02661387
  24.0   1.900   -113.09036387
  24.0   2.000   -113.12508768
  24.0   2.100   -113.13689893
  24.0   2.200   -113.13402526
  24.0   2.300   -113.12200129
  24.0   2.400   -113.10413168
  24.0   2.500   -113.08280107
  24.0   2.600   -113.06041410
  24.0   2.700   -113.03613743
  24.0   2.800   -113.01289273
  24.0   2.900   -112.99413564
  24.0   3.000   -112.97064383
  24.0   3.100   -112.95024198
  24.0   3.200   -112.93263876

  25.0   1.600   -112.76136178
  25.0   1.700   -112.92226103
  25.0   1.800   -113.02661871
  25.0   1.900   -113.09036649
  25.0   2.000   -113.12508801
  25.0   2.100   -113.13689693
  25.0   2.200   -113.13402092
  25.0   2.300   -113.12199465
  25.0   2.400   -113.10412277
  25.0   2.500   -113.08278997
  25.0   2.600   -113.06040092
  25.0   2.700   -113.03612230
  25.0   2.800   -113.01287580
  25.0   2.900   -112.99411711
  25.0   3.000   -112.97062392
  25.0   3.100   -112.95022093
  25.0   3.200   -112.93261683

  26.0   1.600   -112.76136992
  26.0   1.700   -112.92226740
  26.0   1.800   -113.02662320
  26.0   1.900   -113.09036901
  26.0   2.000   -113.12508851
  26.0   2.100   -113.13689538
  26.0   2.200   -113.13401731
  26.0   2.300   -113.12198899
  26.0   2.400   -113.10411511
  26.0   2.500   -113.08278037
  26.0   2.600   -113.06038949
  26.0   2.700   -113.03610915
  26.0   2.800   -113.01286107
  26.0   2.900   -112.99410097
  26.0   3.000   -112.97060656
  26.0   3.100   -112.95020257
  26.0   3.200   -112.93259770

  27.0   1.600   -112.76137733
  27.0   1.700   -112.92227323
  27.0   1.800   -113.02662736
  27.0   1.900   -113.09037143
  27.0   2.000   -113.12508913
  27.0   2.100   -113.13689417
  27.0   2.200   -113.13401427
  27.0   2.300   -113.12198413
  27.0   2.400   -113.10410848
  27.0   2.500   -113.08277203
  27.0   2.600   -113.06037951
  27.0   2.700   -113.03609765
  27.0   2.800   -113.01284817
  27.0   2.900   -112.99408682
  27.0   3.000   -112.97059133
  27.0   3.100   -112.95018645
  27.0   3.200   -112.93258091

  28.0   1.600   -112.76138408
  28.0   1.700   -112.92227858
  28.0   1.800   -113.02663122
  28.0   1.900   -113.09037373
  28.0   2.000   -113.12508982
  28.0   2.100   -113.13689323
  28.0   2.200   -113.13401169
  28.0   2.300   -113.12197994
  28.0   2.400   -113.10410270
  28.0   2.500   -113.08276472
  28.0   2.600   -113.06037075
  28.0   2.700   -113.03608753
  28.0   2.800   -113.01283681
  28.0   2.900   -112.99407434
  28.0   3.000   -112.97057789
  28.0   3.100   -112.95017222
  28.0   3.200   -112.93256608

  29.0   1.600   -112.76139025
  29.0   1.700   -112.92228349
  29.0   1.800   -113.02663479
  29.0   1.900   -113.09037590
  29.0   2.000   -113.12509056
  29.0   2.100   -113.13689251
  29.0   2.200   -113.13400950
  29.0   2.300   -113.12197629
  29.0   2.400   -113.10409764
  29.0   2.500   -113.08275829
  29.0   2.600   -113.06036301
  29.0   2.700   -113.03607857
  29.0   2.800   -113.01282674
  29.0   2.900   -112.99406328
  29.0   3.000   -112.97056597
  29.0   3.100   -112.95015959
  29.0   3.200   -112.93255291

  30.0   1.600   -112.76139591
  30.0   1.700   -112.92228801
  30.0   1.800   -113.02663810
  30.0   1.900   -113.09037795
  30.0   2.000   -113.12509131
  30.0   2.100   -113.13689195
  30.0   2.200   -113.13400763
  30.0   2.300   -113.12197311
  30.0   2.400   -113.10409318
  30.0   2.500   -113.08275260
  30.0   2.600   -113.06035615
  30.0   2.700   -113.03607062
  30.0   2.800   -113.01281778
  30.0   2.900   -112.99405343
  30.0   3.000   -112.97055535
  30.0   3.100   -112.95014833
  30.0   3.200   -112.93254117

  31.0   1.600   -112.76140109
  31.0   1.700   -112.92229217
  31.0   1.800   -113.02664118
  31.0   1.900   -113.09037989
  31.0   2.000   -113.12509208
  31.0   2.100   -113.13689153
  31.0   2.200   -113.13400601
  31.0   2.300   -113.12197032
  31.0   2.400   -113.10408923
  31.0   2.500   -113.08274754
  31.0   2.600   -113.06035003
  31.0   2.700   -113.03606351
  31.0   2.800   -113.01280977
  31.0   2.900   -112.99404461
  31.0   3.000   -112.97054583
  31.0   3.100   -112.95013825
  31.0   3.200   -112.93253066

  32.0   1.600   -112.76140586
  32.0   1.700   -112.92229601
  32.0   1.800   -113.02664403
  32.0   1.900   -113.09038171
  32.0   2.000   -113.12509284
  32.0   2.100   -113.13689121
  32.0   2.200   -113.13400461
  32.0   2.300   -113.12196785
  32.0   2.400   -113.10408572
  32.0   2.500   -113.08274302
  32.0   2.600   -113.06034456
  32.0   2.700   -113.03605714
  32.0   2.800   -113.01280258
  32.0   2.900   -112.99403669
  32.0   3.000   -112.97053728
  32.0   3.100   -112.95012918
  32.0   3.200   -112.93252120

  33.0   1.600   -112.76141026
  33.0   1.700   -112.92229956
  33.0   1.800   -113.02664668
  33.0   1.900   -113.09038342
  33.0   2.000   -113.12509359
  33.0   2.100   -113.13689098
  33.0   2.200   -113.13400340
  33.0   2.300   -113.12196567
  33.0   2.400   -113.10408258
  33.0   2.500   -113.08273897
  33.0   2.600   -113.06033963
  33.0   2.700   -113.03605140
  33.0   2.800   -113.01279610
  33.0   2.900   -112.99402954
  33.0   3.000   -112.97052956
  33.0   3.100   -112.95012099
  33.0   3.200   -112.93251265

  34.0   1.600   -112.76141432
  34.0   1.700   -112.92230285
  34.0   1.800   -113.02664915
  34.0   1.900   -113.09038504
  34.0   2.000   -113.12509432
  34.0   2.100   -113.13689082
  34.0   2.200   -113.13400234
  34.0   2.300   -113.12196372
  34.0   2.400   -113.10407977
  34.0   2.500   -113.08273532
  34.0   2.600   -113.06033519
  34.0   2.700   -113.03604622
  34.0   2.800   -113.01279024
  34.0   2.900   -112.99402308
  34.0   3.000   -112.97052258
  34.0   3.100   -112.95011358
  34.0   3.200   -112.93250491

  35.0   1.600   -112.76141807
  35.0   1.700   -112.92230589
  35.0   1.800   -113.02665145
  35.0   1.900   -113.09038655
  35.0   2.000   -113.12509503
  35.0   2.100   -113.13689071
  35.0   2.200   -113.13400142
  35.0   2.300   -113.12196198
  35.0   2.400   -113.10407724
  35.0   2.500   -113.08273203
  35.0   2.600   -113.06033117
  35.0   2.700   -113.03604152
  35.0   2.800   -113.01278492
  35.0   2.900   -112.99401721
  35.0   3.000   -112.97051623
  35.0   3.100   -112.95010684
  35.0   3.200   -112.93249788

  36.0   1.600   -112.76142155
  36.0   1.700   -112.92230873
  36.0   1.800   -113.02665359
  36.0   1.900   -113.09038798
  36.0   2.000   -113.12509572
  36.0   2.100   -113.13689064
  36.0   2.200   -113.13400060
  36.0   2.300   -113.12196042
  36.0   2.400   -113.10407496
  36.0   2.500   -113.08272904
  36.0   2.600   -113.06032752
  36.0   2.700   -113.03603725
  36.0   2.800   -113.01278008
  36.0   2.900   -112.99401186
  36.0   3.000   -112.97051044
  36.0   3.100   -112.95010069
  36.0   3.200   -112.93249146

  37.0   1.600   -112.76142478
  37.0   1.700   -112.92231136
  37.0   1.800   -113.02665559
  37.0   1.900   -113.09038932
  37.0   2.000   -113.12509638
  37.0   2.100   -113.13689062
  37.0   2.200   -113.13399988
  37.0   2.300   -113.12195902
  37.0   2.400   -113.10407289
  37.0   2.500   -113.08272632
  37.0   2.600   -113.06032420
  37.0   2.700   -113.03603335
  37.0   2.800   -113.01277566
  37.0   2.900   -112.99400697
  37.0   3.000   -112.97050515
  37.0   3.100   -112.95009507
  37.0   3.200   -112.93248560

  38.0   1.600   -112.76142779
  38.0   1.700   -112.92231381
  38.0   1.800   -113.02665746
  38.0   1.900   -113.09039058
  38.0   2.000   -113.12509701
  38.0   2.100   -113.13689062
  38.0   2.200   -113.13399925
  38.0   2.300   -113.12195776
  38.0   2.400   -113.10407100
  38.0   2.500   -113.08272385
  38.0   2.600   -113.06032116
  38.0   2.700   -113.03602979
  38.0   2.800   -113.01277161
  38.0   2.900   -112.99400249
  38.0   3.000   -112.97050031
  38.0   3.100   -112.95008992
  38.0   3.200   -112.93248021

  39.0   1.600   -112.76143058
  39.0   1.700   -112.92231610
  39.0   1.800   -113.02665921
  39.0   1.900   -113.09039177
  39.0   2.000   -113.12509762
  39.0   2.100   -113.13689064
  39.0   2.200   -113.13399868
  39.0   2.300   -113.12195661
  39.0   2.400   -113.10406929
  39.0   2.500   -113.08272159
  39.0   2.600   -113.06031837
  39.0   2.700   -113.03602652
  39.0   2.800   -113.01276790
  39.0   2.900   -112.99399838
  39.0   3.000   -112.97049585
  39.0   3.100   -112.95008519
  39.0   3.200   -112.93247527

  40.0   1.600   -112.76143319
  40.0   1.700   -112.92231824
  40.0   1.800   -113.02666085
  40.0   1.900   -113.09039289
  40.0   2.000   -113.12509821
  40.0   2.100   -113.13689068
  40.0   2.200   -113.13399818
  40.0   2.300   -113.12195557
  40.0   2.400   -113.10406772
  40.0   2.500   -113.08271951
  40.0   2.600   -113.06031582
  40.0   2.700   -113.03602351
  40.0   2.800   -113.01276448
  40.0   2.900   -112.99399460
  40.0   3.000   -112.97049175
  40.0   3.100   -112.95008083
  40.0   3.200   -112.93247071

  41.0   1.600   -112.76143563
  41.0   1.700   -112.92232024
  41.0   1.800   -113.02666239
  41.0   1.900   -113.09039394
  41.0   2.000   -113.12509877
  41.0   2.100   -113.13689074
  41.0   2.200   -113.13399773
  41.0   2.300   -113.12195462
  41.0   2.400   -113.10406628
  41.0   2.500   -113.08271760
  41.0   2.600   -113.06031346
  41.0   2.700   -113.03602074
  41.0   2.800   -113.01276133
  41.0   2.900   -112.99399110
  41.0   3.000   -112.97048797
  41.0   3.100   -112.95007680
  41.0   3.200   -112.93246650

  42.0   1.600   -112.76143791
  42.0   1.700   -112.92232212
  42.0   1.800   -113.02666384
  42.0   1.900   -113.09039494
  42.0   2.000   -113.12509930
  42.0   2.100   -113.13689080
  42.0   2.200   -113.13399733
  42.0   2.300   -113.12195375
  42.0   2.400   -113.10406496
  42.0   2.500   -113.08271585
  42.0   2.600   -113.06031129
  42.0   2.700   -113.03601818
  42.0   2.800   -113.01275841
  42.0   2.900   -112.99398787
  42.0   3.000   -112.97048446
  42.0   3.100   -112.95007307
  42.0   3.200   -112.93246260

  43.0   1.600   -112.76144004
  43.0   1.700   -112.92232387
  43.0   1.800   -113.02666519
  43.0   1.900   -113.09039588
  43.0   2.000   -113.12509981
  43.0   2.100   -113.13689088
  43.0   2.200   -113.13399697
  43.0   2.300   -113.12195296
  43.0   2.400   -113.10406375
  43.0   2.500   -113.08271422
  43.0   2.600   -113.06030928
  43.0   2.700   -113.03601581
  43.0   2.800   -113.01275571
  43.0   2.900   -112.99398488
  43.0   3.000   -112.97048122
  43.0   3.100   -112.95006962
  43.0   3.200   -112.93245899

  44.0   1.600   -112.76144204
  44.0   1.700   -112.92232553
  44.0   1.800   -113.02666647
  44.0   1.900   -113.09039677
  44.0   2.000   -113.12510030
  44.0   2.100   -113.13689096
  44.0   2.200   -113.13399664
  44.0   2.300   -113.12195223
  44.0   2.400   -113.10406263
  44.0   2.500   -113.08271272
  44.0   2.600   -113.06030742
  44.0   2.700   -113.03601361
  44.0   2.800   -113.01275321
  44.0   2.900   -112.99398210
  44.0   3.000   -112.97047820
  44.0   3.100   -112.95006641
  44.0   3.200   -112.93245563

  45.0   1.600   -112.76144392
  45.0   1.700   -112.92232708
  45.0   1.800   -113.02666768
  45.0   1.900   -113.09039761
  45.0   2.000   -113.12510077
  45.0   2.100   -113.13689105
  45.0   2.200   -113.13399635
  45.0   2.300   -113.12195156
  45.0   2.400   -113.10406159
  45.0   2.500   -113.08271133
  45.0   2.600   -113.06030569
  45.0   2.700   -113.03601157
  45.0   2.800   -113.01275088
  45.0   2.900   -112.99397951
  45.0   3.000   -112.97047539
  45.0   3.100   -112.95006342
  45.0   3.200   -112.93245251

  46.0   1.600   -112.76144569
  46.0   1.700   -112.92232854
  46.0   1.800   -113.02666881
  46.0   1.900   -113.09039840
  46.0   2.000   -113.12510121
  46.0   2.100   -113.13689114
  46.0   2.200   -113.13399608
  46.0   2.300   -113.12195094
  46.0   2.400   -113.10406063
  46.0   2.500   -113.08271004
  46.0   2.600   -113.06030409
  46.0   2.700   -113.03600967
  46.0   2.800   -113.01274871
  46.0   2.900   -112.99397711
  46.0   3.000   -112.97047278
  46.0   3.100   -112.95006063
  46.0   3.200   -112.93244959

  47.0   1.600   -112.76144736
  47.0   1.700   -112.92232992
  47.0   1.800   -113.02666988
  47.0   1.900   -113.09039916
  47.0   2.000   -113.12510164
  47.0   2.100   -113.13689123
  47.0   2.200   -113.13399584
  47.0   2.300   -113.12195038
  47.0   2.400   -113.10405974
  47.0   2.500   -113.08270884
  47.0   2.600   -113.06030259
  47.0   2.700   -113.03600790
  47.0   2.800   -113.01274668
  47.0   2.900   -112.99397486
  47.0   3.000   -112.97047033
  47.0   3.100   -112.95005803
  47.0   3.200   -112.93244687

  48.0   1.600   -112.76144893
  48.0   1.700   -112.92233122
  48.0   1.800   -113.02667090
  48.0   1.900   -113.09039987
  48.0   2.000   -113.12510205
  48.0   2.100   -113.13689133
  48.0   2.200   -113.13399563
  48.0   2.300   -113.12194985
  48.0   2.400   -113.10405891
  48.0   2.500   -113.08270772
  48.0   2.600   -113.06030119
  48.0   2.700   -113.03600624
  48.0   2.800   -113.01274479
  48.0   2.900   -112.99397275
  48.0   3.000   -112.97046805
  48.0   3.100   -112.95005560
  48.0   3.200   -112.93244432

  49.0   1.600   -112.76145041
  49.0   1.700   -112.92233244
  49.0   1.800   -113.02667186
  49.0   1.900   -113.09040055
  49.0   2.000   -113.12510243
  49.0   2.100   -113.13689142
  49.0   2.200   -113.13399543
  49.0   2.300   -113.12194936
  49.0   2.400   -113.10405814
  49.0   2.500   -113.08270667
  49.0   2.600   -113.06029989
  49.0   2.700   -113.03600470
  49.0   2.800   -113.01274302
  49.0   2.900   -112.99397079
  49.0   3.000   -112.97046591
  49.0   3.100   -112.95005332
  49.0   3.200   -112.93244193

  50.0   1.600   -112.76145181
  50.0   1.700   -112.92233361
  50.0   1.800   -113.02667276
  50.0   1.900   -113.09040119
  50.0   2.000   -113.12510281
  50.0   2.100   -113.13689152
  50.0   2.200   -113.13399525
  50.0   2.300   -113.12194891
  50.0   2.400   -113.10405742
  50.0   2.500   -113.08270569
  50.0   2.600   -113.06029866
  50.0   2.700   -113.03600325
  50.0   2.800   -113.01274136
  50.0   2.900   -112.99396894
  50.0   3.000   -112.97046390
  50.0   3.100   -112.95005118
  50.0   3.200   -112.93243969

