   0.6   1.600   -110.51807730
   0.6   1.700   -110.61461690
   0.6   1.800   -110.95539650
   0.6   1.900   -111.44486740
   0.6   2.000   -111.50535820
   0.6   2.100   -111.61565970
   0.6   2.200   -111.87407500
   0.6   2.300   -111.92158140
   0.6   2.400   -112.06383310
   0.6   2.500   -112.21674530
   0.6   2.600   -112.34450420
   0.6   2.700   -112.42943640
   0.6   2.800   -112.50110450
   0.6   2.900   -112.55344780
   0.6   3.000   -112.60643070
   0.6   3.100   -112.64457760
   0.6   3.200   -112.68266910

   0.8   1.600   -111.21290350
   0.8   1.700   -111.19075345
   0.8   1.800   -111.50967809
   0.8   1.900   -111.81113545
   0.8   2.000   -111.84145130
   0.8   2.100   -111.95562711
   0.8   2.200   -112.10725971
   0.8   2.300   -112.15826510
   0.8   2.400   -112.25196291
   0.8   2.500   -112.37242099
   0.8   2.600   -112.50184244
   0.8   2.700   -112.57470136
   0.8   2.800   -112.62418341
   0.8   2.900   -112.66119231
   0.8   3.000   -112.69672400
   0.8   3.100   -112.72329614
   0.8   3.200   -112.74965561

   1.0   1.600   -111.74494210
   1.0   1.700   -111.69778590
   1.0   1.800   -111.99517190
   1.0   1.900   -112.13504980
   1.0   2.000   -112.21401210
   1.0   2.100   -112.25437700
   1.0   2.200   -112.33188590
   1.0   2.300   -112.39740700
   1.0   2.400   -112.45851720
   1.0   2.500   -112.54691270
   1.0   2.600   -112.67595620
   1.0   2.700   -112.71873860
   1.0   2.800   -112.74874740
   1.0   2.900   -112.77097630
   1.0   3.000   -112.79065210
   1.0   3.100   -112.80583870
   1.0   3.200   -112.82092180

   1.2   1.600   -112.05596499
   1.2   1.700   -112.07857508
   1.2   1.800   -112.29437739
   1.2   1.900   -112.39166086
   1.2   2.000   -112.46883760
   1.2   2.100   -112.44912531
   1.2   2.200   -112.53559198
   1.2   2.300   -112.59888780
   1.2   2.400   -112.65334732
   1.2   2.500   -112.71838044
   1.2   2.600   -112.81007693
   1.2   2.700   -112.83535788
   1.2   2.800   -112.85112490
   1.2   2.900   -112.86240955
   1.2   3.000   -112.87168810
   1.2   3.100   -112.87744598
   1.2   3.200   -112.88400173

   1.4   1.600   -112.21767090
   1.4   1.700   -112.32696600
   1.4   1.800   -112.47041280
   1.4   1.900   -112.57002860
   1.4   2.000   -112.65051390
   1.4   2.100   -112.59433390
   1.4   2.200   -112.70658170
   1.4   2.300   -112.75866370
   1.4   2.400   -112.80944450
   1.4   2.500   -112.85761170
   1.4   2.600   -112.90275846
   1.4   2.700   -112.91915740
   1.4   2.800   -112.92576650
   1.4   2.900   -112.93021220
   1.4   3.000   -112.93157500
   1.4   3.100   -112.93251640
   1.4   3.200   -112.93333350

   1.6   1.600   -112.31801983
   1.6   1.700   -112.44953117
   1.6   1.800   -112.59842560
   1.6   1.900   -112.67001247
   1.6   2.000   -112.75024135
   1.6   2.100   -112.74737272
   1.6   2.200   -112.83410262
   1.6   2.300   -112.87908806
   1.6   2.400   -112.90897467
   1.6   2.500   -112.94278948
   1.6   2.600   -112.96327911
   1.6   2.700   -112.97147434
   1.6   2.800   -112.97304503
   1.6   2.900   -112.97401517
   1.6   3.000   -112.97126433
   1.6   3.100   -112.96889675
   1.6   3.200   -112.96621546

   1.8   1.600   -112.38009010
   1.8   1.700   -112.45276880
   1.8   1.800   -112.62106130
   1.8   1.900   -112.72066040
   1.8   2.000   -112.79717450
   1.8   2.100   -112.85999820
   1.8   2.200   -112.91101220
   1.8   2.300   -112.95202740
   1.8   2.400   -112.97077745
   1.8   2.500   -112.98905120
   1.8   2.600   -112.99924670
   1.8   2.700   -112.99981320
   1.8   2.800   -112.99890000
   1.8   2.900   -112.99798210
   1.8   3.000   -112.99372610
   1.8   3.100   -112.98906950
   1.8   3.200   -112.98448300

   2.0   1.600   -112.41275440
   2.0   1.700   -112.40826760
   2.0   1.800   -112.54558280
   2.0   1.900   -112.73723750
   2.0   2.000   -112.82499710
   2.0   2.100   -112.89083710
   2.0   2.200   -112.94054240
   2.0   2.300   -112.97761480
   2.0   2.400   -113.00139760
   2.0   2.500   -113.01365700
   2.0   2.600   -113.01549310
   2.0   2.700   -113.01218150
   2.0   2.800   -113.00999252
   2.0   2.900   -113.00715530
   2.0   3.000   -113.00204865
   2.0   3.100   -112.99654403
   2.0   3.200   -112.99103124

   2.1   1.600   -112.42274940
   2.1   1.700   -112.44373320
   2.1   1.800   -112.56564090
   2.1   1.900   -112.71269310
   2.1   2.000   -112.82974520
   2.1   2.100   -112.89869380
   2.1   2.200   -112.94798360
   2.1   2.300   -112.98412060
   2.1   2.400   -113.00615650
   2.1   2.500   -113.01636170
   2.1   2.600   -113.01836570
   2.1   2.700   -113.01376340
   2.1   2.800   -113.01128877
   2.1   2.900   -113.00746779
   2.1   3.000   -113.00200808
   2.1   3.100   -112.99645941
   2.1   3.200   -112.99072685

   2.2   1.600   -112.42962060
   2.2   1.700   -112.47546020
   2.2   1.800   -112.59437900
   2.2   1.900   -112.67720530
   2.2   2.000   -112.82104420
   2.2   2.100   -112.90149500
   2.2   2.200   -112.95255340
   2.2   2.300   -112.98747530
   2.2   2.400   -113.00789780
   2.2   2.500   -113.01659610
   2.2   2.600   -113.01909600
   2.2   2.700   -113.01330630
   2.2   2.800   -113.01030350
   2.2   2.900   -113.00555918
   2.2   3.000   -112.99977593
   2.2   3.100   -112.99430177
   2.2   3.200   -112.98845721

   2.3   1.600   -112.43413450
   2.3   1.700   -112.50330040
   2.3   1.800   -112.62087240
   2.3   1.900   -112.70002020
   2.3   2.000   -112.75648250
   2.3   2.100   -112.88773267
   2.3   2.200   -112.95421110
   2.3   2.300   -112.98832820
   2.3   2.400   -113.00726780
   2.3   2.500   -113.01483090
   2.3   2.600   -113.01635340
   2.3   2.700   -113.01146410
   2.3   2.800   -113.00745056
   2.3   2.900   -113.00190072
   2.3   3.000   -112.99580942
   2.3   3.100   -112.99042730
   2.3   3.200   -112.98453761

   2.4   1.600   -112.43655290
   2.4   1.700   -112.52753150
   2.4   1.800   -112.64425350
   2.4   1.900   -112.72223940
   2.4   2.000   -112.77357810
   2.4   2.100   -112.86462156
   2.4   2.200   -112.92401566
   2.4   2.300   -112.98723310
   2.4   2.400   -113.00487390
   2.4   2.500   -113.01139750
   2.4   2.600   -113.01214750
   2.4   2.700   -113.00840430
   2.4   2.800   -113.00314380
   2.4   2.900   -112.99696365
   2.4   3.000   -112.99056579
   2.4   3.100   -112.98519218
   2.4   3.200   -112.97928338

   2.5   1.600   -112.43738790
   2.5   1.700   -112.54834850
   2.5   1.800   -112.66461980
   2.5   1.900   -112.74211040
   2.5   2.000   -112.79237400
   2.5   2.100   -112.84463377
   2.5   2.200   -112.88083764
   2.5   2.300   -112.97381480
   2.5   2.400   -113.00110180
   2.5   2.500   -113.00674270
   2.5   2.600   -113.00669790
   2.5   2.700   -113.00378380
   2.5   2.800   -112.99775510
   2.5   2.900   -112.99121920
   2.5   3.000   -112.98450227
   2.5   3.100   -112.97895259
   2.5   3.200   -112.97300983

   2.6   1.600   -112.43180969
   2.6   1.700   -112.56635490
   2.6   1.800   -112.68218780
   2.6   1.900   -112.75944470
   2.6   2.000   -112.80946770
   2.6   2.100   -112.84024140
   2.6   2.200   -112.85844120
   2.6   2.300   -112.98040340
   2.6   2.400   -112.98514770
   2.6   2.500   -113.00117310
   2.6   2.600   -113.00075510
   2.6   2.700   -112.99768320
   2.6   2.800   -112.99152250
   2.6   2.900   -112.98504860
   2.6   3.000   -112.97807610
   2.6   3.100   -112.97206471
   2.6   3.200   -112.96603226

   2.7   1.600   -112.42179416
   2.7   1.700   -112.58095133
   2.7   1.800   -112.69719130
   2.7   1.900   -112.77432800
   2.7   2.000   -112.82443770
   2.7   2.100   -112.85551150
   2.7   2.200   -112.87338790
   2.7   2.300   -112.98588789
   2.7   2.400   -112.99074870
   2.7   2.500   -112.99765860
   2.7   2.600   -112.99410040
   2.7   2.700   -112.99079140
   2.7   2.800   -112.98476970
   2.7   2.900   -112.97835600
   2.7   3.000   -112.97157030
   2.7   3.100   -112.96488472
   2.7   3.200   -112.95866599

   2.8   1.600   -112.41153261
   2.8   1.700   -112.59273437
   2.8   1.800   -112.70857952
   2.8   1.900   -112.78691480
   2.8   2.000   -112.83726060
   2.8   2.100   -112.86890610
   2.8   2.200   -112.88779020
   2.8   2.300   -112.98373305
   2.8   2.400   -112.98471040
   2.8   2.500   -112.98831740
   2.8   2.600   -112.98682244
   2.8   2.700   -112.98345750
   2.8   2.800   -112.97775897
   2.8   2.900   -112.97136190
   2.8   3.000   -112.96471990
   2.8   3.100   -112.95776880
   2.8   3.200   -112.95122634

   2.9   1.600   -112.40521635
   2.9   1.700   -112.60269059
   2.9   1.800   -112.71711638
   2.9   1.900   -112.79732800
   2.9   2.000   -112.84794260
   2.9   2.100   -112.88030080
   2.9   2.200   -112.90036870
   2.9   2.300   -112.97602284
   2.9   2.400   -112.97826390
   2.9   2.500   -112.98135350
   2.9   2.600   -112.97934480
   2.9   2.700   -112.96496290
   2.9   2.800   -112.97050270
   2.9   2.900   -112.96421410
   2.9   3.000   -112.95770730
   2.9   3.100   -112.95090960
   2.9   3.200   -112.94402860

   3.0   1.600   -112.40703670
   3.0   1.700   -112.61180660
   3.0   1.800   -112.72414670
   3.0   1.900   -112.80309206
   3.0   2.000   -112.85643850
   3.0   2.100   -112.88948170
   3.0   2.200   -112.91063390
   3.0   2.300   -112.96484119
   3.0   2.400   -112.97121250
   3.0   2.500   -112.97425690
   3.0   2.600   -112.97200320
   3.0   2.700   -112.96614360
   3.0   2.800   -112.96301911
   3.0   2.900   -112.94978793
   3.0   3.000   -112.95064830
   3.0   3.100   -112.94400800
   3.0   3.200   -112.93721340

   3.1   1.600   -112.41795560
   3.1   1.700   -112.62090120
   3.1   1.800   -112.73101530
   3.1   1.900   -112.80611226
   3.1   2.000   -112.85925385
   3.1   2.100   -112.89615080
   3.1   2.200   -112.91806050
   3.1   2.300   -112.95227206
   3.1   2.400   -112.96261293
   3.1   2.500   -112.96710200
   3.1   2.600   -112.96465700
   3.1   2.700   -112.95858960
   3.1   2.800   -112.95559070
   3.1   2.900   -112.94016820
   3.1   3.000   -112.94362480
   3.1   3.100   -112.93714230
   3.1   3.200   -112.93050270

   3.2   1.600   -112.42893910
   3.2   1.700   -112.62990060
   3.2   1.800   -112.73863070
   3.2   1.900   -112.80966250
   3.2   2.000   -112.85884992
   3.2   2.100   -112.90403571
   3.2   2.200   -112.92214470
   3.2   2.300   -112.94039940
   3.2   2.400   -112.95340759
   3.2   2.500   -112.95997549
   3.2   2.600   -112.95742990
   3.2   2.700   -112.95117590
   3.2   2.800   -112.94845200
   3.2   2.900   -112.94281170
   3.2   3.000   -112.93834730
   3.2   3.100   -112.93037080
   3.2   3.200   -112.92390130

   3.3   1.600   -112.43888030
   3.3   1.700   -112.63794890
   3.3   1.800   -112.74622970
   3.3   1.900   -112.81575210
   3.3   2.000   -112.85954450
   3.3   2.100   -112.90288980
   3.3   2.200   -112.92230794
   3.3   2.300   -112.93130717
   3.3   2.400   -112.94453892
   3.3   2.500   -112.95313808
   3.3   2.600   -112.95054250
   3.3   2.700   -112.94425310
   3.3   2.800   -112.94147270
   3.3   2.900   -112.93590830
   3.3   3.000   -112.92991740
   3.3   3.100   -112.92392500
   3.3   3.200   -112.91744350

   3.4   1.600   -112.44766560
   3.4   1.700   -112.64501100
   3.4   1.800   -112.75306490
   3.4   1.900   -112.82204600
   3.4   2.000   -112.86396440
   3.4   2.100   -112.88981440
   3.4   2.200   -112.91678620
   3.4   2.300   -112.92707930
   3.4   2.400   -112.93694935
   3.4   2.500   -112.94633464
   3.4   2.600   -112.94260390
   3.4   2.700   -112.93815690
   3.4   2.800   -112.93471490
   3.4   2.900   -112.92919570
   3.4   3.000   -112.92331670
   3.4   3.100   -112.91676070
   3.4   3.200   -112.91480270

   3.5   1.600   -112.45537120
   3.5   1.700   -112.65116570
   3.5   1.800   -112.75907960
   3.5   1.900   -112.82777910
   3.5   2.000   -112.86897370
   3.5   2.100   -112.89218760
   3.5   2.200   -112.90770870
   3.5   2.300   -112.92571170
   3.5   2.400   -112.93158130
   3.5   2.500   -112.93931003
   3.5   2.600   -112.93584630
   3.5   2.700   -112.93149850
   3.5   2.800   -112.92824110
   3.5   2.900   -112.92270520
   3.5   3.000   -112.91692650
   3.5   3.100   -112.91102620
   3.5   3.200   -112.90668130

   3.6   1.600   -112.46209370
   3.6   1.700   -112.65650970
   3.6   1.800   -112.76432850
   3.6   1.900   -112.83285240
   3.6   2.000   -112.87366720
   3.6   2.100   -112.89579780
   3.6   2.200   -112.90749130
   3.6   2.300   -112.91720830
   3.6   2.400   -112.92752610
   3.6   2.500   -112.93180910
   3.6   2.600   -112.92936040
   3.6   2.700   -112.92480950
   3.6   2.800   -112.92220560
   3.6   2.900   -112.91648120
   3.6   3.000   -112.91077050
   3.6   3.100   -112.90499080
   3.6   3.200   -112.89919650

   3.7   1.600   -112.46794400
   3.7   1.700   -112.66113500
   3.7   1.800   -112.76888860
   3.7   1.900   -112.83729240
   3.7   2.000   -112.87787170
   3.7   2.100   -112.89943110
   3.7   2.200   -112.90941460
   3.7   2.300   -112.91441710
   3.7   2.400   -112.92029850
   3.7   2.500   -112.92407800
   3.7   2.600   -112.92302430
   3.7   2.700   -112.91842920
   3.7   2.800   -112.91575280
   3.7   2.900   -112.91057830
   3.7   3.000   -112.90487430
   3.7   3.100   -112.89919390
   3.7   3.200   -112.89355550

   3.8   1.600   -112.47301260
   3.8   1.700   -112.66512840
   3.8   1.800   -112.77283540
   3.8   1.900   -112.84115390
   3.8   2.000   -112.88157410
   3.8   2.100   -112.90278500
   3.8   2.200   -112.91184310
   3.8   2.300   -112.91447100
   3.8   2.400   -112.91612060
   3.8   2.500   -112.91785680
   3.8   2.600   -112.91698090
   3.8   2.700   -112.91063190
   3.8   2.800   -112.90959430
   3.8   2.900   -112.90511290
   3.8   3.000   -112.89928320
   3.8   3.100   -112.89365940
   3.8   3.200   -112.88816110

   3.9   1.600   -112.47739340
   3.9   1.700   -112.66856640
   3.9   1.800   -112.77624130
   3.9   1.900   -112.84449760
   3.9   2.000   -112.88480480
   3.9   2.100   -112.90578320
   3.9   2.200   -112.91428860
   3.9   2.300   -112.91557210
   3.9   2.400   -112.91453370
   3.9   2.500   -112.91346410
   3.9   2.600   -112.91165340
   3.9   2.700   -112.90530730
   3.9   2.800   -112.90380170
   3.9   2.900   -112.90074760
   3.9   3.000   -112.89407430
   3.9   3.100   -112.88842340
   3.9   3.200   -112.88303450

   4.0   1.600   -112.48117090
   4.0   1.700   -112.67151730
   4.0   1.800   -112.77917130
   4.0   1.900   -112.84738240
   4.0   2.000   -112.88760650
   4.0   2.100   -112.90842110
   4.0   2.200   -112.91653800
   4.0   2.300   -112.91700890
   4.0   2.400   -112.91430970
   4.0   2.500   -112.91097560
   4.0   2.600   -112.90749520
   4.0   2.700   -112.90306620
   4.0   2.800   -112.89847170
   4.0   2.900   -112.89348360
   4.0   3.000   -112.88944700
   4.0   3.100   -112.88355030
   4.0   3.200   -112.87820600

   4.1   1.600   -112.48442120
   4.1   1.700   -112.67404370
   4.1   1.800   -112.78168490
   4.1   1.900   -112.84986350
   4.1   2.000   -112.89002400
   4.1   2.100   -112.91071770
   4.1   2.200   -112.91857020
   4.1   2.300   -112.91850180
   4.1   2.400   -112.91471820
   4.1   2.500   -112.90978070
   4.1   2.600   -112.90460400
   4.1   2.700   -112.89901070
   4.1   2.800   -112.89349960
   4.1   2.900   -112.88822710
   4.1   3.000   -112.88399950
   4.1   3.100   -112.87921450
   4.1   3.200   -112.87373550

   4.2   1.600   -112.48721150
   4.2   1.700   -112.67620060
   4.2   1.800   -112.78383480
   4.2   1.900   -112.85199000
   4.2   2.000   -112.89210190
   4.2   2.100   -112.91270430
   4.2   2.200   -112.92036340
   4.2   2.300   -112.91992270
   4.2   2.400   -112.91540860
   4.2   2.500   -112.90934540
   4.2   2.600   -112.90275760
   4.2   2.700   -112.89608320
   4.2   2.800   -112.88958550
   4.2   2.900   -112.88359280
   4.2   3.000   -112.87841710
   4.2   3.100   -112.87455135
   4.2   3.200   -112.86976860

   4.4   1.600   -112.49163000
   4.4   1.700   -112.67959110
   4.4   1.800   -112.78722280
   4.4   1.900   -112.85535020
   4.4   2.000   -112.89539630
   4.4   2.100   -112.91587440
   4.4   2.200   -112.92327280
   4.4   2.300   -112.92236360
   4.4   2.400   -112.91696220
   4.4   2.500   -112.90952140
   4.4   2.600   -112.90102930
   4.4   2.700   -112.89278160
   4.4   2.800   -112.88449410
   4.4   2.900   -112.87677460
   4.4   3.000   -112.87008520
   4.4   3.100   -112.86508040
   4.4   3.200   -112.86435200

   4.6   1.600   -112.49483860
   4.6   1.700   -112.68200800
   4.6   1.800   -112.78964590
   4.6   1.900   -112.85776080
   4.6   2.000   -112.89776930
   4.6   2.100   -112.91817120
   4.6   2.200   -112.92541600
   4.6   2.300   -112.92423650
   4.6   2.400   -112.91834050
   4.6   2.500   -112.91013870
   4.6   2.600   -112.90058310
   4.6   2.700   -112.89139220
   4.6   2.800   -112.88193490
   4.6   2.900   -112.87289630
   4.6   3.000   -112.86468530
   4.6   3.100   -112.85789190
   4.6   3.200   -112.86460140

   4.8   1.600   -112.49713070
   4.8   1.700   -112.68370000
   4.8   1.800   -112.79134850
   4.8   1.900   -112.85945880
   4.8   2.000   -112.89944670
   4.8   2.100   -112.91980130
   4.8   2.200   -112.92693860
   4.8   2.300   -112.92559360
   4.8   2.400   -112.91940020
   4.8   2.500   -112.91075620
   4.8   2.600   -112.90060820
   4.8   2.700   -112.89082490
   4.8   2.800   -112.88066760
   4.8   2.900   -112.87081860
   4.8   3.000   -112.86159280
   4.8   3.100   -112.85340550
   4.8   3.200   -112.84777350

   5.0   1.600   -112.49869700
   5.0   1.700   -112.68485140
   5.0   1.800   -112.79251380
   5.0   1.900   -112.86062650
   5.0   2.000   -112.90060550
   5.0   2.100   -112.92093200
   5.0   2.200   -112.92799930
   5.0   2.300   -112.92654960
   5.0   2.400   -112.92016620
   5.0   2.500   -112.91124170
   5.0   2.600   -112.90081140
   5.0   2.700   -112.89058560
   5.0   2.800   -112.88000490
   5.0   2.900   -112.86967370
   5.0   3.000   -112.85984880
   5.0   3.100   -112.85081220
   5.0   3.200   -112.84324940

   5.2   1.600   -112.49976400
   5.2   1.700   -112.68561470
   5.2   1.800   -112.79329050
   5.2   1.900   -112.86140840
   5.2   2.000   -112.90138510
   5.2   2.100   -112.92169560
   5.2   2.200   -112.92871450
   5.2   2.300   -112.92719640
   5.2   2.400   -112.92069240
   5.2   2.500   -112.91158610
   5.2   2.600   -112.90110230
   5.2   2.700   -112.89046680
   5.2   2.800   -112.87962170
   5.2   2.900   -112.86899790
   5.2   3.000   -112.85882180
   5.2   3.100   -112.84930390
   5.2   3.200   -112.84079210

   5.4   1.600   -112.50047140
   5.4   1.700   -112.68610130
   5.4   1.800   -112.79379010
   5.4   1.900   -112.86191480
   5.4   2.000   -112.90189320
   5.4   2.100   -112.92219540
   5.4   2.200   -112.92918650
   5.4   2.300   -112.92762747
   5.4   2.400   -112.92104129
   5.4   2.500   -112.91181133
   5.4   2.600   -112.90133576
   5.4   2.700   -112.89038600
   5.4   2.800   -112.87937090
   5.4   2.900   -112.86856400
   5.4   3.000   -112.85817670
   5.4   3.100   -112.84838460
   5.4   3.200   -112.83939300

   5.6   1.600   -112.50092280
   5.6   1.700   -112.68639410
   5.6   1.800   -112.79409510
   5.6   1.900   -112.86222730
   5.6   2.000   -112.90220990
   5.6   2.100   -112.92250890
   5.6   2.200   -112.92948422
   5.6   2.300   -112.92789634
   5.6   2.400   -112.92125442
   5.6   2.500   -112.91194181
   5.6   2.600   -112.90148627
   5.6   2.700   -112.89031330
   5.6   2.800   -112.87918650
   5.6   2.900   -112.86826180
   5.6   3.000   -112.85774340
   5.6   3.100   -112.84779040
   5.6   3.200   -112.83854680

   5.8   1.600   -112.50119510
   5.8   1.700   -112.68655380
   5.8   1.800   -112.79426610
   5.8   1.900   -112.86240610
   5.8   2.000   -112.90239410
   5.8   2.100   -112.92269330
   5.8   2.200   -112.92965430
   5.8   2.300   -112.92804504
   5.8   2.400   -112.92136710
   5.8   2.500   -112.91200196
   5.8   2.600   -112.90156654
   5.8   2.700   -112.89024197
   5.8   2.800   -112.87903860
   5.8   2.900   -112.86803680
   5.8   3.000   -112.85743500
   5.8   3.100   -112.84738440
   5.8   3.200   -112.83800260

   6.0   1.600   -112.50134490
   6.0   1.700   -112.68662460
   6.0   1.800   -112.79434700
   6.0   1.900   -112.86249460
   6.0   2.000   -112.90248860
   6.0   2.100   -112.92278980
   6.0   2.200   -112.92973980
   6.0   2.300   -112.92811560
   6.0   2.400   -112.92141470
   6.0   2.500   -112.91201620
   6.0   2.600   -112.90158927
   6.0   2.700   -112.89017182
   6.0   2.800   -112.87891400
   6.0   2.900   -112.86786090
   6.0   3.000   -112.85720490
   6.0   3.100   -112.84709350
   6.0   3.200   -112.83763270

   7.0   1.600   -112.50133110
   7.0   1.700   -112.68646680
   7.0   1.800   -112.79422190
   7.0   1.900   -112.86239670
   7.0   2.000   -112.90241530
   7.0   2.100   -112.92273220
   7.0   2.200   -112.92968860
   7.0   2.300   -112.92804870
   7.0   2.400   -112.92131020
   7.0   2.500   -112.91184930
   7.0   2.600   -112.90128460
   7.0   2.700   -112.88985422
   7.0   2.800   -112.87847883
   7.0   2.900   -112.86734910
   7.0   3.000   -112.85655974
   7.0   3.100   -112.84639140
   7.0   3.200   -112.83681830

   8.0   1.600   -112.50111100
   8.0   1.700   -112.68623330
   8.0   1.800   -112.79400030
   8.0   1.900   -112.86218650
   8.0   2.000   -112.90221590
   8.0   2.100   -112.92254260
   8.0   2.200   -112.92950690
   8.0   2.300   -112.92787110
   8.0   2.400   -112.92113280
   8.0   2.500   -112.91166720
   8.0   2.600   -112.90110220
   8.0   2.700   -112.88963160
   8.0   2.800   -112.87826814
   8.0   2.900   -112.86712468
   8.0   3.000   -112.85636910
   8.0   3.100   -112.84614780
   8.0   3.200   -112.83656250

   9.0   1.600   -112.50097590
   9.0   1.700   -112.68610120
   9.0   1.800   -112.79387240
   9.0   1.900   -112.86206280
   9.0   2.000   -112.90209640
   9.0   2.100   -112.92242730
   9.0   2.200   -112.92939570
   9.0   2.300   -112.92776340
   9.0   2.400   -112.92102780
   9.0   2.500   -112.91156380
   9.0   2.600   -112.90099900
   9.0   2.700   -112.88952930
   9.0   2.800   -112.87817880
   9.0   2.900   -112.86702570
   9.0   3.000   -112.85626620
   9.0   3.100   -112.84604410
   9.0   3.200   -112.83645760

  10.0   1.600   -112.50090330
  10.0   1.700   -112.68603130
  10.0   1.800   -112.79380400
  10.0   1.900   -112.86199610
  10.0   2.000   -112.90203150
  10.0   2.100   -112.92236430
  10.0   2.200   -112.92933460
  10.0   2.300   -112.92770430
  10.0   2.400   -112.92097050
  10.0   2.500   -112.91150800
  10.0   2.600   -112.90094240
  10.0   2.700   -112.88947570
  10.0   2.800   -112.87812600
  10.0   2.900   -112.86697350
  10.0   3.000   -112.85621460
  10.0   3.100   -112.84599280
  10.0   3.200   -112.83640630

  12.0   1.600   -112.50083900
  12.0   1.700   -112.68596940
  12.0   1.800   -112.79374320
  12.0   1.900   -112.86193640
  12.0   2.000   -112.90197310
  12.0   2.100   -112.92230730
  12.0   2.200   -112.92927930
  12.0   2.300   -112.92765070
  12.0   2.400   -112.92091850
  12.0   2.500   -112.91145760
  12.0   2.600   -112.90089070
  12.0   2.700   -112.88942770
  12.0   2.800   -112.87807900
  12.0   2.900   -112.86692740
  12.0   3.000   -112.85616910
  12.0   3.100   -112.84594770
  12.0   3.200   -112.83636130

  14.0   1.600   -112.50081350
  14.0   1.700   -112.68594480
  14.0   1.800   -112.79371880
  14.0   1.900   -112.86191240
  14.0   2.000   -112.90194950
  14.0   2.100   -112.92228430
  14.0   2.200   -112.92925690
  14.0   2.300   -112.92762900
  14.0   2.400   -112.92089760
  14.0   2.500   -112.91143720
  14.0   2.600   -112.90086950
  14.0   2.700   -112.88940840
  14.0   2.800   -112.87806010
  14.0   2.900   -112.86690890
  14.0   3.000   -112.85615090
  14.0   3.100   -112.84592950
  14.0   3.200   -112.83634300

  16.0   1.600   -112.50080130
  16.0   1.700   -112.68593300
  16.0   1.800   -112.79370710
  16.0   1.900   -112.86190090
  16.0   2.000   -112.90193820
  16.0   2.100   -112.92227320
  16.0   2.200   -112.92924610
  16.0   2.300   -112.92761860
  16.0   2.400   -112.92088750
  16.0   2.500   -112.91142740
  16.0   2.600   -112.90085920
  16.0   2.700   -112.88939920
  16.0   2.800   -112.87805110
  16.0   2.900   -112.86690010
  16.0   3.000   -112.85614220
  16.0   3.100   -112.84592090
  16.0   3.200   -112.83633430

  18.0   1.600   -112.50079490
  18.0   1.700   -112.68592670
  18.0   1.800   -112.79370090
  18.0   1.900   -112.86189470
  18.0   2.000   -112.90193210
  18.0   2.100   -112.92226730
  18.0   2.200   -112.92924040
  18.0   2.300   -112.92761300
  18.0   2.400   -112.92088210
  18.0   2.500   -112.91142230
  18.0   2.600   -112.90085370
  18.0   2.700   -112.88939430
  18.0   2.800   -112.87804640
  18.0   2.900   -112.86689540
  18.0   3.000   -112.85613760
  18.0   3.100   -112.84591630
  18.0   3.200   -112.83632950

  20.0   1.600   -112.50079120
  20.0   1.700   -112.68592310
  20.0   1.800   -112.79369730
  20.0   1.900   -112.86189120
  20.0   2.000   -112.90192860
  20.0   2.100   -112.92226390
  20.0   2.200   -112.92923710
  20.0   2.300   -112.92760990
  20.0   2.400   -112.92087910
  20.0   2.500   -112.91141940
  20.0   2.600   -112.90085050
  20.0   2.700   -112.88939160
  20.0   2.800   -112.87804380
  20.0   2.900   -112.86689280
  20.0   3.000   -112.85613510
  20.0   3.100   -112.84591380
  20.0   3.200   -112.83632690

  21.0   1.600   -112.50079085
  21.0   1.700   -112.68592297
  21.0   1.800   -112.79369714
  21.0   1.900   -112.86189088
  21.0   2.000   -112.90192871
  21.0   2.100   -112.92226412
  21.0   2.200   -112.92923665
  21.0   2.300   -112.92760982
  21.0   2.400   -112.92087916
  21.0   2.500   -112.91141920
  21.0   2.600   -112.90085048
  21.0   2.700   -112.88939155
  21.0   2.800   -112.87804394
  21.0   2.900   -112.86689322
  21.0   3.000   -112.85613494
  21.0   3.100   -112.84591366
  21.0   3.200   -112.83632695

  22.0   1.600   -112.50080298
  22.0   1.700   -112.68593210
  22.0   1.800   -112.79370309
  22.0   1.900   -112.86189350
  22.0   2.000   -112.90192789
  22.0   2.100   -112.92225982
  22.0   2.200   -112.92922884
  22.0   2.300   -112.92759853
  22.0   2.400   -112.92086445
  22.0   2.500   -112.91140119
  22.0   2.600   -112.90082933
  22.0   2.700   -112.88936744
  22.0   2.800   -112.87801712
  22.0   2.900   -112.86686396
  22.0   3.000   -112.85610357
  22.0   3.100   -112.84588053
  22.0   3.200   -112.83629247

  23.0   1.600   -112.50081392
  23.0   1.700   -112.68594044
  23.0   1.800   -112.79370867
  23.0   1.900   -112.86189619
  23.0   2.000   -112.90192761
  23.0   2.100   -112.92225650
  23.0   2.200   -112.92922248
  23.0   2.300   -112.92758915
  23.0   2.400   -112.92085212
  23.0   2.500   -112.91138600
  23.0   2.600   -112.90081141
  23.0   2.700   -112.88934697
  23.0   2.800   -112.87799430
  23.0   2.900   -112.86683904
  23.0   3.000   -112.85607682
  23.0   3.100   -112.84585228
  23.0   3.200   -112.83626305

  24.0   1.600   -112.50082382
  24.0   1.700   -112.68594806
  24.0   1.800   -112.79371387
  24.0   1.900   -112.86189887
  24.0   2.000   -112.90192768
  24.0   2.100   -112.92225393
  24.0   2.200   -112.92921726
  24.0   2.300   -112.92758129
  24.0   2.400   -112.92084168
  24.0   2.500   -112.91137307
  24.0   2.600   -112.90079610
  24.0   2.700   -112.88932943
  24.0   2.800   -112.87797473
  24.0   2.900   -112.86681764
  24.0   3.000   -112.85605383
  24.0   3.100   -112.84582798
  24.0   3.200   -112.83623776

  25.0   1.600   -112.50083278
  25.0   1.700   -112.68595503
  25.0   1.800   -112.79371871
  25.0   1.900   -112.86190149
  25.0   2.000   -112.90192801
  25.0   2.100   -112.92225193
  25.0   2.200   -112.92921292
  25.0   2.300   -112.92757465
  25.0   2.400   -112.92083277
  25.0   2.500   -112.91136197
  25.0   2.600   -112.90078292
  25.0   2.700   -112.88931430
  25.0   2.800   -112.87795780
  25.0   2.900   -112.86679911
  25.0   3.000   -112.85603392
  25.0   3.100   -112.84580693
  25.0   3.200   -112.83621583

  26.0   1.600   -112.50084092
  26.0   1.700   -112.68596140
  26.0   1.800   -112.79372320
  26.0   1.900   -112.86190401
  26.0   2.000   -112.90192851
  26.0   2.100   -112.92225038
  26.0   2.200   -112.92920931
  26.0   2.300   -112.92756899
  26.0   2.400   -112.92082511
  26.0   2.500   -112.91135237
  26.0   2.600   -112.90077149
  26.0   2.700   -112.88930115
  26.0   2.800   -112.87794307
  26.0   2.900   -112.86678297
  26.0   3.000   -112.85601656
  26.0   3.100   -112.84578857
  26.0   3.200   -112.83619670

  27.0   1.600   -112.50084833
  27.0   1.700   -112.68596723
  27.0   1.800   -112.79372736
  27.0   1.900   -112.86190643
  27.0   2.000   -112.90192913
  27.0   2.100   -112.92224917
  27.0   2.200   -112.92920627
  27.0   2.300   -112.92756413
  27.0   2.400   -112.92081848
  27.0   2.500   -112.91134403
  27.0   2.600   -112.90076151
  27.0   2.700   -112.88928965
  27.0   2.800   -112.87793017
  27.0   2.900   -112.86676882
  27.0   3.000   -112.85600133
  27.0   3.100   -112.84577245
  27.0   3.200   -112.83617991

  28.0   1.600   -112.50085508
  28.0   1.700   -112.68597258
  28.0   1.800   -112.79373122
  28.0   1.900   -112.86190873
  28.0   2.000   -112.90192982
  28.0   2.100   -112.92224823
  28.0   2.200   -112.92920369
  28.0   2.300   -112.92755994
  28.0   2.400   -112.92081270
  28.0   2.500   -112.91133672
  28.0   2.600   -112.90075275
  28.0   2.700   -112.88927953
  28.0   2.800   -112.87791881
  28.0   2.900   -112.86675634
  28.0   3.000   -112.85598789
  28.0   3.100   -112.84575822
  28.0   3.200   -112.83616508

  29.0   1.600   -112.50086125
  29.0   1.700   -112.68597749
  29.0   1.800   -112.79373479
  29.0   1.900   -112.86191090
  29.0   2.000   -112.90193056
  29.0   2.100   -112.92224751
  29.0   2.200   -112.92920150
  29.0   2.300   -112.92755629
  29.0   2.400   -112.92080764
  29.0   2.500   -112.91133029
  29.0   2.600   -112.90074501
  29.0   2.700   -112.88927057
  29.0   2.800   -112.87790874
  29.0   2.900   -112.86674528
  29.0   3.000   -112.85597597
  29.0   3.100   -112.84574559
  29.0   3.200   -112.83615191

  30.0   1.600   -112.50086691
  30.0   1.700   -112.68598201
  30.0   1.800   -112.79373810
  30.0   1.900   -112.86191295
  30.0   2.000   -112.90193131
  30.0   2.100   -112.92224695
  30.0   2.200   -112.92919963
  30.0   2.300   -112.92755311
  30.0   2.400   -112.92080318
  30.0   2.500   -112.91132460
  30.0   2.600   -112.90073815
  30.0   2.700   -112.88926262
  30.0   2.800   -112.87789978
  30.0   2.900   -112.86673543
  30.0   3.000   -112.85596535
  30.0   3.100   -112.84573433
  30.0   3.200   -112.83614017

  31.0   1.600   -112.50087209
  31.0   1.700   -112.68598617
  31.0   1.800   -112.79374118
  31.0   1.900   -112.86191489
  31.0   2.000   -112.90193208
  31.0   2.100   -112.92224653
  31.0   2.200   -112.92919801
  31.0   2.300   -112.92755032
  31.0   2.400   -112.92079923
  31.0   2.500   -112.91131954
  31.0   2.600   -112.90073203
  31.0   2.700   -112.88925551
  31.0   2.800   -112.87789177
  31.0   2.900   -112.86672661
  31.0   3.000   -112.85595583
  31.0   3.100   -112.84572425
  31.0   3.200   -112.83612966

  32.0   1.600   -112.50087686
  32.0   1.700   -112.68599001
  32.0   1.800   -112.79374403
  32.0   1.900   -112.86191671
  32.0   2.000   -112.90193284
  32.0   2.100   -112.92224621
  32.0   2.200   -112.92919661
  32.0   2.300   -112.92754785
  32.0   2.400   -112.92079572
  32.0   2.500   -112.91131502
  32.0   2.600   -112.90072656
  32.0   2.700   -112.88924914
  32.0   2.800   -112.87788458
  32.0   2.900   -112.86671869
  32.0   3.000   -112.85594728
  32.0   3.100   -112.84571518
  32.0   3.200   -112.83612020

  33.0   1.600   -112.50088126
  33.0   1.700   -112.68599356
  33.0   1.800   -112.79374668
  33.0   1.900   -112.86191842
  33.0   2.000   -112.90193359
  33.0   2.100   -112.92224598
  33.0   2.200   -112.92919540
  33.0   2.300   -112.92754567
  33.0   2.400   -112.92079258
  33.0   2.500   -112.91131097
  33.0   2.600   -112.90072163
  33.0   2.700   -112.88924340
  33.0   2.800   -112.87787810
  33.0   2.900   -112.86671154
  33.0   3.000   -112.85593956
  33.0   3.100   -112.84570699
  33.0   3.200   -112.83611165

  34.0   1.600   -112.50088532
  34.0   1.700   -112.68599685
  34.0   1.800   -112.79374915
  34.0   1.900   -112.86192004
  34.0   2.000   -112.90193432
  34.0   2.100   -112.92224582
  34.0   2.200   -112.92919434
  34.0   2.300   -112.92754372
  34.0   2.400   -112.92078977
  34.0   2.500   -112.91130732
  34.0   2.600   -112.90071719
  34.0   2.700   -112.88923822
  34.0   2.800   -112.87787224
  34.0   2.900   -112.86670508
  34.0   3.000   -112.85593258
  34.0   3.100   -112.84569958
  34.0   3.200   -112.83610391

  35.0   1.600   -112.50088907
  35.0   1.700   -112.68599989
  35.0   1.800   -112.79375145
  35.0   1.900   -112.86192155
  35.0   2.000   -112.90193503
  35.0   2.100   -112.92224571
  35.0   2.200   -112.92919342
  35.0   2.300   -112.92754198
  35.0   2.400   -112.92078724
  35.0   2.500   -112.91130403
  35.0   2.600   -112.90071317
  35.0   2.700   -112.88923352
  35.0   2.800   -112.87786692
  35.0   2.900   -112.86669921
  35.0   3.000   -112.85592623
  35.0   3.100   -112.84569284
  35.0   3.200   -112.83609688

  36.0   1.600   -112.50089255
  36.0   1.700   -112.68600273
  36.0   1.800   -112.79375359
  36.0   1.900   -112.86192298
  36.0   2.000   -112.90193572
  36.0   2.100   -112.92224564
  36.0   2.200   -112.92919260
  36.0   2.300   -112.92754042
  36.0   2.400   -112.92078496
  36.0   2.500   -112.91130104
  36.0   2.600   -112.90070952
  36.0   2.700   -112.88922925
  36.0   2.800   -112.87786208
  36.0   2.900   -112.86669386
  36.0   3.000   -112.85592044
  36.0   3.100   -112.84568669
  36.0   3.200   -112.83609046

  37.0   1.600   -112.50089578
  37.0   1.700   -112.68600536
  37.0   1.800   -112.79375559
  37.0   1.900   -112.86192432
  37.0   2.000   -112.90193638
  37.0   2.100   -112.92224562
  37.0   2.200   -112.92919188
  37.0   2.300   -112.92753902
  37.0   2.400   -112.92078289
  37.0   2.500   -112.91129832
  37.0   2.600   -112.90070620
  37.0   2.700   -112.88922535
  37.0   2.800   -112.87785766
  37.0   2.900   -112.86668897
  37.0   3.000   -112.85591515
  37.0   3.100   -112.84568107
  37.0   3.200   -112.83608460

  38.0   1.600   -112.50089879
  38.0   1.700   -112.68600781
  38.0   1.800   -112.79375746
  38.0   1.900   -112.86192558
  38.0   2.000   -112.90193701
  38.0   2.100   -112.92224562
  38.0   2.200   -112.92919125
  38.0   2.300   -112.92753776
  38.0   2.400   -112.92078100
  38.0   2.500   -112.91129585
  38.0   2.600   -112.90070316
  38.0   2.700   -112.88922179
  38.0   2.800   -112.87785361
  38.0   2.900   -112.86668449
  38.0   3.000   -112.85591031
  38.0   3.100   -112.84567592
  38.0   3.200   -112.83607921

  39.0   1.600   -112.50090158
  39.0   1.700   -112.68601010
  39.0   1.800   -112.79375921
  39.0   1.900   -112.86192677
  39.0   2.000   -112.90193762
  39.0   2.100   -112.92224564
  39.0   2.200   -112.92919068
  39.0   2.300   -112.92753661
  39.0   2.400   -112.92077929
  39.0   2.500   -112.91129359
  39.0   2.600   -112.90070037
  39.0   2.700   -112.88921852
  39.0   2.800   -112.87784990
  39.0   2.900   -112.86668038
  39.0   3.000   -112.85590585
  39.0   3.100   -112.84567119
  39.0   3.200   -112.83607427

  40.0   1.600   -112.50090419
  40.0   1.700   -112.68601224
  40.0   1.800   -112.79376085
  40.0   1.900   -112.86192789
  40.0   2.000   -112.90193821
  40.0   2.100   -112.92224568
  40.0   2.200   -112.92919018
  40.0   2.300   -112.92753557
  40.0   2.400   -112.92077772
  40.0   2.500   -112.91129151
  40.0   2.600   -112.90069782
  40.0   2.700   -112.88921551
  40.0   2.800   -112.87784648
  40.0   2.900   -112.86667660
  40.0   3.000   -112.85590175
  40.0   3.100   -112.84566683
  40.0   3.200   -112.83606971

  41.0   1.600   -112.50090663
  41.0   1.700   -112.68601424
  41.0   1.800   -112.79376239
  41.0   1.900   -112.86192894
  41.0   2.000   -112.90193877
  41.0   2.100   -112.92224574
  41.0   2.200   -112.92918973
  41.0   2.300   -112.92753462
  41.0   2.400   -112.92077628
  41.0   2.500   -112.91128960
  41.0   2.600   -112.90069546
  41.0   2.700   -112.88921274
  41.0   2.800   -112.87784333
  41.0   2.900   -112.86667310
  41.0   3.000   -112.85589797
  41.0   3.100   -112.84566280
  41.0   3.200   -112.83606550

  42.0   1.600   -112.50090891
  42.0   1.700   -112.68601612
  42.0   1.800   -112.79376384
  42.0   1.900   -112.86192994
  42.0   2.000   -112.90193930
  42.0   2.100   -112.92224580
  42.0   2.200   -112.92918933
  42.0   2.300   -112.92753375
  42.0   2.400   -112.92077496
  42.0   2.500   -112.91128785
  42.0   2.600   -112.90069329
  42.0   2.700   -112.88921018
  42.0   2.800   -112.87784041
  42.0   2.900   -112.86666987
  42.0   3.000   -112.85589446
  42.0   3.100   -112.84565907
  42.0   3.200   -112.83606160

  43.0   1.600   -112.50091104
  43.0   1.700   -112.68601787
  43.0   1.800   -112.79376519
  43.0   1.900   -112.86193088
  43.0   2.000   -112.90193981
  43.0   2.100   -112.92224588
  43.0   2.200   -112.92918897
  43.0   2.300   -112.92753296
  43.0   2.400   -112.92077375
  43.0   2.500   -112.91128622
  43.0   2.600   -112.90069128
  43.0   2.700   -112.88920781
  43.0   2.800   -112.87783771
  43.0   2.900   -112.86666688
  43.0   3.000   -112.85589122
  43.0   3.100   -112.84565562
  43.0   3.200   -112.83605799

  44.0   1.600   -112.50091304
  44.0   1.700   -112.68601953
  44.0   1.800   -112.79376647
  44.0   1.900   -112.86193177
  44.0   2.000   -112.90194030
  44.0   2.100   -112.92224596
  44.0   2.200   -112.92918864
  44.0   2.300   -112.92753223
  44.0   2.400   -112.92077263
  44.0   2.500   -112.91128472
  44.0   2.600   -112.90068942
  44.0   2.700   -112.88920561
  44.0   2.800   -112.87783521
  44.0   2.900   -112.86666410
  44.0   3.000   -112.85588820
  44.0   3.100   -112.84565241
  44.0   3.200   -112.83605463

  45.0   1.600   -112.50091492
  45.0   1.700   -112.68602108
  45.0   1.800   -112.79376768
  45.0   1.900   -112.86193261
  45.0   2.000   -112.90194077
  45.0   2.100   -112.92224605
  45.0   2.200   -112.92918835
  45.0   2.300   -112.92753156
  45.0   2.400   -112.92077159
  45.0   2.500   -112.91128333
  45.0   2.600   -112.90068769
  45.0   2.700   -112.88920357
  45.0   2.800   -112.87783288
  45.0   2.900   -112.86666151
  45.0   3.000   -112.85588539
  45.0   3.100   -112.84564942
  45.0   3.200   -112.83605151

  46.0   1.600   -112.50091669
  46.0   1.700   -112.68602254
  46.0   1.800   -112.79376881
  46.0   1.900   -112.86193340
  46.0   2.000   -112.90194121
  46.0   2.100   -112.92224614
  46.0   2.200   -112.92918808
  46.0   2.300   -112.92753094
  46.0   2.400   -112.92077063
  46.0   2.500   -112.91128204
  46.0   2.600   -112.90068609
  46.0   2.700   -112.88920167
  46.0   2.800   -112.87783071
  46.0   2.900   -112.86665911
  46.0   3.000   -112.85588278
  46.0   3.100   -112.84564663
  46.0   3.200   -112.83604859

  47.0   1.600   -112.50091836
  47.0   1.700   -112.68602392
  47.0   1.800   -112.79376988
  47.0   1.900   -112.86193416
  47.0   2.000   -112.90194164
  47.0   2.100   -112.92224623
  47.0   2.200   -112.92918784
  47.0   2.300   -112.92753038
  47.0   2.400   -112.92076974
  47.0   2.500   -112.91128084
  47.0   2.600   -112.90068459
  47.0   2.700   -112.88919990
  47.0   2.800   -112.87782868
  47.0   2.900   -112.86665686
  47.0   3.000   -112.85588033
  47.0   3.100   -112.84564403
  47.0   3.200   -112.83604587

  48.0   1.600   -112.50091993
  48.0   1.700   -112.68602522
  48.0   1.800   -112.79377090
  48.0   1.900   -112.86193487
  48.0   2.000   -112.90194205
  48.0   2.100   -112.92224633
  48.0   2.200   -112.92918763
  48.0   2.300   -112.92752985
  48.0   2.400   -112.92076891
  48.0   2.500   -112.91127972
  48.0   2.600   -112.90068319
  48.0   2.700   -112.88919824
  48.0   2.800   -112.87782679
  48.0   2.900   -112.86665475
  48.0   3.000   -112.85587805
  48.0   3.100   -112.84564160
  48.0   3.200   -112.83604332

  49.0   1.600   -112.50092141
  49.0   1.700   -112.68602644
  49.0   1.800   -112.79377186
  49.0   1.900   -112.86193555
  49.0   2.000   -112.90194243
  49.0   2.100   -112.92224642
  49.0   2.200   -112.92918743
  49.0   2.300   -112.92752936
  49.0   2.400   -112.92076814
  49.0   2.500   -112.91127867
  49.0   2.600   -112.90068189
  49.0   2.700   -112.88919670
  49.0   2.800   -112.87782502
  49.0   2.900   -112.86665279
  49.0   3.000   -112.85587591
  49.0   3.100   -112.84563932
  49.0   3.200   -112.83604093

  50.0   1.600   -112.50092281
  50.0   1.700   -112.68602761
  50.0   1.800   -112.79377276
  50.0   1.900   -112.86193619
  50.0   2.000   -112.90194281
  50.0   2.100   -112.92224652
  50.0   2.200   -112.92918725
  50.0   2.300   -112.92752891
  50.0   2.400   -112.92076742
  50.0   2.500   -112.91127769
  50.0   2.600   -112.90068066
  50.0   2.700   -112.88919525
  50.0   2.800   -112.87782336
  50.0   2.900   -112.86665094
  50.0   3.000   -112.85587390
  50.0   3.100   -112.84563718
  50.0   3.200   -112.83603869

