   0.4   1.600   -110.74682590
   0.4   1.700   -111.17561000
   0.4   1.800   -111.52500709
   0.4   1.900   -111.78578455
   0.4   2.000   -112.00322520
   0.4   2.100   -112.17250550
   0.4   2.200   -112.31365300
   0.4   2.300   -112.40453420
   0.4   2.400   -112.52271550
   0.4   2.500   -112.59702740
   0.4   2.600   -112.66708450
   0.4   2.700   -112.72308460
   0.4   2.800   -112.77939536
   0.4   2.900   -112.81783394
   0.4   3.000   -112.84636080
   0.4   3.100   -112.87551257
   0.4   3.200   -112.90168505

   0.6   1.600   -111.32437930
   0.6   1.700   -111.65886920
   0.6   1.800   -111.92956180
   0.6   1.900   -112.12493180
   0.6   2.000   -112.29591530
   0.6   2.100   -112.41932100
   0.6   2.200   -112.51864780
   0.6   2.300   -112.58044420
   0.6   2.400   -112.66937240
   0.6   2.500   -112.72238420
   0.6   2.600   -112.76779050
   0.6   2.700   -112.80825550
   0.6   2.800   -112.84981030
   0.6   2.900   -112.87872680
   0.6   3.000   -112.89721650
   0.6   3.100   -112.91810380
   0.6   3.200   -112.93811060

   0.8   1.600   -111.81918910
   0.8   1.700   -112.06848530
   0.8   1.800   -112.28426221
   0.8   1.900   -112.42664157
   0.8   2.000   -112.53989310
   0.8   2.100   -112.63199910
   0.8   2.200   -112.70405600
   0.8   2.300   -112.75069635
   0.8   2.400   -112.80246170
   0.8   2.500   -112.83018230
   0.8   2.600   -112.86003390
   0.8   2.700   -112.88764650
   0.8   2.800   -112.91595991
   0.8   2.900   -112.93618786
   0.8   3.000   -112.94583170
   0.8   3.100   -112.95871385
   0.8   3.200   -112.97298650

   1.0   1.600   -112.18852360
   1.0   1.700   -112.38816460
   1.0   1.800   -112.56133880
   1.0   1.900   -112.66729170
   1.0   2.000   -112.74524030
   1.0   2.100   -112.80770750
   1.0   2.200   -112.88094420
   1.0   2.300   -112.88957520
   1.0   2.400   -112.93426700
   1.0   2.500   -112.95825230
   1.0   2.600   -112.94230840
   1.0   2.700   -112.95704030
   1.0   2.800   -112.97691370
   1.0   2.900   -112.98659840
   1.0   3.000   -112.98985170
   1.0   3.100   -112.99523250
   1.0   3.200   -113.00318500

   1.2   1.600   -112.43381470
   1.2   1.700   -112.62565360
   1.2   1.800   -112.74385812
   1.2   1.900   -112.83077678
   1.2   2.000   -112.89229374
   1.2   2.100   -112.93530565
   1.2   2.200   -113.00227434
   1.2   2.300   -112.98022556
   1.2   2.400   -113.01743692
   1.2   2.500   -113.01469500
   1.2   2.600   -113.02950550
   1.2   2.700   -113.04311750
   1.2   2.800   -113.03027656
   1.2   2.900   -113.02678130
   1.2   3.000   -113.02682841
   1.2   3.100   -113.02552169
   1.2   3.200   -113.02616413

   1.4   1.600   -112.61041850
   1.4   1.700   -112.78588700
   1.4   1.800   -112.85823110
   1.4   1.900   -112.93105850
   1.4   2.000   -112.98683267
   1.4   2.100   -113.02022591
   1.4   2.200   -113.06999748
   1.4   2.300   -113.04123320
   1.4   2.400   -113.06413360
   1.4   2.500   -113.06632600
   1.4   2.600   -113.06411140
   1.4   2.700   -113.06132470
   1.4   2.800   -113.06779490
   1.4   2.900   -113.05532590
   1.4   3.000   -113.05394010
   1.4   3.100   -113.04733210
   1.4   3.200   -113.04172490

   1.6   1.600   -112.71875983
   1.6   1.700   -112.88582355
   1.6   1.800   -112.93631604
   1.6   1.900   -112.98961529
   1.6   2.000   -113.04340403
   1.6   2.100   -113.07287396
   1.6   2.200   -113.10300210
   1.6   2.300   -113.09347636
   1.6   2.400   -113.10024567
   1.6   2.500   -113.10093683
   1.6   2.600   -113.08859902
   1.6   2.700   -113.07847838
   1.6   2.800   -113.08384388
   1.6   2.900   -113.07205187
   1.6   3.000   -113.06922170
   1.6   3.100   -113.05916783
   1.6   3.200   -113.05036261

   1.8   1.600   -112.76937051
   1.8   1.700   -112.93943714
   1.8   1.800   -112.98841642
   1.8   1.900   -113.02792560
   1.8   2.000   -113.07655470
   1.8   2.100   -113.10365550
   1.8   2.200   -113.12017670
   1.8   2.300   -113.13156230
   1.8   2.400   -113.12718400
   1.8   2.500   -113.11939020
   1.8   2.600   -113.10972370
   1.8   2.700   -113.09944350
   1.8   2.800   -113.08917200
   1.8   2.900   -113.07993380
   1.8   3.000   -113.07450840
   1.8   3.100   -113.06265810
   1.8   3.200   -113.05300660

   2.0   1.600   -112.78025361
   2.0   1.700   -112.95887007
   2.0   1.800   -113.01944703
   2.0   1.900   -113.05903710
   2.0   2.000   -113.09884960
   2.0   2.100   -113.12234130
   2.0   2.200   -113.13493120
   2.0   2.300   -113.14889570
   2.0   2.400   -113.14187540
   2.0   2.500   -113.13158980
   2.0   2.600   -113.11941910
   2.0   2.700   -113.10656860
   2.0   2.800   -113.09379450
   2.0   2.900   -113.08202240
   2.0   3.000   -113.07261580
   2.0   3.100   -113.06006960
   2.0   3.200   -113.05068200

   2.1   1.600   -112.77642328
   2.1   1.700   -112.95956326
   2.1   1.800   -113.02859704
   2.1   1.900   -113.06725060
   2.1   2.000   -113.10704430
   2.1   2.100   -113.12922930
   2.1   2.200   -113.13966290
   2.1   2.300   -113.15352280
   2.1   2.400   -113.14554840
   2.1   2.500   -113.13434810
   2.1   2.600   -113.12126620
   2.1   2.700   -113.10745860
   2.1   2.800   -113.09378310
   2.1   2.900   -113.08106040
   2.1   3.000   -113.06987250
   2.1   3.100   -113.05705400
   2.1   3.200   -113.04796250

   2.2   1.600   -112.76941221
   2.2   1.700   -112.95626465
   2.2   1.800   -113.03432265
   2.2   1.900   -113.07169370
   2.2   2.000   -113.11202820
   2.2   2.100   -113.13452480
   2.2   2.200   -113.14304380
   2.2   2.300   -113.15607830
   2.2   2.400   -113.14731630
   2.2   2.500   -113.13535190
   2.2   2.600   -113.12152940
   2.2   2.700   -113.10697700
   2.2   2.800   -113.09250670
   2.2   2.900   -113.07898350
   2.2   3.000   -113.06629790
   2.2   3.100   -113.05322780
   2.2   3.200   -113.04438000

   2.3   1.600   -112.76147078
   2.3   1.700   -112.95049203
   2.3   1.800   -113.03723820
   2.3   1.900   -113.07305520
   2.3   2.000   -113.11469860
   2.3   2.100   -113.13830830
   2.3   2.200   -113.14518940
   2.3   2.300   -113.15697990
   2.3   2.400   -113.14754390
   2.3   2.500   -113.13493650
   2.3   2.600   -113.12048700
   2.3   2.700   -113.10530680
   2.3   2.800   -113.09020580
   2.3   2.900   -113.07602600
   2.3   3.000   -113.06205670
   2.3   3.100   -113.04876040
   2.3   3.200   -113.04009750

   2.4   1.600   -112.75484938
   2.4   1.700   -112.94376319
   2.4   1.800   -113.03795804
   2.4   1.900   -113.07481940
   2.4   2.000   -113.11539960
   2.4   2.100   -113.14068230
   2.4   2.200   -113.14618340
   2.4   2.300   -113.15658000
   2.4   2.400   -113.14655940
   2.4   2.500   -113.13340100
   2.4   2.600   -113.11841410
   2.4   2.700   -113.10270380
   2.4   2.800   -113.08708020
   2.4   2.900   -113.07234220
   2.4   3.000   -113.05730670
   2.4   3.100   -113.04380420
   2.4   3.200   -113.03523690

   2.5   1.600   -112.75179839
   2.5   1.700   -112.93759591
   2.5   1.800   -113.03709653
   2.5   1.900   -113.07771280
   2.5   2.000   -113.11554870
   2.5   2.100   -113.14137730
   2.5   2.200   -113.14619520
   2.5   2.300   -113.15517220
   2.5   2.400   -113.14464000
   2.5   2.500   -113.13099820
   2.5   2.600   -113.11553320
   2.5   2.700   -113.09936550
   2.5   2.800   -113.08329660
   2.5   2.900   -113.06809950
   2.5   3.000   -113.05218240
   2.5   3.100   -113.03849230
   2.5   3.200   -113.02994480

   2.6   1.600   -112.75456820
   2.6   1.700   -112.93350798
   2.6   1.800   -113.03526800
   2.6   1.900   -113.08022090
   2.6   2.000   -113.11656110
   2.6   2.100   -113.14070960
   2.6   2.200   -113.14529450
   2.6   2.300   -113.15300300
   2.6   2.400   -113.14202120
   2.6   2.500   -113.12793990
   2.6   2.600   -113.11203630
   2.6   2.700   -113.09545490
   2.6   2.800   -113.07900500
   2.6   2.900   -113.06342200
   2.6   3.000   -113.04681960
   2.6   3.100   -113.03296810
   2.6   3.200   -113.02434710

   2.7   1.600   -112.76203690
   2.7   1.700   -112.93301720
   2.7   1.800   -113.03307760
   2.7   1.900   -113.08272000
   2.7   2.000   -113.11752560
   2.7   2.100   -113.13852860
   2.7   2.200   -113.14351210
   2.7   2.300   -113.15032480
   2.7   2.400   -113.13892010
   2.7   2.500   -113.12440600
   2.7   2.600   -113.10809080
   2.7   2.700   -113.09112490
   2.7   2.800   -113.07433200
   2.7   2.900   -113.05841640
   2.7   3.000   -113.04124560
   2.7   3.100   -113.02725640
   2.7   3.200   -113.01852590

   2.8   1.600   -112.76430780
   2.8   1.700   -112.93573410
   2.8   1.800   -113.03280830
   2.8   1.900   -113.08577330
   2.8   2.000   -113.11934920
   2.8   2.100   -113.13613340
   2.8   2.200   -113.14147740
   2.8   2.300   -113.14728740
   2.8   2.400   -113.13550550
   2.8   2.500   -113.12058900
   2.8   2.600   -113.10383860
   2.8   2.700   -113.08650930
   2.8   2.800   -113.06938760
   2.8   2.900   -113.05316780
   2.8   3.000   -113.03553290
   2.8   3.100   -113.02161750
   2.8   3.200   -113.01257100

   2.9   1.600   -112.76505800
   2.9   1.700   -112.93609610
   2.9   1.800   -113.03813590
   2.9   1.900   -113.08825350
   2.9   2.000   -113.12127250
   2.9   2.100   -113.13533570
   2.9   2.200   -113.13939520
   2.9   2.300   -113.14410630
   2.9   2.400   -113.13197330
   2.9   2.500   -113.11660090
   2.9   2.600   -113.09942430
   2.9   2.700   -113.08171900
   2.9   2.800   -113.06426860
   2.9   2.900   -113.04776210
   2.9   3.000   -113.02975950
   2.9   3.100   -113.01571240
   2.9   3.200   -113.00656480

   3.0   1.600   -112.76533150
   3.0   1.700   -112.93557410
   3.0   1.800   -113.03840670
   3.0   1.900   -113.08999800
   3.0   2.000   -113.12300670
   3.0   2.100   -113.13611750
   3.0   2.200   -113.13793040
   3.0   2.300   -113.14102150
   3.0   2.400   -113.12850030
   3.0   2.500   -113.11262130
   3.0   2.600   -113.09496770
   3.0   2.700   -113.07684810
   3.0   2.800   -113.05905210
   3.0   2.900   -113.04226530
   3.0   3.000   -113.02410280
   3.0   3.100   -113.00977420
   3.0   3.200   -113.00054910

   3.1   1.600   -112.76535270
   3.1   1.700   -112.93471640
   3.1   1.800   -113.03802010
   3.1   1.900   -113.09106880
   3.1   2.000   -113.12451540
   3.1   2.100   -113.13770490
   3.1   2.200   -113.13765490
   3.1   2.300   -113.13836250
   3.1   2.400   -113.12527900
   3.1   2.500   -113.10882870
   3.1   2.600   -113.09061220
   3.1   2.700   -113.07201290
   3.1   2.800   -113.05381560
   3.1   2.900   -113.03672190
   3.1   3.000   -113.01828610
   3.1   3.100   -113.00385730
   3.1   3.200   -112.99455260

   3.2   1.600   -112.76525770
   3.2   1.700   -112.93373610
   3.2   1.800   -113.03733470
   3.2   1.900   -113.09168250
   3.2   2.000   -113.12546430
   3.2   2.100   -113.13884060
   3.2   2.200   -113.13833350
   3.2   2.300   -113.13654830
   3.2   2.400   -113.12254950
   3.2   2.500   -113.10539310
   3.2   2.600   -113.08651850
   3.2   2.700   -113.06733160
   3.2   2.800   -113.04865940
   3.2   2.900   -113.03120170
   3.2   3.000   -113.01251050
   3.2   3.100   -112.99796440
   3.2   3.200   -112.98859520

   3.3   1.600   -112.76512710
   3.3   1.700   -112.93274920
   3.3   1.800   -113.03652150
   3.3   1.900   -113.09200700
   3.3   2.000   -113.12606180
   3.3   2.100   -113.13979320
   3.3   2.200   -113.13896740
   3.3   2.300   -113.13562330
   3.3   2.400   -113.12053940
   3.3   2.500   -113.10252420
   3.3   2.600   -113.08285490
   3.3   2.700   -113.06294040
   3.3   2.800   -113.04368040
   3.3   2.900   -113.02577830
   3.3   3.000   -113.00679410
   3.3   3.100   -112.99215230
   3.3   3.200   -112.98269380

   3.4   1.600   -112.76500500
   3.4   1.700   -112.93180670
   3.4   1.800   -113.03569290
   3.4   1.900   -113.09217110
   3.4   2.000   -113.12646170
   3.4   2.100   -113.14036110
   3.4   2.200   -113.13961200
   3.4   2.300   -113.13518770
   3.4   2.400   -113.11925860
   3.4   2.500   -113.10040430
   3.4   2.600   -113.07980320
   3.4   2.700   -113.05900420
   3.4   2.800   -113.03899020
   3.4   2.900   -113.02052970
   3.4   3.000   -113.00120640
   3.4   3.100   -112.98639500
   3.4   3.200   -112.97685450

   3.5   1.600   -112.76490240
   3.5   1.700   -112.93095210
   3.5   1.800   -113.03490230
   3.5   1.900   -113.09222760
   3.5   2.000   -113.12663420
   3.5   2.100   -113.14069080
   3.5   2.200   -113.14004780
   3.5   2.300   -113.13488790
   3.5   2.400   -113.11846160
   3.5   2.500   -113.09893210
   3.5   2.600   -113.07758590
   3.5   2.700   -113.05572040
   3.5   2.800   -113.03473330
   3.5   2.900   -113.01554150
   3.5   3.000   -112.99578750
   3.5   3.100   -112.98075550
   3.5   3.200   -112.97107800

   3.6   1.600   -112.76481110
   3.6   1.700   -112.93018540
   3.6   1.800   -113.03417470
   3.6   1.900   -113.09224320
   3.6   2.000   -113.12671220
   3.6   2.100   -113.14086410
   3.6   2.200   -113.14030150
   3.6   2.300   -113.13456480
   3.6   2.400   -113.11789730
   3.6   2.500   -113.09785760
   3.6   2.600   -113.07605730
   3.6   2.700   -113.05333410
   3.6   2.800   -113.03109010
   3.6   2.900   -113.01091340
   3.6   3.000   -112.99058130
   3.6   3.100   -112.97525320
   3.6   3.200   -112.96536330

   3.7   1.600   -112.76472760
   3.7   1.700   -112.92951140
   3.7   1.800   -113.03351840
   3.7   1.900   -113.09223690
   3.7   2.000   -113.12673190
   3.7   2.100   -113.14094630
   3.7   2.200   -113.14043750
   3.7   2.300   -113.13418690
   3.7   2.400   -113.11742460
   3.7   2.500   -113.09706700
   3.7   2.600   -113.07486840
   3.7   2.700   -113.05186560
   3.7   2.800   -113.02831950
   3.7   2.900   -113.00679320
   3.7   3.000   -112.98570170
   3.7   3.100   -112.97095510
   3.7   3.200   -112.96177810

   3.8   1.600   -112.76466570
   3.8   1.700   -112.92894020
   3.8   1.800   -113.03293870
   3.8   1.900   -113.09221900
   3.8   2.000   -113.12673590
   3.8   2.100   -113.14097750
   3.8   2.200   -113.14050180
   3.8   2.300   -113.13377670
   3.8   2.400   -113.11698250
   3.8   2.500   -113.09643160
   3.8   2.600   -113.07392850
   3.8   2.700   -113.05068160
   3.8   2.800   -113.02685340
   3.8   2.900   -113.00337870
   3.8   3.000   -112.98117390
   3.8   3.100   -112.96855310
   3.8   3.200   -112.95911510

   3.9   1.600   -112.76462090
   3.9   1.700   -112.92843190
   3.9   1.800   -113.03223790
   3.9   1.900   -113.09219840
   3.9   2.000   -113.12672880
   3.9   2.100   -113.14098980
   3.9   2.200   -113.14052640
   3.9   2.300   -113.13335810
   3.9   2.400   -113.11655610
   3.9   2.500   -113.09588840
   3.9   2.600   -113.07317390
   3.9   2.700   -113.04967210
   3.9   2.800   -113.02600070
   3.9   2.900   -113.00102940
   3.9   3.000   -112.97715920
   3.9   3.100   -112.96659390
   3.9   3.200   -112.95673100

   4.0   1.600   -112.76459520
   4.0   1.700   -112.92798520
   4.0   1.800   -113.03157430
   4.0   1.900   -113.09561480
   4.0   2.000   -113.12717390
   4.0   2.100   -113.14099270
   4.0   2.200   -113.14053470
   4.0   2.300   -113.13295890
   4.0   2.400   -113.11614960
   4.0   2.500   -113.09540990
   4.0   2.600   -113.07254920
   4.0   2.700   -113.04884490
   4.0   2.800   -113.02501750
   4.0   2.900   -113.00108260
   4.0   3.000   -112.97419190
   4.0   3.100   -112.96510730
   4.0   3.200   -112.95304953

   4.1   1.600   -112.76458180
   4.1   1.700   -112.92759970
   4.1   1.800   -113.03163200
   4.1   1.900   -113.09520860
   4.1   2.000   -113.12716120
   4.1   2.100   -113.14099180
   4.1   2.200   -113.14053210
   4.1   2.300   -113.13259030
   4.1   2.400   -113.11577160
   4.1   2.500   -113.09497510
   4.1   2.600   -113.07201310
   4.1   2.700   -113.04815870
   4.1   2.800   -113.02417230
   4.1   2.900   -113.00070680
   4.1   3.000   -112.97374620
   4.1   3.100   -112.96557445
   4.1   3.200   -112.94853594

   4.2   1.600   -112.76457800
   4.2   1.700   -112.92726710
   4.2   1.800   -113.03130030
   4.2   1.900   -113.09484150
   4.2   2.000   -113.12715470
   4.2   2.100   -113.14099080
   4.2   2.200   -113.14052610
   4.2   2.300   -113.13225530
   4.2   2.400   -113.11542480
   4.2   2.500   -113.09458800
   4.2   2.600   -113.07154630
   4.2   2.700   -113.04757730
   4.2   2.800   -113.02346620
   4.2   2.900   -112.99990900
   4.2   3.000   -112.97385570
   4.2   3.100   -112.96394830
   4.2   3.200   -112.94430009

   4.4   1.600   -112.76725390
   4.4   1.700   -112.92673080
   4.4   1.800   -113.03076630
   4.4   1.900   -113.09427100
   4.4   2.000   -113.12713770
   4.4   2.100   -113.14099940
   4.4   2.200   -113.14051410
   4.4   2.300   -113.13168840
   4.4   2.400   -113.11483060
   4.4   2.500   -113.09392890
   4.4   2.600   -113.07077240
   4.4   2.700   -113.04664170
   4.4   2.800   -113.02235560
   4.4   2.900   -112.99861550
   4.4   3.000   -112.97356500
   4.4   3.100   -112.96284039
   4.4   3.200   -112.94110100

   4.6   1.600   -112.77123940
   4.6   1.700   -112.92632990
   4.6   1.800   -113.03036720
   4.6   1.900   -113.09385140
   4.6   2.000   -113.12711800
   4.6   2.100   -113.14098960
   4.6   2.200   -113.14049280
   4.6   2.300   -113.13124940
   4.6   2.400   -113.11436580
   4.6   2.500   -113.09341120
   4.6   2.600   -113.07017280
   4.6   2.700   -113.04592910
   4.6   2.800   -113.02152250
   4.6   2.900   -112.99764090
   4.6   3.000   -112.97644070
   4.6   3.100   -112.96489700
   4.6   3.200   -112.94715087

   4.8   1.600   -112.77426160
   4.8   1.700   -112.92912800
   4.8   1.800   -113.03006010
   4.8   1.900   -113.09353010
   4.8   2.000   -113.12710280
   4.8   2.100   -113.14096040
   4.8   2.200   -113.14046160
   4.8   2.300   -113.13091450
   4.8   2.400   -113.11401060
   4.8   2.500   -113.09301470
   4.8   2.600   -113.06971360
   4.8   2.700   -113.04538480
   4.8   2.800   -113.02088780
   4.8   2.900   -112.99689340
   4.8   3.000   -112.97906940
   4.8   3.100   -112.96741730
   4.8   3.200   -112.95083350

   5.0   1.600   -112.77657420
   5.0   1.700   -112.93150380
   5.0   1.800   -113.03099340
   5.0   1.900   -113.09327490
   5.0   2.000   -113.12707570
   5.0   2.100   -113.14092080
   5.0   2.200   -113.14040540
   5.0   2.300   -113.13065730
   5.0   2.400   -113.11373580
   5.0   2.500   -113.09271030
   5.0   2.600   -113.06936140
   5.0   2.700   -113.04496770
   5.0   2.800   -113.02040150
   5.0   2.900   -112.99631730
   5.0   3.000   -112.98121400
   5.0   3.100   -112.96949620
   5.0   3.200   -112.95449480

   5.2   1.600   -112.77825790
   5.2   1.700   -112.93326470
   5.2   1.800   -113.03268270
   5.2   1.900   -113.09306970
   5.2   2.000   -113.12702400
   5.2   2.100   -113.14088070
   5.2   2.200   -113.14035780
   5.2   2.300   -113.13045480
   5.2   2.400   -113.11351460
   5.2   2.500   -113.09246450
   5.2   2.600   -113.06908100
   5.2   2.700   -113.04463900
   5.2   2.800   -113.02002060
   5.2   2.900   -112.99586720
   5.2   3.000   -112.98286550
   5.2   3.100   -112.97112400
   5.2   3.200   -112.95716590

   5.4   1.600   -112.77948120
   5.4   1.700   -112.93454900
   5.4   1.800   -113.03391660
   5.4   1.900   -113.09324000
   5.4   2.000   -113.12698110
   5.4   2.100   -113.14083930
   5.4   2.200   -113.14031280
   5.4   2.300   -113.13027640
   5.4   2.400   -113.11332440
   5.4   2.500   -113.09225350
   5.4   2.600   -113.06884110
   5.4   2.700   -113.04436200
   5.4   2.800   -113.01970990
   5.4   2.900   -112.99648070
   5.4   3.000   -112.98410260
   5.4   3.100   -112.97234850
   5.4   3.200   -112.95941150

   5.6   1.600   -112.78035560
   5.6   1.700   -112.93546990
   5.6   1.800   -113.03480000
   5.6   1.900   -113.09408360
   5.6   2.000   -113.12691290
   5.6   2.100   -113.14079970
   5.6   2.200   -113.14026540
   5.6   2.300   -113.13011480
   5.6   2.400   -113.11315590
   5.6   2.500   -113.09207120
   5.6   2.600   -113.06863830
   5.6   2.700   -113.04413080
   5.6   2.800   -113.01944460
   5.6   2.900   -112.99744760
   5.6   3.000   -112.98501600
   5.6   3.100   -112.97324140
   5.6   3.200   -112.96046900

   5.8   1.600   -112.78096940
   5.8   1.700   -112.93611830
   5.8   1.800   -113.03541970
   5.8   1.900   -113.09467140
   5.8   2.000   -113.12685460
   5.8   2.100   -113.14071870
   5.8   2.200   -113.14021300
   5.8   2.300   -113.12996800
   5.8   2.400   -113.11300630
   5.8   2.500   -113.09191310
   5.8   2.600   -113.06846550
   5.8   2.700   -113.04393740
   5.8   2.800   -113.01922560
   5.8   2.900   -112.99813690
   5.8   3.000   -112.98567000
   5.8   3.100   -112.97388420
   5.8   3.200   -112.96121940

   6.0   1.600   -112.78139070
   6.0   1.700   -112.93656620
   6.0   1.800   -113.03584670
   6.0   1.900   -113.09507650
   6.0   2.000   -113.12678330
   6.0   2.100   -113.14065030
   6.0   2.200   -113.14012310
   6.0   2.300   -113.12984680
   6.0   2.400   -113.11288060
   6.0   2.500   -113.09177960
   6.0   2.600   -113.06832020
   6.0   2.700   -113.04377580
   6.0   2.800   -113.01904390
   6.0   2.900   -112.99861480
   6.0   3.000   -112.98612530
   6.0   3.100   -112.97433450
   6.0   3.200   -112.96174580

   7.0   1.600   -112.78203770
   7.0   1.700   -112.93727690
   7.0   1.800   -113.03651450
   7.0   1.900   -113.09569270
   7.0   2.000   -113.12647200
   7.0   2.100   -113.14026370
   7.0   2.200   -113.14007230
   7.0   2.300   -113.12981500
   7.0   2.400   -113.11302660
   7.0   2.500   -113.09219160
   7.0   2.600   -113.07106530
   7.0   2.700   -113.04555670
   7.0   2.800   -113.02056660
   7.0   2.900   -112.99938050
   7.0   3.000   -112.98686290
   7.0   3.100   -112.97510080
   7.0   3.200   -112.96265210

   8.0   1.600   -112.78196600
   8.0   1.700   -112.93721920
   8.0   1.800   -113.03644840
   8.0   1.900   -113.09561600
   8.0   2.000   -113.12636720
   8.0   2.100   -113.13998980
   8.0   2.200   -113.13952500
   8.0   2.300   -113.12918390
   8.0   2.400   -113.11226460
   8.0   2.500   -113.09121250
   8.0   2.600   -113.06850690
   8.0   2.700   -113.04394270
   8.0   2.800   -113.01768880
   8.0   2.900   -112.99876780
   8.0   3.000   -112.98681100
   8.0   3.100   -112.97504590
   8.0   3.200   -112.96264300

   9.0   1.600   -112.78186250
   9.0   1.700   -112.93711790
   9.0   1.800   -113.03634540
   9.0   1.900   -113.09551100
   9.0   2.000   -113.12625740
   9.0   2.100   -113.13978140
   9.0   2.200   -113.13932890
   9.0   2.300   -113.12898160
   9.0   2.400   -113.11205180
   9.0   2.500   -113.09096750
   9.0   2.600   -113.06764480
   9.0   2.700   -113.04308050
   9.0   2.800   -113.01818740
   9.0   2.900   -112.99906790
   9.0   3.000   -112.98670420
   9.0   3.100   -112.97494040
   9.0   3.200   -112.96254800

  10.0   1.600   -112.78179790
  10.0   1.700   -112.93705330
  10.0   1.800   -113.03628040
  10.0   1.900   -113.09544550
  10.0   2.000   -113.12619110
  10.0   2.100   -113.13968560
  10.0   2.200   -113.13925150
  10.0   2.300   -113.12891880
  10.0   2.400   -113.11199950
  10.0   2.500   -113.09091530
  10.0   2.600   -113.06747640
  10.0   2.700   -113.04289920
  10.0   2.800   -113.01810740
  10.0   2.900   -112.99912700
  10.0   3.000   -112.98663820
  10.0   3.100   -112.97487200
  10.0   3.200   -112.96248180

  12.0   1.600   -112.78173850
  12.0   1.700   -112.93699350
  12.0   1.800   -113.03622030
  12.0   1.900   -113.09538520
  12.0   2.000   -113.12613060
  12.0   2.100   -113.13956930
  12.0   2.200   -113.13916450
  12.0   2.300   -113.12885850
  12.0   2.400   -113.11196330
  12.0   2.500   -113.09090490
  12.0   2.600   -113.06745590
  12.0   2.700   -113.04288990
  12.0   2.800   -113.01810600
  12.0   2.900   -112.99909110
  12.0   3.000   -112.98657580
  12.0   3.100   -112.97480860
  12.0   3.200   -112.96241910

  14.0   1.600   -112.78171540
  14.0   1.700   -112.93697030
  14.0   1.800   -113.03619690
  14.0   1.900   -113.09536160
  14.0   2.000   -113.12610690
  14.0   2.100   -113.13939420
  14.0   2.200   -113.13907960
  14.0   2.300   -113.12878280
  14.0   2.400   -113.11190860
  14.0   2.500   -113.09094380
  14.0   2.600   -113.06741670
  14.0   2.700   -113.04284510
  14.0   2.800   -113.01806540
  14.0   2.900   -112.99906760
  14.0   3.000   -112.98655170
  14.0   3.100   -112.97478400
  14.0   3.200   -112.96239480

  16.0   1.600   -112.78170450
  16.0   1.700   -112.93695930
  16.0   1.800   -113.03618580
  16.0   1.900   -113.09535040
  16.0   2.000   -113.12609560
  16.0   2.100   -113.13934720
  16.0   2.200   -113.13897150
  16.0   2.300   -113.12869110
  16.0   2.400   -113.11181800
  16.0   2.500   -113.09078980
  16.0   2.600   -113.06734910
  16.0   2.700   -113.04280170
  16.0   2.800   -113.01803640
  16.0   2.900   -112.99905650
  16.0   3.000   -112.98654060
  16.0   3.100   -112.97477270
  16.0   3.200   -112.96238360

  18.0   1.600   -112.78169880
  18.0   1.700   -112.93695350
  18.0   1.800   -113.03617990
  18.0   1.900   -113.09534450
  18.0   2.000   -113.12608960
  18.0   2.100   -113.13934570
  18.0   2.200   -113.13898010
  18.0   2.300   -113.12870920
  18.0   2.400   -113.11184500
  18.0   2.500   -113.09081450
  18.0   2.600   -113.06739130
  18.0   2.700   -113.04285010
  18.0   2.800   -113.01809020
  18.0   2.900   -112.99905080
  18.0   3.000   -112.98653490
  18.0   3.100   -112.97476680
  18.0   3.200   -112.96237790

  20.0   1.600   -112.78169550
  20.0   1.700   -112.93695010
  20.0   1.800   -113.03617650
  20.0   1.900   -113.09534100
  20.0   2.000   -113.12608620
  20.0   2.100   -113.13934510
  20.0   2.200   -113.13898690
  20.0   2.300   -113.12872310
  20.0   2.400   -113.11186560
  20.0   2.500   -113.09084110
  20.0   2.600   -113.06742330
  20.0   2.700   -113.04288700
  20.0   2.800   -113.01813120
  20.0   2.900   -112.99904770
  20.0   3.000   -112.98653180
  20.0   3.100   -112.97476350
  20.0   3.200   -112.96237470

  21.0   1.600   -112.78169516
  21.0   1.700   -112.93694966
  21.0   1.800   -113.03617644
  21.0   1.900   -113.09534098
  21.0   2.000   -113.12608579
  21.0   2.100   -113.13934535
  21.0   2.200   -113.13898713
  21.0   2.300   -113.12872262
  21.0   2.400   -113.11186525
  21.0   2.500   -113.09084149
  21.0   2.600   -113.06742376
  21.0   2.700   -113.04288650
  21.0   2.800   -113.01813112
  21.0   2.900   -112.99904804
  21.0   3.000   -112.98653165
  21.0   3.100   -112.97476333
  21.0   3.200   -112.96237448

  22.0   1.600   -112.78168286
  22.0   1.700   -112.93693992
  22.0   1.800   -113.03616937
  22.0   1.900   -113.09533668
  22.0   2.000   -113.12608431
  22.0   2.100   -113.13934668
  22.0   2.200   -113.13899124
  22.0   2.300   -113.12872942
  22.0   2.400   -113.11187462
  22.0   2.500   -113.09085326
  22.0   2.600   -113.06743774
  22.0   2.700   -113.04290245
  22.0   2.800   -113.01814877
  22.0   2.900   -112.99906707
  22.0   3.000   -112.98655172
  22.0   3.100   -112.97478407
  22.0   3.200   -112.96239548

  23.0   1.600   -112.78167178
  23.0   1.700   -112.93693108
  23.0   1.800   -113.03616290
  23.0   1.900   -113.09533266
  23.0   2.000   -113.12608277
  23.0   2.100   -113.13934764
  23.0   2.200   -113.13899466
  23.0   2.300   -113.12873522
  23.0   2.400   -113.11188271
  23.0   2.500   -113.09086350
  23.0   2.600   -113.06744995
  23.0   2.700   -113.04291642
  23.0   2.800   -113.01816427
  23.0   2.900   -112.99908384
  23.0   3.000   -112.98656946
  23.0   3.100   -112.97480245
  23.0   3.200   -112.96241415

  24.0   1.600   -112.78166177
  24.0   1.700   -112.93692306
  24.0   1.800   -113.03615698
  24.0   1.900   -113.09532891
  24.0   2.000   -113.12608123
  24.0   2.100   -113.13934831
  24.0   2.200   -113.13899751
  24.0   2.300   -113.12874021
  24.0   2.400   -113.11188973
  24.0   2.500   -113.09087244
  24.0   2.600   -113.06746066
  24.0   2.700   -113.04292873
  24.0   2.800   -113.01817797
  24.0   2.900   -112.99909869
  24.0   3.000   -112.98658520
  24.0   3.100   -112.97481881
  24.0   3.200   -112.96243081

  25.0   1.600   -112.78165272
  25.0   1.700   -112.93691578
  25.0   1.800   -113.03615156
  25.0   1.900   -113.09532542
  25.0   2.000   -113.12607971
  25.0   2.100   -113.13934876
  25.0   2.200   -113.13899992
  25.0   2.300   -113.12874452
  25.0   2.400   -113.11189587
  25.0   2.500   -113.09088030
  25.0   2.600   -113.06747011
  25.0   2.700   -113.04293962
  25.0   2.800   -113.01819011
  25.0   2.900   -112.99911189
  25.0   3.000   -112.98659923
  25.0   3.100   -112.97483341
  25.0   3.200   -112.96244572

  26.0   1.600   -112.78164451
  26.0   1.700   -112.93690915
  26.0   1.800   -113.03614660
  26.0   1.900   -113.09532218
  26.0   2.000   -113.12607823
  26.0   2.100   -113.13934905
  26.0   2.200   -113.13900196
  26.0   2.300   -113.12874827
  26.0   2.400   -113.11190126
  26.0   2.500   -113.09088724
  26.0   2.600   -113.06747849
  26.0   2.700   -113.04294930
  26.0   2.800   -113.01820094
  26.0   2.900   -112.99912367
  26.0   3.000   -112.98661178
  26.0   3.100   -112.97484650
  26.0   3.200   -112.96245910

  27.0   1.600   -112.78163704
  27.0   1.700   -112.93690310
  27.0   1.800   -113.03614204
  27.0   1.900   -113.09531918
  27.0   2.000   -113.12607681
  27.0   2.100   -113.13934922
  27.0   2.200   -113.13900370
  27.0   2.300   -113.12875154
  27.0   2.400   -113.11190602
  27.0   2.500   -113.09089340
  27.0   2.600   -113.06748595
  27.0   2.700   -113.04295794
  27.0   2.800   -113.01821061
  27.0   2.900   -112.99913423
  27.0   3.000   -112.98662304
  27.0   3.100   -112.97485827
  27.0   3.200   -112.96247116

  28.0   1.600   -112.78163024
  28.0   1.700   -112.93689757
  28.0   1.800   -113.03613786
  28.0   1.900   -113.09531640
  28.0   2.000   -113.12607545
  28.0   2.100   -113.13934929
  28.0   2.200   -113.13900520
  28.0   2.300   -113.12875443
  28.0   2.400   -113.11191024
  28.0   2.500   -113.09089889
  28.0   2.600   -113.06749262
  28.0   2.700   -113.04296568
  28.0   2.800   -113.01821930
  28.0   2.900   -112.99914372
  28.0   3.000   -112.98663318
  28.0   3.100   -112.97486888
  28.0   3.200   -112.96248206

  29.0   1.600   -112.78162402
  29.0   1.700   -112.93689251
  29.0   1.800   -113.03613402
  29.0   1.900   -113.09531381
  29.0   2.000   -113.12607415
  29.0   2.100   -113.13934930
  29.0   2.200   -113.13900649
  29.0   2.300   -113.12875698
  29.0   2.400   -113.11191400
  29.0   2.500   -113.09090380
  29.0   2.600   -113.06749860
  29.0   2.700   -113.04297264
  29.0   2.800   -113.01822713
  29.0   2.900   -112.99915229
  29.0   3.000   -112.98664234
  29.0   3.100   -112.97487848
  29.0   3.200   -112.96249193

  30.0   1.600   -112.78161834
  30.0   1.700   -112.93688786
  30.0   1.800   -113.03613048
  30.0   1.900   -113.09531142
  30.0   2.000   -113.12607293
  30.0   2.100   -113.13934924
  30.0   2.200   -113.13900760
  30.0   2.300   -113.12875924
  30.0   2.400   -113.11191737
  30.0   2.500   -113.09090821
  30.0   2.600   -113.06750399
  30.0   2.700   -113.04297892
  30.0   2.800   -113.01823420
  30.0   2.900   -112.99916004
  30.0   3.000   -112.98665064
  30.0   3.100   -112.97488720
  30.0   3.200   -112.96250090

  31.0   1.600   -112.78161312
  31.0   1.700   -112.93688360
  31.0   1.800   -113.03612721
  31.0   1.900   -113.09530919
  31.0   2.000   -113.12607176
  31.0   2.100   -113.13934915
  31.0   2.200   -113.13900858
  31.0   2.300   -113.12876125
  31.0   2.400   -113.11192039
  31.0   2.500   -113.09091219
  31.0   2.600   -113.06750886
  31.0   2.700   -113.04298461
  31.0   2.800   -113.01824062
  31.0   2.900   -112.99916708
  31.0   3.000   -112.98665819
  31.0   3.100   -112.97489513
  31.0   3.200   -112.96250907

  32.0   1.600   -112.78160832
  32.0   1.700   -112.93687966
  32.0   1.800   -113.03612419
  32.0   1.900   -113.09530712
  32.0   2.000   -113.12607066
  32.0   2.100   -113.13934903
  32.0   2.200   -113.13900943
  32.0   2.300   -113.12876305
  32.0   2.400   -113.11192311
  32.0   2.500   -113.09091579
  32.0   2.600   -113.06751328
  32.0   2.700   -113.04298977
  32.0   2.800   -113.01824645
  32.0   2.900   -112.99917349
  32.0   3.000   -112.98666507
  32.0   3.100   -112.97490236
  32.0   3.200   -112.96251654

  33.0   1.600   -112.78160390
  33.0   1.700   -112.93687604
  33.0   1.800   -113.03612140
  33.0   1.900   -113.09530519
  33.0   2.000   -113.12606962
  33.0   2.100   -113.13934889
  33.0   2.200   -113.13901017
  33.0   2.300   -113.12876467
  33.0   2.400   -113.11192557
  33.0   2.500   -113.09091905
  33.0   2.600   -113.06751729
  33.0   2.700   -113.04299447
  33.0   2.800   -113.01825177
  33.0   2.900   -112.99917934
  33.0   3.000   -112.98667136
  33.0   3.100   -112.97490898
  33.0   3.200   -112.96252337

  34.0   1.600   -112.78159983
  34.0   1.700   -112.93687268
  34.0   1.800   -113.03611881
  34.0   1.900   -113.09530340
  34.0   2.000   -113.12606864
  34.0   2.100   -113.13934873
  34.0   2.200   -113.13901083
  34.0   2.300   -113.12876613
  34.0   2.400   -113.11192780
  34.0   2.500   -113.09092202
  34.0   2.600   -113.06752095
  34.0   2.700   -113.04299877
  34.0   2.800   -113.01825663
  34.0   2.900   -112.99918469
  34.0   3.000   -112.98667711
  34.0   3.100   -112.97491505
  34.0   3.200   -112.96252965

  35.0   1.600   -112.78159606
  35.0   1.700   -112.93686958
  35.0   1.800   -113.03611641
  35.0   1.900   -113.09530173
  35.0   2.000   -113.12606772
  35.0   2.100   -113.13934856
  35.0   2.200   -113.13901141
  35.0   2.300   -113.12876744
  35.0   2.400   -113.11192983
  35.0   2.500   -113.09092473
  35.0   2.600   -113.06752430
  35.0   2.700   -113.04300270
  35.0   2.800   -113.01826109
  35.0   2.900   -112.99918960
  35.0   3.000   -112.98668240
  35.0   3.100   -112.97492063
  35.0   3.200   -112.96253542

  36.0   1.600   -112.78159256
  36.0   1.700   -112.93686669
  36.0   1.800   -113.03611417
  36.0   1.900   -113.09530017
  36.0   2.000   -113.12606685
  36.0   2.100   -113.13934838
  36.0   2.200   -113.13901192
  36.0   2.300   -113.12876864
  36.0   2.400   -113.11193168
  36.0   2.500   -113.09092721
  36.0   2.600   -113.06752737
  36.0   2.700   -113.04300631
  36.0   2.800   -113.01826518
  36.0   2.900   -112.99919412
  36.0   3.000   -112.98668727
  36.0   3.100   -112.97492576
  36.0   3.200   -112.96254074

  37.0   1.600   -112.78158932
  37.0   1.700   -112.93686402
  37.0   1.800   -113.03611209
  37.0   1.900   -113.09529871
  37.0   2.000   -113.12606602
  37.0   2.100   -113.13934820
  37.0   2.200   -113.13901238
  37.0   2.300   -113.12876972
  37.0   2.400   -113.11193337
  37.0   2.500   -113.09092948
  37.0   2.600   -113.06753019
  37.0   2.700   -113.04300963
  37.0   2.800   -113.01826895
  37.0   2.900   -112.99919828
  37.0   3.000   -112.98669176
  37.0   3.100   -112.97493050
  37.0   3.200   -112.96254565

  38.0   1.600   -112.78158631
  38.0   1.700   -112.93686153
  38.0   1.800   -113.03611015
  38.0   1.900   -113.09529734
  38.0   2.000   -113.12606525
  38.0   2.100   -113.13934801
  38.0   2.200   -113.13901279
  38.0   2.300   -113.12877071
  38.0   2.400   -113.11193493
  38.0   2.500   -113.09093157
  38.0   2.600   -113.06753278
  38.0   2.700   -113.04301269
  38.0   2.800   -113.01827243
  38.0   2.900   -112.99920213
  38.0   3.000   -112.98669590
  38.0   3.100   -112.97493489
  38.0   3.200   -112.96255019

  39.0   1.600   -112.78158350
  39.0   1.700   -112.93685920
  39.0   1.800   -113.03610834
  39.0   1.900   -113.09529606
  39.0   2.000   -113.12606451
  39.0   2.100   -113.13934783
  39.0   2.200   -113.13901315
  39.0   2.300   -113.12877161
  39.0   2.400   -113.11193635
  39.0   2.500   -113.09093350
  39.0   2.600   -113.06753518
  39.0   2.700   -113.04301552
  39.0   2.800   -113.01827565
  39.0   2.900   -112.99920568
  39.0   3.000   -112.98669974
  39.0   3.100   -112.97493895
  39.0   3.200   -112.96255441

  40.0   1.600   -112.78158089
  40.0   1.700   -112.93685703
  40.0   1.800   -113.03610665
  40.0   1.900   -113.09529486
  40.0   2.000   -113.12606382
  40.0   2.100   -113.13934765
  40.0   2.200   -113.13901348
  40.0   2.300   -113.12877244
  40.0   2.400   -113.11193767
  40.0   2.500   -113.09093528
  40.0   2.600   -113.06753739
  40.0   2.700   -113.04301814
  40.0   2.800   -113.01827863
  40.0   2.900   -112.99920898
  40.0   3.000   -112.98670331
  40.0   3.100   -112.97494272
  40.0   3.200   -112.96255832

  41.0   1.600   -112.78157844
  41.0   1.700   -112.93685501
  41.0   1.800   -113.03610506
  41.0   1.900   -113.09529374
  41.0   2.000   -113.12606316
  41.0   2.100   -113.13934746
  41.0   2.200   -113.13901377
  41.0   2.300   -113.12877320
  41.0   2.400   -113.11193888
  41.0   2.500   -113.09093692
  41.0   2.600   -113.06753945
  41.0   2.700   -113.04302057
  41.0   2.800   -113.01828140
  41.0   2.900   -112.99921204
  41.0   3.000   -112.98670662
  41.0   3.100   -112.97494622
  41.0   3.200   -112.96256197

  42.0   1.600   -112.78157616
  42.0   1.700   -112.93685311
  42.0   1.800   -113.03610358
  42.0   1.900   -113.09529268
  42.0   2.000   -113.12606254
  42.0   2.100   -113.13934729
  42.0   2.200   -113.13901403
  42.0   2.300   -113.12877390
  42.0   2.400   -113.11194000
  42.0   2.500   -113.09093845
  42.0   2.600   -113.06754135
  42.0   2.700   -113.04302282
  42.0   2.800   -113.01828397
  42.0   2.900   -112.99921489
  42.0   3.000   -112.98670970
  42.0   3.100   -112.97494949
  42.0   3.200   -112.96256536

  43.0   1.600   -112.78157402
  43.0   1.700   -112.93685133
  43.0   1.800   -113.03610218
  43.0   1.900   -113.09529168
  43.0   2.000   -113.12606195
  43.0   2.100   -113.13934711
  43.0   2.200   -113.13901427
  43.0   2.300   -113.12877455
  43.0   2.400   -113.11194104
  43.0   2.500   -113.09093986
  43.0   2.600   -113.06754312
  43.0   2.700   -113.04302492
  43.0   2.800   -113.01828636
  43.0   2.900   -112.99921755
  43.0   3.000   -112.98671257
  43.0   3.100   -112.97495253
  43.0   3.200   -112.96256853

  44.0   1.600   -112.78157201
  44.0   1.700   -112.93684966
  44.0   1.800   -113.03610087
  44.0   1.900   -113.09529074
  44.0   2.000   -113.12606140
  44.0   2.100   -113.13934694
  44.0   2.200   -113.13901449
  44.0   2.300   -113.12877514
  44.0   2.400   -113.11194200
  44.0   2.500   -113.09094118
  44.0   2.600   -113.06754477
  44.0   2.700   -113.04302688
  44.0   2.800   -113.01828860
  44.0   2.900   -112.99922003
  44.0   3.000   -112.98671526
  44.0   3.100   -112.97495538
  44.0   3.200   -112.96257149

  45.0   1.600   -112.78157012
  45.0   1.700   -112.93684809
  45.0   1.800   -113.03609964
  45.0   1.900   -113.09528986
  45.0   2.000   -113.12606087
  45.0   2.100   -113.13934678
  45.0   2.200   -113.13901469
  45.0   2.300   -113.12877569
  45.0   2.400   -113.11194290
  45.0   2.500   -113.09094241
  45.0   2.600   -113.06754631
  45.0   2.700   -113.04302871
  45.0   2.800   -113.01829069
  45.0   2.900   -112.99922234
  45.0   3.000   -112.98671777
  45.0   3.100   -112.97495804
  45.0   3.200   -112.96257426

  46.0   1.600   -112.78156835
  46.0   1.700   -112.93684662
  46.0   1.800   -113.03609847
  46.0   1.900   -113.09528902
  46.0   2.000   -113.12606037
  46.0   2.100   -113.13934662
  46.0   2.200   -113.13901486
  46.0   2.300   -113.12877620
  46.0   2.400   -113.11194374
  46.0   2.500   -113.09094355
  46.0   2.600   -113.06754775
  46.0   2.700   -113.04303042
  46.0   2.800   -113.01829264
  46.0   2.900   -112.99922451
  46.0   3.000   -112.98672012
  46.0   3.100   -112.97496054
  46.0   3.200   -112.96257686

  47.0   1.600   -112.78156668
  47.0   1.700   -112.93684523
  47.0   1.800   -113.03609738
  47.0   1.900   -113.09528824
  47.0   2.000   -113.12605990
  47.0   2.100   -113.13934646
  47.0   2.200   -113.13901503
  47.0   2.300   -113.12877668
  47.0   2.400   -113.11194451
  47.0   2.500   -113.09094462
  47.0   2.600   -113.06754909
  47.0   2.700   -113.04303202
  47.0   2.800   -113.01829447
  47.0   2.900   -112.99922655
  47.0   3.000   -112.98672232
  47.0   3.100   -112.97496288
  47.0   3.200   -112.96257930

  48.0   1.600   -112.78156511
  48.0   1.700   -112.93684392
  48.0   1.800   -113.03609634
  48.0   1.900   -113.09528749
  48.0   2.000   -113.12605945
  48.0   2.100   -113.13934631
  48.0   2.200   -113.13901517
  48.0   2.300   -113.12877712
  48.0   2.400   -113.11194524
  48.0   2.500   -113.09094563
  48.0   2.600   -113.06755036
  48.0   2.700   -113.04303352
  48.0   2.800   -113.01829619
  48.0   2.900   -112.99922845
  48.0   3.000   -112.98672439
  48.0   3.100   -112.97496508
  48.0   3.200   -112.96258159

  49.0   1.600   -112.78156363
  49.0   1.700   -112.93684268
  49.0   1.800   -113.03609537
  49.0   1.900   -113.09528678
  49.0   2.000   -113.12605902
  49.0   2.100   -113.13934617
  49.0   2.200   -113.13901531
  49.0   2.300   -113.12877753
  49.0   2.400   -113.11194592
  49.0   2.500   -113.09094657
  49.0   2.600   -113.06755154
  49.0   2.700   -113.04303493
  49.0   2.800   -113.01829780
  49.0   2.900   -112.99923025
  49.0   3.000   -112.98672634
  49.0   3.100   -112.97496715
  49.0   3.200   -112.96258375

  50.0   1.600   -112.78156223
  50.0   1.700   -112.93684151
  50.0   1.800   -113.03609444
  50.0   1.900   -113.09528611
  50.0   2.000   -113.12605861
  50.0   2.100   -113.13934602
  50.0   2.200   -113.13901543
  50.0   2.300   -113.12877792
  50.0   2.400   -113.11194656
  50.0   2.500   -113.09094745
  50.0   2.600   -113.06755265
  50.0   2.700   -113.04303625
  50.0   2.800   -113.01829932
  50.0   2.900   -112.99923194
  50.0   3.000   -112.98672817
  50.0   3.100   -112.97496909
  50.0   3.200   -112.96258578

