   0.4   1.600   -110.09120250
   0.4   1.700   -110.56641850
   0.4   1.800   -110.99842362
   0.4   1.900   -111.44693170
   0.4   2.000   -111.56226610
   0.4   2.100   -111.84079320
   0.4   2.200   -111.99897640
   0.4   2.300   -112.05795000
   0.4   2.400   -112.24479330
   0.4   2.500   -112.32003180
   0.4   2.600   -112.41804930
   0.4   2.700   -112.48520330
   0.4   2.800   -112.53095360
   0.4   2.900   -112.64109886
   0.4   3.000   -112.64272786
   0.4   3.100   -112.68356872
   0.4   3.200   -112.77149578

   0.6   1.600   -110.74075540
   0.6   1.700   -111.07021570
   0.6   1.800   -111.39162560
   0.6   1.900   -111.80116600
   0.6   2.000   -111.80622270
   0.6   2.100   -111.92272590
   0.6   2.200   -112.24574480
   0.6   2.300   -112.26762540
   0.6   2.400   -112.42833920
   0.6   2.500   -112.47717140
   0.6   2.600   -112.52008370
   0.6   2.700   -112.57730890
   0.6   2.800   -112.63406410
   0.6   2.900   -112.70883320
   0.6   3.000   -112.69257800
   0.6   3.100   -112.73010050
   0.6   3.200   -112.82210770

   0.8   1.600   -111.39894190
   0.8   1.700   -111.49645820
   0.8   1.800   -111.72788918
   0.8   1.900   -112.10269605
   0.8   2.000   -112.05840550
   0.8   2.100   -112.19940250
   0.8   2.200   -112.46231810
   0.8   2.300   -112.47056252
   0.8   2.400   -112.56965940
   0.8   2.500   -112.56590210
   0.8   2.600   -112.61453010
   0.8   2.700   -112.66471600
   0.8   2.800   -112.72968500
   0.8   2.900   -112.77326974
   0.8   3.000   -112.73689614
   0.8   3.100   -112.77099096
   0.8   3.200   -112.86261995

   1.0   1.600   -111.70880490
   1.0   1.700   -111.82712780
   1.0   1.800   -112.04242750
   1.0   1.900   -112.35284490
   1.0   2.000   -112.29161740
   1.0   2.100   -112.40380920
   1.0   2.200   -112.48468870
   1.0   2.300   -112.65237420
   1.0   2.400   -112.54639750
   1.0   2.500   -112.58699740
   1.0   2.600   -112.70805850
   1.0   2.700   -112.74730980
   1.0   2.800   -112.80650310
   1.0   2.900   -112.83185250
   1.0   3.000   -112.79225990
   1.0   3.100   -112.82101350
   1.0   3.200   -112.89555600

   1.2   1.600   -111.87616790
   1.2   1.700   -112.06660200
   1.2   1.800   -112.35474592
   1.2   1.900   -112.55295724
   1.2   2.000   -112.50547642
   1.2   2.100   -112.58195459
   1.2   2.200   -112.55989863
   1.2   2.300   -112.80025696
   1.2   2.400   -112.62715495
   1.2   2.500   -112.75133810
   1.2   2.600   -112.76231910
   1.2   2.700   -112.74804540
   1.2   2.800   -112.85882065
   1.2   2.900   -112.88249394
   1.2   3.000   -112.86645408
   1.2   3.100   -112.88703630
   1.2   3.200   -112.92318808

   1.4   1.600   -112.05574590
   1.4   1.700   -112.23391030
   1.4   1.800   -112.62151870
   1.4   1.900   -112.70446441
   1.4   2.000   -112.69089407
   1.4   2.100   -112.74635805
   1.4   2.200   -112.71144977
   1.4   2.300   -112.90774210
   1.4   2.400   -112.79219730
   1.4   2.500   -112.80379520
   1.4   2.600   -112.82933060
   1.4   2.700   -112.86004560
   1.4   2.800   -112.90340170
   1.4   2.900   -112.92498030
   1.4   3.000   -112.93209230
   1.4   3.100   -112.94430660
   1.4   3.200   -112.94678340

   1.6   1.600   -112.22112423
   1.6   1.700   -112.37521894
   1.6   1.800   -112.79741618
   1.6   1.900   -112.80881937
   1.6   2.000   -112.83467243
   1.6   2.100   -112.87974036
   1.6   2.200   -112.87583000
   1.6   2.300   -112.97370239
   1.6   2.400   -112.93579905
   1.6   2.500   -112.91041943
   1.6   2.600   -112.93311546
   1.6   2.700   -112.95871265
   1.6   2.800   -112.95483350
   1.6   2.900   -112.95926895
   1.6   3.000   -112.96368577
   1.6   3.100   -112.96996007
   1.6   3.200   -112.96686726

   1.8   1.600   -112.35949497
   1.8   1.700   -112.50031362
   1.8   1.800   -112.89192425
   1.8   1.900   -112.86747510
   1.8   2.000   -112.92361360
   1.8   2.100   -112.96482230
   1.8   2.200   -112.98952720
   1.8   2.300   -113.01204180
   1.8   2.400   -113.02008410
   1.8   2.500   -113.02108350
   1.8   2.600   -113.01646560
   1.8   2.700   -113.00786830
   1.8   2.800   -112.99653440
   1.8   2.900   -112.98412790
   1.8   3.000   -112.97850730
   1.8   3.100   -112.98030690
   1.8   3.200   -112.98200230

   2.0   1.600   -112.47102490
   2.0   1.700   -112.60745783
   2.0   1.800   -112.92823271
   2.0   1.900   -112.89603560
   2.0   2.000   -112.95849630
   2.0   2.100   -112.99841790
   2.0   2.200   -113.02201430
   2.0   2.300   -113.03719140
   2.0   2.400   -113.04320760
   2.0   2.500   -113.04229000
   2.0   2.600   -113.03600890
   2.0   2.700   -113.02603580
   2.0   2.800   -113.01364370
   2.0   2.900   -112.99914360
   2.0   3.000   -112.99534200
   2.0   3.100   -112.99321730
   2.0   3.200   -112.99093350

   2.1   1.600   -112.51677668
   2.1   1.700   -112.65375584
   2.1   1.800   -112.93180888
   2.1   1.900   -112.91723660
   2.1   2.000   -112.97204380
   2.1   2.100   -113.00961120
   2.1   2.200   -113.03301230
   2.1   2.300   -113.04571950
   2.1   2.400   -113.05082690
   2.1   2.500   -113.04903230
   2.1   2.600   -113.04204750
   2.1   2.700   -113.03147480
   2.1   2.800   -113.01862070
   2.1   2.900   -113.00403460
   2.1   3.000   -113.00052360
   2.1   3.100   -112.99728950
   2.1   3.200   -112.99345650

   2.2   1.600   -112.55588080
   2.2   1.700   -112.69491503
   2.2   1.800   -112.92953131
   2.2   1.900   -112.94077940
   2.2   2.000   -112.98947140
   2.2   2.100   -113.01842890
   2.2   2.200   -113.04155280
   2.2   2.300   -113.05233070
   2.2   2.400   -113.05652580
   2.2   2.500   -113.05389630
   2.2   2.600   -113.04620700
   2.2   2.700   -113.03504580
   2.2   2.800   -113.02177190
   2.2   2.900   -113.00744830
   2.2   3.000   -113.00403200
   2.2   3.100   -112.99999340
   2.2   3.200   -112.99490890

   2.3   1.600   -112.58835810
   2.3   1.700   -112.73071834
   2.3   1.800   -112.92429873
   2.3   1.900   -112.96424520
   2.3   2.000   -113.00545230
   2.3   2.100   -113.02589740
   2.3   2.200   -113.04840350
   2.3   2.300   -113.05750310
   2.3   2.400   -113.06073820
   2.3   2.500   -113.05725540
   2.3   2.600   -113.04885950
   2.3   2.700   -113.03712720
   2.3   2.800   -113.02343610
   2.3   2.900   -113.00956120
   2.3   3.000   -113.00616560
   2.3   3.100   -113.00150790
   2.3   3.200   -112.99541050

   2.4   1.600   -112.61422944
   2.4   1.700   -112.76094869
   2.4   1.800   -112.91900985
   2.4   1.900   -112.98181350
   2.4   2.000   -113.02148500
   2.4   2.100   -113.03319570
   2.4   2.200   -113.05425900
   2.4   2.300   -113.06167720
   2.4   2.400   -113.06384600
   2.4   2.500   -113.05946560
   2.4   2.600   -113.05034420
   2.4   2.700   -113.03803560
   2.4   2.800   -113.02391820
   2.4   2.900   -113.01056070
   2.4   3.000   -113.00716220
   2.4   3.100   -113.00201320
   2.4   3.200   -112.99511560

   2.5   1.600   -112.63351566
   2.5   1.700   -112.78538903
   2.5   1.800   -112.91656340
   2.5   1.900   -112.99327640
   2.5   2.000   -113.03566280
   2.5   2.100   -113.04138300
   2.5   2.200   -113.05978070
   2.5   2.300   -113.06526300
   2.5   2.400   -113.06619790
   2.5   2.500   -113.06084290
   2.5   2.600   -113.05095880
   2.5   2.700   -113.03805380
   2.5   2.800   -113.02349300
   2.5   2.900   -113.01060380
   2.5   3.000   -113.00720310
   2.5   3.100   -113.00167020
   2.5   3.200   -112.99413970

   2.6   1.600   -112.64623760
   2.6   1.700   -112.80382229
   2.6   1.800   -112.91985810
   2.6   1.900   -113.00317520
   2.6   2.000   -113.04553050
   2.6   2.100   -113.05130340
   2.6   2.200   -113.06548830
   2.6   2.300   -113.06863540
   2.6   2.400   -113.06810890
   2.6   2.500   -113.06167120
   2.6   2.600   -113.05096800
   2.6   2.700   -113.03743220
   2.6   2.800   -113.02240350
   2.6   2.900   -113.00985120
   2.6   3.000   -113.00642950
   2.6   3.100   -113.00058370
   2.6   3.200   -112.99259790

   2.7   1.600   -112.65454750
   2.7   1.700   -112.81603140
   2.7   1.800   -112.92929300
   2.7   1.900   -113.00972040
   2.7   2.000   -113.05401560
   2.7   2.100   -113.06323870
   2.7   2.200   -113.07180570
   2.7   2.300   -113.07209760
   2.7   2.400   -113.06984740
   2.7   2.500   -113.06219520
   2.7   2.600   -113.05060070
   2.7   2.700   -113.03639190
   2.7   2.800   -113.02086100
   2.7   2.900   -113.00845140
   2.7   3.000   -113.00502310
   2.7   3.100   -112.99891780
   2.7   3.200   -112.99059880

   2.8   1.600   -112.66574070
   2.8   1.700   -112.82367120
   2.8   1.800   -112.93724880
   2.8   1.900   -113.01421300
   2.8   2.000   -113.05923320
   2.8   2.100   -113.07592150
   2.8   2.200   -113.07878610
   2.8   2.300   -113.07587160
   2.8   2.400   -113.07162390
   2.8   2.500   -113.06262130
   2.8   2.600   -113.05005130
   2.8   2.700   -113.03511800
   2.8   2.800   -113.01904630
   2.8   2.900   -113.00654650
   2.8   3.000   -113.00311420
   2.8   3.100   -112.99650490
   2.8   3.200   -112.98823840

   2.9   1.600   -112.67710760
   2.9   1.700   -112.83316790
   2.9   1.800   -112.94282340
   2.9   1.900   -113.01884120
   2.9   2.000   -113.06271530
   2.9   2.100   -113.08467650
   2.9   2.200   -113.08637610
   2.9   2.300   -113.08006030
   2.9   2.400   -113.07357600
   2.9   2.500   -113.06309850
   2.9   2.600   -113.04947800
   2.9   2.700   -113.03376480
   2.9   2.800   -113.01711160
   2.9   2.900   -113.00425550
   2.9   3.000   -113.00079840
   2.9   3.100   -112.99405490
   2.9   3.200   -112.98559120

   3.0   1.600   -112.68789660
   3.0   1.700   -112.84292130
   3.0   1.800   -112.95028620
   3.0   1.900   -113.02402390
   3.0   2.000   -113.06596380
   3.0   2.100   -113.08849880
   3.0   2.200   -113.09331120
   3.0   2.300   -113.08462980
   3.0   2.400   -113.07575450
   3.0   2.500   -113.06369780
   3.0   2.600   -113.04897380
   3.0   2.700   -113.03244300
   3.0   2.800   -113.01517600
   3.0   2.900   -113.00169540
   3.0   3.000   -112.99798850
   3.0   3.100   -112.99134990
   3.0   3.200   -112.98273600

   3.1   1.600   -112.69791640
   3.1   1.700   -112.85232590
   3.1   1.800   -112.95805680
   3.1   1.900   -113.02971350
   3.1   2.000   -113.06949310
   3.1   2.100   -113.09066730
   3.1   2.200   -113.09718280
   3.1   2.300   -113.08919050
   3.1   2.400   -113.07811640
   3.1   2.500   -113.06442690
   3.1   2.600   -113.04857510
   3.1   2.700   -113.03121660
   3.1   2.800   -113.01332320
   3.1   2.900   -112.99898960
   3.1   3.000   -112.99524450
   3.1   3.100   -112.98845480
   3.1   3.200   -112.97974640

   3.2   1.600   -112.70712370
   3.2   1.700   -112.86118490
   3.2   1.800   -112.96568260
   3.2   1.900   -113.03558680
   3.2   2.000   -113.07361430
   3.2   2.100   -113.09299340
   3.2   2.200   -113.09901450
   3.2   2.300   -113.09242920
   3.2   2.400   -113.08050270
   3.2   2.500   -113.06526240
   3.2   2.600   -113.04827280
   3.2   2.700   -113.03010800
   3.2   2.800   -113.01159950
   3.2   2.900   -112.99623090
   3.2   3.000   -112.99240550
   3.2   3.100   -112.98546620
   3.2   3.200   -112.97668500

   3.3   1.600   -112.71552870
   3.3   1.700   -112.86940890
   3.3   1.800   -112.97296970
   3.3   1.900   -113.04140960
   3.3   2.000   -113.07803050
   3.3   2.100   -113.09567440
   3.3   2.200   -113.10059200
   3.3   2.300   -113.09399320
   3.3   2.400   -113.08240260
   3.3   2.500   -113.06614980
   3.3   2.600   -113.04807620
   3.3   2.700   -113.02912340
   3.3   2.800   -113.01002910
   3.3   2.900   -112.99350170
   3.3   3.000   -112.98955920
   3.3   3.100   -112.98239920
   3.3   3.200   -112.97360370

   3.4   1.600   -112.72317800
   3.4   1.700   -112.87697960
   3.4   1.800   -112.97979570
   3.4   1.900   -113.04699550
   3.4   2.000   -113.08251210
   3.4   2.100   -113.09880700
   3.4   2.200   -113.10237780
   3.4   2.300   -113.09509390
   3.4   2.400   -113.08339060
   3.4   2.500   -113.06694360
   3.4   2.600   -113.04803370
   3.4   2.700   -113.02831740
   3.4   2.800   -113.00864710
   3.4   2.900   -112.99086720
   3.4   3.000   -112.98674640
   3.4   3.100   -112.97941280
   3.4   3.200   -112.97053920

   3.5   1.600   -112.73007290
   3.5   1.700   -112.88388760
   3.5   1.800   -112.98611040
   3.5   1.900   -113.05226930
   3.5   2.000   -113.08693650
   3.5   2.100   -113.10216380
   3.5   2.200   -113.10456900
   3.5   2.300   -113.09639630
   3.5   2.400   -113.08411200
   3.5   2.500   -113.06742770
   3.5   2.600   -113.04817210
   3.5   2.700   -113.02779290
   3.5   2.800   -113.00753960
   3.5   2.900   -112.98840220
   3.5   3.000   -112.98400010
   3.5   3.100   -112.97647770
   3.5   3.200   -112.96753870

   3.6   1.600   -112.73629620
   3.6   1.700   -112.89016420
   3.6   1.800   -112.99190190
   3.6   1.900   -113.05716830
   3.6   2.000   -113.09117030
   3.6   2.100   -113.10555940
   3.6   2.200   -113.10703220
   3.6   2.300   -113.09804590
   3.6   2.400   -113.08502380
   3.6   2.500   -113.06789960
   3.6   2.600   -113.04838100
   3.6   2.700   -113.02765080
   3.6   2.800   -113.00683060
   3.6   2.900   -112.98617730
   3.6   3.000   -112.98138390
   3.6   3.100   -112.97363930
   3.6   3.200   -112.96461010

   3.7   1.600   -112.74189810
   3.7   1.700   -112.89583720
   3.7   1.800   -112.99717810
   3.7   1.900   -113.06167970
   3.7   2.000   -113.09514650
   3.7   2.100   -113.10887250
   3.7   2.200   -113.10960040
   3.7   2.300   -113.09996340
   3.7   2.400   -113.08621300
   3.7   2.500   -113.06857920
   3.7   2.600   -113.04869440
   3.7   2.700   -113.02780690
   3.7   2.800   -113.00659080
   3.7   2.900   -112.98428340
   3.7   3.000   -112.97895480
   3.7   3.100   -112.96992270
   3.7   3.200   -112.95970380

   3.8   1.600   -112.74691680
   3.8   1.700   -112.90092770
   3.8   1.800   -113.00195520
   3.8   1.900   -113.06580150
   3.8   2.000   -113.09882220
   3.8   2.100   -113.11201990
   3.8   2.200   -113.11215330
   3.8   2.300   -113.10201460
   3.8   2.400   -113.08762180
   3.8   2.500   -113.06948980
   3.8   2.600   -113.04922480
   3.8   2.700   -113.02806950
   3.8   2.800   -113.00680520
   3.8   2.900   -112.98283560
   3.8   3.000   -112.97686570
   3.8   3.100   -112.96482280
   3.8   3.200   -112.95411520

   3.9   1.600   -112.75139850
   3.9   1.700   -112.90549630
   3.9   1.800   -113.00621840
   3.9   1.900   -113.06954160
   3.9   2.000   -113.10219170
   3.9   2.100   -113.11495540
   3.9   2.200   -113.11460990
   3.9   2.300   -113.10409110
   3.9   2.400   -113.08915190
   3.9   2.500   -113.07056680
   3.9   2.600   -113.04994420
   3.9   2.700   -113.02849680
   3.9   2.800   -113.00713740
   3.9   2.900   -112.98188120
   3.9   3.000   -112.97524220
   3.9   3.100   -112.96002810
   3.9   3.200   -112.94864760

   4.0   1.600   -112.75538720
   4.0   1.700   -112.90958350
   4.0   1.800   -113.01001690
   4.0   1.900   -113.07069490
   4.0   2.000   -113.10490540
   4.0   2.100   -113.11766120
   4.0   2.200   -113.11691880
   4.0   2.300   -113.10611050
   4.0   2.400   -113.09071740
   4.0   2.500   -113.07173640
   4.0   2.600   -113.05078900
   4.0   2.700   -113.02907230
   4.0   2.800   -113.00749260
   4.0   2.900   -112.98057690
   4.0   3.000   -112.97381100
   4.0   3.100   -112.95579000
   4.0   3.200   -112.94458156

   4.1   1.600   -112.75892710
   4.1   1.700   -112.91322210
   4.1   1.800   -113.01355340
   4.1   1.900   -113.07392850
   4.1   2.000   -113.10766080
   4.1   2.100   -113.12012610
   4.1   2.200   -113.11905920
   4.1   2.300   -113.10802440
   4.1   2.400   -113.09225500
   4.1   2.500   -113.07293400
   4.1   2.600   -113.05169930
   4.1   2.700   -113.02974030
   4.1   2.800   -113.00794830
   4.1   2.900   -112.98006420
   4.1   3.000   -112.97124720
   4.1   3.100   -112.95159748
   4.1   3.200   -112.94178966

   4.2   1.600   -112.76205850
   4.2   1.700   -112.91645120
   4.2   1.800   -113.01661850
   4.2   1.900   -113.07683720
   4.2   2.000   -113.11013050
   4.2   2.100   -113.12235420
   4.2   2.200   -113.12101730
   4.2   2.300   -113.10980610
   4.2   2.400   -113.09372270
   4.2   2.500   -113.07411150
   4.2   2.600   -113.05262560
   4.2   2.700   -113.03045190
   4.2   2.800   -113.00847110
   4.2   2.900   -112.98124640
   4.2   3.000   -112.96956990
   4.2   3.100   -112.94892350
   4.2   3.200   -112.93970340

   4.4   1.600   -112.76458180
   4.4   1.700   -112.92182570
   4.4   1.800   -113.02173470
   4.4   1.900   -113.08167250
   4.4   2.000   -113.11430410
   4.4   2.100   -113.12612380
   4.4   2.200   -113.12437300
   4.4   2.300   -113.11292600
   4.4   2.400   -113.09635650
   4.4   2.500   -113.07628740
   4.4   2.600   -113.05439430
   4.4   2.700   -113.03186710
   4.4   2.800   -113.00957440
   4.4   2.900   -112.98471540
   4.4   3.000   -112.97422680
   4.4   3.100   -112.94860228
   4.4   3.200   -112.93537390

   4.6   1.600   -112.76460210
   4.6   1.700   -112.92597130
   4.6   1.800   -113.02569370
   4.6   1.900   -113.08542230
   4.6   2.000   -113.11757260
   4.6   2.100   -113.12912570
   4.6   2.200   -113.12706420
   4.6   2.300   -113.11544860
   4.6   2.400   -113.09852940
   4.6   2.500   -113.07812740
   4.6   2.600   -113.05593020
   4.6   2.700   -113.03313490
   4.6   2.800   -113.01060430
   4.6   2.900   -112.98816490
   4.6   3.000   -112.97349680
   4.6   3.100   -112.95021560
   4.6   3.200   -112.93178411

   4.8   1.600   -112.76461770
   4.8   1.700   -112.92599340
   4.8   1.800   -113.02871600
   4.8   1.900   -113.08829160
   4.8   2.000   -113.12007850
   4.8   2.100   -113.13144400
   4.8   2.200   -113.12916840
   4.8   2.300   -113.11742520
   4.8   2.400   -113.10024900
   4.8   2.500   -113.07960300
   4.8   2.600   -113.05717920
   4.8   2.700   -113.03418260
   4.8   2.800   -113.01147200
   4.8   2.900   -112.99108300
   4.8   3.000   -112.97292540
   4.8   3.100   -112.94987770
   4.8   3.200   -112.93230750

   5.0   1.600   -112.76453220
   5.0   1.700   -112.92573560
   5.0   1.800   -113.02981460
   5.0   1.900   -113.09045760
   5.0   2.000   -113.12197360
   5.0   2.100   -113.13319670
   5.0   2.200   -113.13076630
   5.0   2.300   -113.11893210
   5.0   2.400   -113.10157060
   5.0   2.500   -113.08074160
   5.0   2.600   -113.05814880
   5.0   2.700   -113.03500060
   5.0   2.800   -113.01215390
   5.0   2.900   -112.99339590
   5.0   3.000   -112.97247000
   5.0   3.100   -112.95033180
   5.0   3.200   -112.93265570

   5.2   1.600   -112.76449800
   5.2   1.700   -112.92553480
   5.2   1.800   -113.02961460
   5.2   1.900   -113.09206540
   5.2   2.000   -113.12338910
   5.2   2.100   -113.13450010
   5.2   2.200   -113.13195240
   5.2   2.300   -113.12004890
   5.2   2.400   -113.10255640
   5.2   2.500   -113.08159620
   5.2   2.600   -113.05887640
   5.2   2.700   -113.03561340
   5.2   2.800   -113.01266200
   5.2   2.900   -112.99516480
   5.2   3.000   -112.97211110
   5.2   3.100   -112.95065850
   5.2   3.200   -112.93290140

   5.4   1.600   -112.76444880
   5.4   1.700   -112.92536810
   5.4   1.800   -113.02944400
   5.4   1.900   -113.09289690
   5.4   2.000   -113.12441200
   5.4   2.100   -113.13544480
   5.4   2.200   -113.13281060
   5.4   2.300   -113.12086670
   5.4   2.400   -113.10327450
   5.4   2.500   -113.08221780
   5.4   2.600   -113.05940670
   5.4   2.700   -113.03605930
   5.4   2.800   -113.01302850
   5.4   2.900   -112.99550390
   5.4   3.000   -112.97181500
   5.4   3.100   -112.95091030
   5.4   3.200   -112.93324810

   5.6   1.600   -112.76438200
   5.6   1.700   -112.92524450
   5.6   1.800   -113.02929470
   5.6   1.900   -113.09274510
   5.6   2.000   -113.12515010
   5.6   2.100   -113.13611000
   5.6   2.200   -113.13341590
   5.6   2.300   -113.12145210
   5.6   2.400   -113.10378510
   5.6   2.500   -113.08265550
   5.6   2.600   -113.05977500
   5.6   2.700   -113.03636390
   5.6   2.800   -113.01327680
   5.6   2.900   -112.99519990
   5.6   3.000   -112.97156140
   5.6   3.100   -112.95107760
   5.6   3.200   -112.93336640

   5.8   1.600   -112.76429720
   5.8   1.700   -112.92509820
   5.8   1.800   -113.02915670
   5.8   1.900   -113.09261200
   5.8   2.000   -113.12565460
   5.8   2.100   -113.13659000
   5.8   2.200   -113.13383080
   5.8   2.300   -113.12185880
   5.8   2.400   -113.10413600
   5.8   2.500   -113.08295180
   5.8   2.600   -113.06001930
   5.8   2.700   -113.03656050
   5.8   2.800   -113.01343120
   5.8   2.900   -112.99495040
   5.8   3.000   -112.97134660
   5.8   3.100   -112.95117980
   5.8   3.200   -112.93342600

   6.0   1.600   -112.76419730
   6.0   1.700   -112.92495540
   6.0   1.800   -113.02902270
   6.0   1.900   -113.09248060
   6.0   2.000   -113.12599560
   6.0   2.100   -113.13690090
   6.0   2.200   -113.13412180
   6.0   2.300   -113.12212590
   6.0   2.400   -113.10436380
   6.0   2.500   -113.08314030
   6.0   2.600   -113.06017010
   6.0   2.700   -113.03667620
   6.0   2.800   -113.01351590
   6.0   2.900   -112.99474470
   6.0   3.000   -112.97116380
   6.0   3.100   -112.95123140
   6.0   3.200   -112.93344170

   7.0   1.600   -112.76361840
   7.0   1.700   -112.92430760
   7.0   1.800   -113.02841910
   7.0   1.900   -113.09191700
   7.0   2.000   -113.12636780
   7.0   2.100   -113.13731360
   7.0   2.200   -113.13415990
   7.0   2.300   -113.12204720
   7.0   2.400   -113.10404900
   7.0   2.500   -113.08250490
   7.0   2.600   -113.05350510
   7.0   2.700   -113.03418520
   7.0   2.800   -113.01259870
   7.0   2.900   -112.99409760
   7.0   3.000   -112.97054700
   7.0   3.100   -112.95110460
   7.0   3.200   -112.93323950

   8.0   1.600   -112.76312200
   8.0   1.700   -112.92382730
   8.0   1.800   -113.02797840
   8.0   1.900   -113.09152190
   8.0   2.000   -113.12602360
   8.0   2.100   -113.13715950
   8.0   2.200   -113.13428440
   8.0   2.300   -113.12225210
   8.0   2.400   -113.10436640
   8.0   2.500   -113.08300470
   8.0   2.600   -113.05723730
   8.0   2.700   -113.03484990
   8.0   2.800   -113.01414510
   8.0   2.900   -112.99302180
   8.0   3.000   -112.97024440
   8.0   3.100   -112.95089140
   8.0   3.200   -112.93301810

   9.0   1.600   -112.76279500
   9.0   1.700   -112.92352700
   9.0   1.800   -113.02770960
   9.0   1.900   -113.09127800
   9.0   2.000   -113.12581970
   9.0   2.100   -113.13707910
   9.0   2.200   -113.13421280
   9.0   2.300   -113.12219480
   9.0   2.400   -113.10432900
   9.0   2.500   -113.08299910
   9.0   2.600   -113.05931990
   9.0   2.700   -113.03595800
   9.0   2.800   -113.01317120
   9.0   2.900   -112.99337430
   9.0   3.000   -112.97000810
   9.0   3.100   -112.95076420
   9.0   3.200   -112.93289300

  10.0   1.600   -112.76258610
  10.0   1.700   -112.92334080
  10.0   1.800   -113.02754770
  10.0   1.900   -113.09114060
  10.0   2.000   -113.12570660
  10.0   2.100   -113.13701750
  10.0   2.200   -113.13415280
  10.0   2.300   -113.12213730
  10.0   2.400   -113.10427500
  10.0   2.500   -113.08295060
  10.0   2.600   -113.05978310
  10.0   2.700   -113.03623480
  10.0   2.800   -113.01305930
  10.0   2.900   -112.99363070
  10.0   3.000   -112.97009930
  10.0   3.100   -112.95069600
  10.0   3.200   -112.93282700

  12.0   1.600   -112.76228760
  12.0   1.700   -112.92308720
  12.0   1.800   -113.02732700
  12.0   1.900   -113.09095330
  12.0   2.000   -113.12555430
  12.0   2.100   -113.13695780
  12.0   2.200   -113.13409340
  12.0   2.300   -113.12207860
  12.0   2.400   -113.10421720
  12.0   2.500   -113.08289400
  12.0   2.600   -113.05982640
  12.0   2.700   -113.03624430
  12.0   2.800   -113.01300670
  12.0   2.900   -112.99372320
  12.0   3.000   -112.97016260
  12.0   3.100   -112.95063580
  12.0   3.200   -112.93276930

  14.0   1.600   -112.76199420
  14.0   1.700   -112.92279960
  14.0   1.800   -113.02708090
  14.0   1.900   -113.09072630
  14.0   2.000   -113.12534340
  14.0   2.100   -113.13693410
  14.0   2.200   -113.13406980
  14.0   2.300   -113.12205500
  14.0   2.400   -113.10419380
  14.0   2.500   -113.08287080
  14.0   2.600   -113.05980490
  14.0   2.700   -113.03622240
  14.0   2.800   -113.01298390
  14.0   2.900   -112.99368970
  14.0   3.000   -112.97012710
  14.0   3.100   -112.95061230
  14.0   3.200   -112.93274700

  16.0   1.600   -112.76191660
  16.0   1.700   -112.92273600
  16.0   1.800   -113.02701060
  16.0   1.900   -113.09067210
  16.0   2.000   -113.12530520
  16.0   2.100   -113.13692280
  16.0   2.200   -113.13405850
  16.0   2.300   -113.12204380
  16.0   2.400   -113.10418260
  16.0   2.500   -113.08285970
  16.0   2.600   -113.05979390
  16.0   2.700   -113.03621150
  16.0   2.800   -113.01297300
  16.0   2.900   -112.99367460
  16.0   3.000   -112.97013430
  16.0   3.100   -112.95060120
  16.0   3.200   -112.93273640

  18.0   1.600   -112.76186330
  18.0   1.700   -112.92269240
  18.0   1.800   -113.02697740
  18.0   1.900   -113.09064950
  18.0   2.000   -113.12529330
  18.0   2.100   -113.13691670
  18.0   2.200   -113.13405250
  18.0   2.300   -113.12203780
  18.0   2.400   -113.10417670
  18.0   2.500   -113.08285380
  18.0   2.600   -113.05978810
  18.0   2.700   -113.03620570
  18.0   2.800   -113.01296720
  18.0   2.900   -112.99373270
  18.0   3.000   -112.97019590
  18.0   3.100   -112.95059530
  18.0   3.200   -112.93273090

  20.0   1.600   -112.76182440
  20.0   1.700   -112.92266080
  20.0   1.800   -113.02695340
  20.0   1.900   -113.09063330
  20.0   2.000   -113.12528490
  20.0   2.100   -113.13691330
  20.0   2.200   -113.13404900
  20.0   2.300   -113.12203440
  20.0   2.400   -113.10417330
  20.0   2.500   -113.08285040
  20.0   2.600   -113.05978470
  20.0   2.700   -113.03620230
  20.0   2.800   -113.01296390
  20.0   2.900   -112.99377730
  20.0   3.000   -112.97024340
  20.0   3.100   -112.95059200
  20.0   3.200   -112.93272780

  21.0   1.600   -112.76182416
  21.0   1.700   -112.92266066
  21.0   1.800   -113.02695344
  21.0   1.900   -113.09063298
  21.0   2.000   -113.12528479
  21.0   2.100   -113.13691335
  21.0   2.200   -113.13404913
  21.0   2.300   -113.12203462
  21.0   2.400   -113.10417325
  21.0   2.500   -113.08285049
  21.0   2.600   -113.05978476
  21.0   2.700   -113.03620250
  21.0   2.800   -113.01296412
  21.0   2.900   -112.99377704
  21.0   3.000   -112.97024365
  21.0   3.100   -112.95059233
  21.0   3.200   -112.93272748

  22.0   1.600   -112.76181186
  22.0   1.700   -112.92265092
  22.0   1.800   -113.02694637
  22.0   1.900   -113.09062868
  22.0   2.000   -113.12528331
  22.0   2.100   -113.13691468
  22.0   2.200   -113.13405324
  22.0   2.300   -113.12204142
  22.0   2.400   -113.10418262
  22.0   2.500   -113.08286226
  22.0   2.600   -113.05979874
  22.0   2.700   -113.03621845
  22.0   2.800   -113.01298177
  22.0   2.900   -112.99379607
  22.0   3.000   -112.97026372
  22.0   3.100   -112.95061307
  22.0   3.200   -112.93274848

  23.0   1.600   -112.76180078
  23.0   1.700   -112.92264208
  23.0   1.800   -113.02693990
  23.0   1.900   -113.09062466
  23.0   2.000   -113.12528177
  23.0   2.100   -113.13691564
  23.0   2.200   -113.13405666
  23.0   2.300   -113.12204722
  23.0   2.400   -113.10419071
  23.0   2.500   -113.08287250
  23.0   2.600   -113.05981095
  23.0   2.700   -113.03623242
  23.0   2.800   -113.01299727
  23.0   2.900   -112.99381284
  23.0   3.000   -112.97028146
  23.0   3.100   -112.95063145
  23.0   3.200   -112.93276715

  24.0   1.600   -112.76179077
  24.0   1.700   -112.92263406
  24.0   1.800   -113.02693398
  24.0   1.900   -113.09062091
  24.0   2.000   -113.12528023
  24.0   2.100   -113.13691631
  24.0   2.200   -113.13405951
  24.0   2.300   -113.12205221
  24.0   2.400   -113.10419773
  24.0   2.500   -113.08288144
  24.0   2.600   -113.05982166
  24.0   2.700   -113.03624473
  24.0   2.800   -113.01301097
  24.0   2.900   -112.99382769
  24.0   3.000   -112.97029720
  24.0   3.100   -112.95064781
  24.0   3.200   -112.93278381

  25.0   1.600   -112.76178172
  25.0   1.700   -112.92262678
  25.0   1.800   -113.02692856
  25.0   1.900   -113.09061742
  25.0   2.000   -113.12527871
  25.0   2.100   -113.13691676
  25.0   2.200   -113.13406192
  25.0   2.300   -113.12205652
  25.0   2.400   -113.10420387
  25.0   2.500   -113.08288930
  25.0   2.600   -113.05983111
  25.0   2.700   -113.03625562
  25.0   2.800   -113.01302311
  25.0   2.900   -112.99384089
  25.0   3.000   -112.97031123
  25.0   3.100   -112.95066241
  25.0   3.200   -112.93279872

  26.0   1.600   -112.76177351
  26.0   1.700   -112.92262015
  26.0   1.800   -113.02692360
  26.0   1.900   -113.09061418
  26.0   2.000   -113.12527723
  26.0   2.100   -113.13691705
  26.0   2.200   -113.13406396
  26.0   2.300   -113.12206027
  26.0   2.400   -113.10420926
  26.0   2.500   -113.08289624
  26.0   2.600   -113.05983949
  26.0   2.700   -113.03626530
  26.0   2.800   -113.01303394
  26.0   2.900   -112.99385267
  26.0   3.000   -112.97032378
  26.0   3.100   -112.95067550
  26.0   3.200   -112.93281210

  27.0   1.600   -112.76176604
  27.0   1.700   -112.92261410
  27.0   1.800   -113.02691904
  27.0   1.900   -113.09061118
  27.0   2.000   -113.12527581
  27.0   2.100   -113.13691722
  27.0   2.200   -113.13406570
  27.0   2.300   -113.12206354
  27.0   2.400   -113.10421402
  27.0   2.500   -113.08290240
  27.0   2.600   -113.05984695
  27.0   2.700   -113.03627394
  27.0   2.800   -113.01304361
  27.0   2.900   -112.99386323
  27.0   3.000   -112.97033504
  27.0   3.100   -112.95068727
  27.0   3.200   -112.93282416

  28.0   1.600   -112.76175924
  28.0   1.700   -112.92260857
  28.0   1.800   -113.02691486
  28.0   1.900   -113.09060840
  28.0   2.000   -113.12527445
  28.0   2.100   -113.13691729
  28.0   2.200   -113.13406720
  28.0   2.300   -113.12206643
  28.0   2.400   -113.10421824
  28.0   2.500   -113.08290789
  28.0   2.600   -113.05985362
  28.0   2.700   -113.03628168
  28.0   2.800   -113.01305230
  28.0   2.900   -112.99387272
  28.0   3.000   -112.97034518
  28.0   3.100   -112.95069788
  28.0   3.200   -112.93283506

  29.0   1.600   -112.76175302
  29.0   1.700   -112.92260351
  29.0   1.800   -113.02691102
  29.0   1.900   -113.09060581
  29.0   2.000   -113.12527315
  29.0   2.100   -113.13691730
  29.0   2.200   -113.13406849
  29.0   2.300   -113.12206898
  29.0   2.400   -113.10422200
  29.0   2.500   -113.08291280
  29.0   2.600   -113.05985960
  29.0   2.700   -113.03628864
  29.0   2.800   -113.01306013
  29.0   2.900   -112.99388129
  29.0   3.000   -112.97035434
  29.0   3.100   -112.95070748
  29.0   3.200   -112.93284493

  30.0   1.600   -112.76174734
  30.0   1.700   -112.92259886
  30.0   1.800   -113.02690748
  30.0   1.900   -113.09060342
  30.0   2.000   -113.12527193
  30.0   2.100   -113.13691724
  30.0   2.200   -113.13406960
  30.0   2.300   -113.12207124
  30.0   2.400   -113.10422537
  30.0   2.500   -113.08291721
  30.0   2.600   -113.05986499
  30.0   2.700   -113.03629492
  30.0   2.800   -113.01306720
  30.0   2.900   -112.99388904
  30.0   3.000   -112.97036264
  30.0   3.100   -112.95071620
  30.0   3.200   -112.93285390

  31.0   1.600   -112.76174212
  31.0   1.700   -112.92259460
  31.0   1.800   -113.02690421
  31.0   1.900   -113.09060119
  31.0   2.000   -113.12527076
  31.0   2.100   -113.13691715
  31.0   2.200   -113.13407058
  31.0   2.300   -113.12207325
  31.0   2.400   -113.10422839
  31.0   2.500   -113.08292119
  31.0   2.600   -113.05986986
  31.0   2.700   -113.03630061
  31.0   2.800   -113.01307362
  31.0   2.900   -112.99389608
  31.0   3.000   -112.97037019
  31.0   3.100   -112.95072413
  31.0   3.200   -112.93286207

  32.0   1.600   -112.76173732
  32.0   1.700   -112.92259066
  32.0   1.800   -113.02690119
  32.0   1.900   -113.09059912
  32.0   2.000   -113.12526966
  32.0   2.100   -113.13691703
  32.0   2.200   -113.13407143
  32.0   2.300   -113.12207505
  32.0   2.400   -113.10423111
  32.0   2.500   -113.08292479
  32.0   2.600   -113.05987428
  32.0   2.700   -113.03630577
  32.0   2.800   -113.01307945
  32.0   2.900   -112.99390249
  32.0   3.000   -112.97037707
  32.0   3.100   -112.95073136
  32.0   3.200   -112.93286954

  33.0   1.600   -112.76173290
  33.0   1.700   -112.92258704
  33.0   1.800   -113.02689840
  33.0   1.900   -113.09059719
  33.0   2.000   -113.12526862
  33.0   2.100   -113.13691689
  33.0   2.200   -113.13407217
  33.0   2.300   -113.12207667
  33.0   2.400   -113.10423357
  33.0   2.500   -113.08292805
  33.0   2.600   -113.05987829
  33.0   2.700   -113.03631047
  33.0   2.800   -113.01308477
  33.0   2.900   -112.99390834
  33.0   3.000   -112.97038336
  33.0   3.100   -112.95073798
  33.0   3.200   -112.93287637

  34.0   1.600   -112.76172883
  34.0   1.700   -112.92258368
  34.0   1.800   -113.02689581
  34.0   1.900   -113.09059540
  34.0   2.000   -113.12526764
  34.0   2.100   -113.13691673
  34.0   2.200   -113.13407283
  34.0   2.300   -113.12207813
  34.0   2.400   -113.10423580
  34.0   2.500   -113.08293102
  34.0   2.600   -113.05988195
  34.0   2.700   -113.03631477
  34.0   2.800   -113.01308963
  34.0   2.900   -112.99391369
  34.0   3.000   -112.97038911
  34.0   3.100   -112.95074405
  34.0   3.200   -112.93288265

  35.0   1.600   -112.76172506
  35.0   1.700   -112.92258058
  35.0   1.800   -113.02689341
  35.0   1.900   -113.09059373
  35.0   2.000   -113.12526672
  35.0   2.100   -113.13691656
  35.0   2.200   -113.13407341
  35.0   2.300   -113.12207944
  35.0   2.400   -113.10423783
  35.0   2.500   -113.08293373
  35.0   2.600   -113.05988530
  35.0   2.700   -113.03631870
  35.0   2.800   -113.01309409
  35.0   2.900   -112.99391860
  35.0   3.000   -112.97039440
  35.0   3.100   -112.95074963
  35.0   3.200   -112.93288842

  36.0   1.600   -112.76172156
  36.0   1.700   -112.92257769
  36.0   1.800   -113.02689117
  36.0   1.900   -113.09059217
  36.0   2.000   -113.12526585
  36.0   2.100   -113.13691638
  36.0   2.200   -113.13407392
  36.0   2.300   -113.12208064
  36.0   2.400   -113.10423968
  36.0   2.500   -113.08293621
  36.0   2.600   -113.05988837
  36.0   2.700   -113.03632231
  36.0   2.800   -113.01309818
  36.0   2.900   -112.99392312
  36.0   3.000   -112.97039927
  36.0   3.100   -112.95075476
  36.0   3.200   -112.93289374

  37.0   1.600   -112.76171832
  37.0   1.700   -112.92257502
  37.0   1.800   -113.02688909
  37.0   1.900   -113.09059071
  37.0   2.000   -113.12526502
  37.0   2.100   -113.13691620
  37.0   2.200   -113.13407438
  37.0   2.300   -113.12208172
  37.0   2.400   -113.10424137
  37.0   2.500   -113.08293848
  37.0   2.600   -113.05989119
  37.0   2.700   -113.03632563
  37.0   2.800   -113.01310195
  37.0   2.900   -112.99392728
  37.0   3.000   -112.97040376
  37.0   3.100   -112.95075950
  37.0   3.200   -112.93289865

  38.0   1.600   -112.76171531
  38.0   1.700   -112.92257253
  38.0   1.800   -113.02688715
  38.0   1.900   -113.09058934
  38.0   2.000   -113.12526425
  38.0   2.100   -113.13691601
  38.0   2.200   -113.13407479
  38.0   2.300   -113.12208271
  38.0   2.400   -113.10424293
  38.0   2.500   -113.08294057
  38.0   2.600   -113.05989378
  38.0   2.700   -113.03632869
  38.0   2.800   -113.01310543
  38.0   2.900   -112.99393113
  38.0   3.000   -112.97040790
  38.0   3.100   -112.95076389
  38.0   3.200   -112.93290319

  39.0   1.600   -112.76171250
  39.0   1.700   -112.92257020
  39.0   1.800   -113.02688534
  39.0   1.900   -113.09058806
  39.0   2.000   -113.12526351
  39.0   2.100   -113.13691583
  39.0   2.200   -113.13407515
  39.0   2.300   -113.12208361
  39.0   2.400   -113.10424435
  39.0   2.500   -113.08294250
  39.0   2.600   -113.05989618
  39.0   2.700   -113.03633152
  39.0   2.800   -113.01310865
  39.0   2.900   -112.99393468
  39.0   3.000   -112.97041174
  39.0   3.100   -112.95076795
  39.0   3.200   -112.93290741

  40.0   1.600   -112.76170989
  40.0   1.700   -112.92256803
  40.0   1.800   -113.02688365
  40.0   1.900   -113.09058686
  40.0   2.000   -113.12526282
  40.0   2.100   -113.13691565
  40.0   2.200   -113.13407548
  40.0   2.300   -113.12208444
  40.0   2.400   -113.10424567
  40.0   2.500   -113.08294428
  40.0   2.600   -113.05989839
  40.0   2.700   -113.03633414
  40.0   2.800   -113.01311163
  40.0   2.900   -112.99393798
  40.0   3.000   -112.97041531
  40.0   3.100   -112.95077172
  40.0   3.200   -112.93291132

  41.0   1.600   -112.76170744
  41.0   1.700   -112.92256601
  41.0   1.800   -113.02688206
  41.0   1.900   -113.09058574
  41.0   2.000   -113.12526216
  41.0   2.100   -113.13691546
  41.0   2.200   -113.13407577
  41.0   2.300   -113.12208520
  41.0   2.400   -113.10424688
  41.0   2.500   -113.08294592
  41.0   2.600   -113.05990045
  41.0   2.700   -113.03633657
  41.0   2.800   -113.01311440
  41.0   2.900   -112.99394104
  41.0   3.000   -112.97041862
  41.0   3.100   -112.95077522
  41.0   3.200   -112.93291497

  42.0   1.600   -112.76170516
  42.0   1.700   -112.92256411
  42.0   1.800   -113.02688058
  42.0   1.900   -113.09058468
  42.0   2.000   -113.12526154
  42.0   2.100   -113.13691529
  42.0   2.200   -113.13407603
  42.0   2.300   -113.12208590
  42.0   2.400   -113.10424800
  42.0   2.500   -113.08294745
  42.0   2.600   -113.05990235
  42.0   2.700   -113.03633882
  42.0   2.800   -113.01311697
  42.0   2.900   -112.99394389
  42.0   3.000   -112.97042170
  42.0   3.100   -112.95077849
  42.0   3.200   -112.93291836

  43.0   1.600   -112.76170302
  43.0   1.700   -112.92256233
  43.0   1.800   -113.02687918
  43.0   1.900   -113.09058368
  43.0   2.000   -113.12526095
  43.0   2.100   -113.13691511
  43.0   2.200   -113.13407627
  43.0   2.300   -113.12208655
  43.0   2.400   -113.10424904
  43.0   2.500   -113.08294886
  43.0   2.600   -113.05990412
  43.0   2.700   -113.03634092
  43.0   2.800   -113.01311936
  43.0   2.900   -112.99394655
  43.0   3.000   -112.97042457
  43.0   3.100   -112.95078153
  43.0   3.200   -112.93292153

  44.0   1.600   -112.76170101
  44.0   1.700   -112.92256066
  44.0   1.800   -113.02687787
  44.0   1.900   -113.09058274
  44.0   2.000   -113.12526040
  44.0   2.100   -113.13691494
  44.0   2.200   -113.13407649
  44.0   2.300   -113.12208714
  44.0   2.400   -113.10425000
  44.0   2.500   -113.08295018
  44.0   2.600   -113.05990577
  44.0   2.700   -113.03634288
  44.0   2.800   -113.01312160
  44.0   2.900   -112.99394903
  44.0   3.000   -112.97042726
  44.0   3.100   -112.95078438
  44.0   3.200   -112.93292449

  45.0   1.600   -112.76169912
  45.0   1.700   -112.92255909
  45.0   1.800   -113.02687664
  45.0   1.900   -113.09058186
  45.0   2.000   -113.12525987
  45.0   2.100   -113.13691478
  45.0   2.200   -113.13407669
  45.0   2.300   -113.12208769
  45.0   2.400   -113.10425090
  45.0   2.500   -113.08295141
  45.0   2.600   -113.05990731
  45.0   2.700   -113.03634471
  45.0   2.800   -113.01312369
  45.0   2.900   -112.99395134
  45.0   3.000   -112.97042977
  45.0   3.100   -112.95078704
  45.0   3.200   -112.93292726

  46.0   1.600   -112.76169735
  46.0   1.700   -112.92255762
  46.0   1.800   -113.02687547
  46.0   1.900   -113.09058102
  46.0   2.000   -113.12525937
  46.0   2.100   -113.13691462
  46.0   2.200   -113.13407686
  46.0   2.300   -113.12208820
  46.0   2.400   -113.10425174
  46.0   2.500   -113.08295255
  46.0   2.600   -113.05990875
  46.0   2.700   -113.03634642
  46.0   2.800   -113.01312564
  46.0   2.900   -112.99395351
  46.0   3.000   -112.97043212
  46.0   3.100   -112.95078954
  46.0   3.200   -112.93292986

  47.0   1.600   -112.76169568
  47.0   1.700   -112.92255623
  47.0   1.800   -113.02687438
  47.0   1.900   -113.09058024
  47.0   2.000   -113.12525890
  47.0   2.100   -113.13691446
  47.0   2.200   -113.13407703
  47.0   2.300   -113.12208868
  47.0   2.400   -113.10425251
  47.0   2.500   -113.08295362
  47.0   2.600   -113.05991009
  47.0   2.700   -113.03634802
  47.0   2.800   -113.01312747
  47.0   2.900   -112.99395555
  47.0   3.000   -112.97043432
  47.0   3.100   -112.95079188
  47.0   3.200   -112.93293230

  48.0   1.600   -112.76169411
  48.0   1.700   -112.92255492
  48.0   1.800   -113.02687334
  48.0   1.900   -113.09057949
  48.0   2.000   -113.12525845
  48.0   2.100   -113.13691431
  48.0   2.200   -113.13407717
  48.0   2.300   -113.12208912
  48.0   2.400   -113.10425324
  48.0   2.500   -113.08295463
  48.0   2.600   -113.05991136
  48.0   2.700   -113.03634952
  48.0   2.800   -113.01312919
  48.0   2.900   -112.99395745
  48.0   3.000   -112.97043639
  48.0   3.100   -112.95079408
  48.0   3.200   -112.93293459

  49.0   1.600   -112.76169263
  49.0   1.700   -112.92255368
  49.0   1.800   -113.02687237
  49.0   1.900   -113.09057878
  49.0   2.000   -113.12525802
  49.0   2.100   -113.13691417
  49.0   2.200   -113.13407731
  49.0   2.300   -113.12208953
  49.0   2.400   -113.10425392
  49.0   2.500   -113.08295557
  49.0   2.600   -113.05991254
  49.0   2.700   -113.03635093
  49.0   2.800   -113.01313080
  49.0   2.900   -112.99395925
  49.0   3.000   -112.97043834
  49.0   3.100   -112.95079615
  49.0   3.200   -112.93293675

  50.0   1.600   -112.76169123
  50.0   1.700   -112.92255251
  50.0   1.800   -113.02687144
  50.0   1.900   -113.09057811
  50.0   2.000   -113.12525761
  50.0   2.100   -113.13691402
  50.0   2.200   -113.13407743
  50.0   2.300   -113.12208992
  50.0   2.400   -113.10425456
  50.0   2.500   -113.08295645
  50.0   2.600   -113.05991365
  50.0   2.700   -113.03635225
  50.0   2.800   -113.01313232
  50.0   2.900   -112.99396094
  50.0   3.000   -112.97044017
  50.0   3.100   -112.95079809
  50.0   3.200   -112.93293878

