   1.8   1.600   -112.06007230
   1.8   1.700   -112.02224400
   1.8   1.800   -111.94275860
   1.8   1.900   -111.75874470
   1.8   2.000   -111.55197850
   1.8   2.100   -111.21512920
   1.8   2.200   -110.82635630
   1.8   2.300   -110.44678910
   1.8   2.400   -110.01621540
   1.8   2.500   -109.58502040
   1.8   2.600   -109.14216570
   1.8   2.700   -108.73324610
   1.8   2.800   -108.39499870
   1.8   2.900   -108.15419610
   1.8   3.000   -108.00469420
   1.8   3.100   -108.01040890
   1.8   3.200   -108.12757720

   2.0   1.600   -112.60002210
   2.0   1.700   -112.63412650
   2.0   1.800   -112.74173420
   2.0   1.900   -112.74985230
   2.0   2.000   -112.69651020
   2.0   2.100   -112.69503780
   2.0   2.200   -112.65008020
   2.0   2.300   -112.59601370
   2.0   2.400   -112.54578750
   2.0   2.500   -112.47826540
   2.0   2.600   -112.41690280
   2.0   2.700   -112.37257970
   2.0   2.800   -112.33273180
   2.0   2.900   -112.31612220
   2.0   3.000   -112.30185870
   2.0   3.100   -112.29515800
   2.0   3.200   -112.29543420

   2.1   1.600   -112.68237450
   2.1   1.700   -112.73316590
   2.1   1.800   -112.84667230
   2.1   1.900   -112.86503320
   2.1   2.000   -112.83923120
   2.1   2.100   -112.84255880
   2.1   2.200   -112.82390130
   2.1   2.300   -112.75549460
   2.1   2.400   -112.70799690
   2.1   2.500   -112.64367760
   2.1   2.600   -112.58271040
   2.1   2.700   -112.53650170
   2.1   2.800   -112.48837870
   2.1   2.900   -112.46591680
   2.1   3.000   -112.44548500
   2.1   3.100   -112.43765630
   2.1   3.200   -112.41696120

   2.2   1.600   -112.74042310
   2.2   1.700   -112.80873950
   2.2   1.800   -112.92590260
   2.2   1.900   -112.95162350
   2.2   2.000   -112.93922640
   2.2   2.100   -112.95241130
   2.2   2.200   -112.94069910
   2.2   2.300   -112.89393800
   2.2   2.400   -112.83822230
   2.2   2.500   -112.77892200
   2.2   2.600   -112.72115890
   2.2   2.700   -112.67651200
   2.2   2.800   -112.62381400
   2.2   2.900   -112.59845020
   2.2   3.000   -112.58557120
   2.2   3.100   -112.55540600
   2.2   3.200   -112.53538120

   2.3   1.600   -112.79932150
   2.3   1.700   -112.92325650
   2.3   1.800   -112.98598970
   2.3   1.900   -113.01602540
   2.3   2.000   -113.00857540
   2.3   2.100   -113.03106960
   2.3   2.200   -113.02927340
   2.3   2.300   -112.98983010
   2.3   2.400   -112.94073350
   2.3   2.500   -112.88713300
   2.3   2.600   -112.83391000
   2.3   2.700   -112.79283460
   2.3   2.800   -112.73861240
   2.3   2.900   -112.71143460
   2.3   3.000   -112.69954830
   2.3   3.100   -112.66852940
   2.3   3.200   -112.65085570

   2.4   1.600   -112.83326470
   2.4   1.700   -112.96314970
   2.4   1.800   -113.03120920
   2.4   1.900   -113.06568870
   2.4   2.000   -113.06392640
   2.4   2.100   -113.08308110
   2.4   2.200   -113.09482320
   2.4   2.300   -113.06271480
   2.4   2.400   -113.01997640
   2.4   2.500   -112.97207140
   2.4   2.600   -112.92381160
   2.4   2.700   -112.88705180
   2.4   2.800   -112.83369540
   2.4   2.900   -112.80514330
   2.4   3.000   -112.79530760
   2.4   3.100   -112.77308880
   2.4   3.200   -112.74161260

   2.5   1.600   -112.85663040
   2.5   1.700   -112.99176410
   2.5   1.800   -113.06482630
   2.5   1.900   -113.10383850
   2.5   2.000   -113.10787510
   2.5   2.100   -113.11255020
   2.5   2.200   -113.14169070
   2.5   2.300   -113.11684140
   2.5   2.400   -113.08008470
   2.5   2.500   -113.03751210
   2.5   2.600   -112.99411290
   2.5   2.700   -112.96176700
   2.5   2.800   -112.91070790
   2.5   2.900   -112.88150720
   2.5   3.000   -112.87314910
   2.5   3.100   -112.84770390
   2.5   3.200   -112.82468390

   2.6   1.600   -112.87169510
   2.6   1.700   -113.01136110
   2.6   1.800   -113.08882400
   2.6   1.900   -113.13249300
   2.6   2.000   -113.14159740
   2.6   2.100   -113.13059980
   2.6   2.200   -113.17356770
   2.6   2.300   -113.15583740
   2.6   2.400   -113.12457870
   2.6   2.500   -113.08687630
   2.6   2.600   -113.04801530
   2.6   2.700   -113.01958840
   2.6   2.800   -112.97170430
   2.6   2.900   -112.94293950
   2.6   3.000   -112.93441130
   2.6   3.100   -112.91997590
   2.6   3.200   -112.89373200

   2.7   1.600   -112.88022350
   2.7   1.700   -113.02379820
   2.7   1.800   -113.10525000
   2.7   1.900   -113.15289140
   2.7   2.000   -113.16650020
   2.7   2.100   -113.14847010
   2.7   2.200   -113.19372220
   2.7   2.300   -113.18280860
   2.7   2.400   -113.15654260
   2.7   2.500   -113.12317610
   2.7   2.600   -113.08840380
   2.7   2.700   -113.06315420
   2.7   2.800   -113.01896310
   2.7   2.900   -112.99149270
   2.7   3.000   -112.98056720
   2.7   3.100   -112.97161760
   2.7   3.200   -112.94945820

   2.8   1.600   -112.88385690
   2.8   1.700   -113.03054730
   2.8   1.800   -113.11549900
   2.8   1.900   -113.16666480
   2.8   2.000   -113.18416310
   2.8   2.100   -113.16467310
   2.8   2.200   -113.20536480
   2.8   2.300   -113.20033490
   2.8   2.400   -113.17855660
   2.8   2.500   -113.14898180
   2.8   2.600   -113.11783870
   2.8   2.700   -113.09489360
   2.8   2.800   -113.05467140
   2.8   2.900   -113.02901890
   2.8   3.000   -113.01565370
   2.8   3.100   -112.98701970
   2.8   3.200   -112.97650930

   2.9   1.600   -112.88398020
   2.9   1.700   -113.03307070
   2.9   1.800   -113.12080600
   2.9   1.900   -113.17502980
   2.9   2.000   -113.19582990
   2.9   2.100   -113.17647750
   2.9   2.200   -113.21173720
   2.9   2.300   -113.21064560
   2.9   2.400   -113.19274200
   2.9   2.500   -113.16644470
   2.9   2.600   -113.13845560
   2.9   2.700   -113.11697190
   2.9   2.800   -113.08089150
   2.9   2.900   -113.05713230
   2.9   3.000   -113.04171480
   2.9   3.100   -113.01910780
   2.9   3.200   -113.00956880

   3.0   1.600   -112.88161820
   3.0   1.700   -113.03261180
   3.0   1.800   -113.12239590
   3.0   1.900   -113.17875760
   3.0   2.000   -113.20254570
   3.0   2.100   -113.18306420
   3.0   2.200   -113.21534430
   3.0   2.300   -113.21567170
   3.0   2.400   -113.20079350
   3.0   2.500   -113.17729950
   3.0   2.600   -113.15203220
   3.0   2.700   -113.13107350
   3.0   2.800   -113.09941310
   3.0   2.900   -113.07742290
   3.0   3.000   -113.05432353
   3.0   3.100   -113.03768430
   3.0   3.200   -113.03230770

   3.1   1.600   -112.87753450
   3.1   1.700   -113.03011640
   3.1   1.800   -113.12147060
   3.1   1.900   -113.17953970
   3.1   2.000   -113.20502450
   3.1   2.100   -113.18542650
   3.1   2.200   -113.21721060
   3.1   2.300   -113.21707250
   3.1   2.400   -113.20391720
   3.1   2.500   -113.18274450
   3.1   2.600   -113.16000420
   3.1   2.700   -113.13840650
   3.1   2.800   -113.11175240
   3.1   2.900   -113.08216460
   3.1   3.000   -113.06012630
   3.1   3.100   -113.04786130
   3.1   3.200   -113.04704720

   3.2   1.600   -112.87230510
   3.2   1.700   -113.02624400
   3.2   1.800   -113.11890050
   3.2   1.900   -113.17826800
   3.2   2.000   -113.20510480
   3.2   2.100   -113.18615020
   3.2   2.200   -113.21723710
   3.2   2.300   -113.21616820
   3.2   2.400   -113.20369540
   3.2   2.500   -113.18316580
   3.2   2.600   -113.16116890
   3.2   2.700   -113.13919560
   3.2   2.800   -113.11263860
   3.2   2.900   -113.08801280
   3.2   3.000   -113.06606630
   3.2   3.100   -113.05063650
   3.2   3.200   -113.05529510

   3.3   1.600   -112.86636240
   3.3   1.700   -113.02149950
   3.3   1.800   -113.11528170
   3.3   1.900   -113.17559470
   3.3   2.000   -113.20342040
   3.3   2.100   -113.18643690
   3.3   2.200   -113.21615360
   3.3   2.300   -113.21387280
   3.3   2.400   -113.20156600
   3.3   2.500   -113.18147070
   3.3   2.600   -113.16002760
   3.3   2.700   -113.13697360
   3.3   2.800   -113.11357960
   3.3   2.900   -113.09015760
   3.3   3.000   -113.06870030
   3.3   3.100   -113.04770180
   3.3   3.200   -113.05824080

   3.4   1.600   -112.86001650
   3.4   1.700   -113.01617640
   3.4   1.800   -113.11102930
   3.4   1.900   -113.17206170
   3.4   2.000   -113.20056280
   3.4   2.100   -113.18580720
   3.4   2.200   -113.21409350
   3.4   2.300   -113.21122730
   3.4   2.400   -113.19849940
   3.4   2.500   -113.17835060
   3.4   2.600   -113.15731120
   3.4   2.700   -113.13484710
   3.4   2.800   -113.11227910
   3.4   2.900   -113.08968350
   3.4   3.000   -113.06873100
   3.4   3.100   -113.04423200
   3.4   3.200   -113.05638120

   3.5   1.600   -112.85351870
   3.5   1.700   -113.01054610
   3.5   1.800   -113.10642800
   3.5   1.900   -113.16803820
   3.5   2.000   -113.19700770
   3.5   2.100   -113.18436200
   3.5   2.200   -113.21141680
   3.5   2.300   -113.20865610
   3.5   2.400   -113.19524340
   3.5   2.500   -113.17461240
   3.5   2.600   -113.15347870
   3.5   2.700   -113.13134730
   3.5   2.800   -113.10930180
   3.5   2.900   -113.08729270
   3.5   3.000   -113.06679340
   3.5   3.100   -113.04132530
   3.5   3.200   -113.05064840

   3.6   1.600   -112.84707450
   3.6   1.700   -113.00480470
   3.6   1.800   -113.10166740
   3.6   1.900   -113.16377370
   3.6   2.000   -113.19314430
   3.6   2.100   -113.18247090
   3.6   2.200   -113.20888120
   3.6   2.300   -113.20688260
   3.6   2.400   -113.19233430
   3.6   2.500   -113.17083330
   3.6   2.600   -113.14924960
   3.6   2.700   -113.12705570
   3.6   2.800   -113.10523420
   3.6   2.900   -113.08357670
   3.6   3.000   -113.06343490
   3.6   3.100   -113.03792530
   3.6   3.200   -113.04037350

   3.7   1.600   -112.84084280
   3.7   1.700   -112.99911700
   3.7   1.800   -113.09688400
   3.7   1.900   -113.15943110
   3.7   2.000   -113.18924210
   3.7   2.100   -113.18064530
   3.7   2.200   -113.20560717
   3.7   2.300   -113.20641220
   3.7   2.400   -113.19036680
   3.7   2.500   -113.16759970
   3.7   2.600   -113.14512420
   3.7   2.700   -113.12242820
   3.7   2.800   -113.10052850
   3.7   2.900   -113.07901660
   3.7   3.000   -113.05909580
   3.7   3.100   -113.03386730
   3.7   3.200   -113.02489260

   3.8   1.600   -112.83493300
   3.8   1.700   -112.99360950
   3.8   1.800   -113.09216910
   3.8   1.900   -113.15510400
   3.8   2.000   -113.18539940
   3.8   2.100   -113.17947820
   3.8   2.200   -113.20130558
   3.8   2.300   -113.20532450
   3.8   2.400   -113.18916570
   3.8   2.500   -113.16548940
   3.8   2.600   -113.14165450
   3.8   2.700   -113.11804380
   3.8   2.800   -113.09571130
   3.8   2.900   -113.07405890
   3.8   3.000   -113.05415840
   3.8   3.100   -113.02920950
   3.8   3.200   -113.01549710

   3.9   1.600   -112.82941510
   3.9   1.700   -112.98837510
   3.9   1.800   -113.08759970
   3.9   1.900   -113.15084230
   3.9   2.000   -113.18163780
   3.9   2.100   -113.17779980
   3.9   2.200   -113.19596830
   3.9   2.300   -113.20127201
   3.9   2.400   -113.18666320
   3.9   2.500   -113.16421090
   3.9   2.600   -113.13950090
   3.9   2.700   -113.11452440
   3.9   2.800   -113.09129430
   3.9   2.900   -113.06915570
   3.9   3.000   -113.04906560
   3.9   3.100   -113.02423240
   3.9   3.200   -113.00908020

   4.0   1.600   -112.82432460
   4.0   1.700   -112.98347680
   4.0   1.800   -113.08322090
   4.0   1.900   -113.14670940
   4.0   2.000   -113.17796620
   4.0   2.100   -113.17594880
   4.0   2.200   -113.18995340
   4.0   2.300   -113.19422700
   4.0   2.400   -113.18165550
   4.0   2.500   -113.16163640
   4.0   2.600   -113.13837460
   4.0   2.700   -113.11258820
   4.0   2.800   -113.08798110
   4.0   2.900   -113.06487490
   4.0   3.000   -113.04425410
   4.0   3.100   -113.01931070
   4.0   3.200   -113.00348700

   4.1   1.600   -112.81966810
   4.1   1.700   -112.97895100
   4.1   1.800   -113.07912600
   4.1   1.900   -113.14266090
   4.1   2.000   -113.17439950
   4.1   2.100   -113.17410970
   4.1   2.200   -113.18474130
   4.1   2.300   -113.18476910
   4.1   2.400   -113.17389492
   4.1   2.500   -113.15667840
   4.1   2.600   -113.13607640
   4.1   2.700   -113.11196190
   4.1   2.800   -113.08662870
   4.1   2.900   -113.06205960
   4.1   3.000   -113.04037620
   4.1   3.100   -113.01496800
   4.1   3.200   -112.99855500

   4.2   1.600   -112.81544150
   4.2   1.700   -112.97481070
   4.2   1.800   -113.07533010
   4.2   1.900   -113.13890440
   4.2   2.000   -113.17096640
   4.2   2.100   -113.17231570
   4.2   2.200   -113.18069140
   4.2   2.300   -113.17448160
   4.2   2.400   -113.16485390
   4.2   2.500   -113.14925356
   4.2   2.600   -113.13069670
   4.2   2.700   -113.11025530
   4.2   2.800   -113.08687670
   4.2   2.900   -113.06176620
   4.2   3.000   -113.03850680
   4.2   3.100   -113.01206300
   4.2   3.200   -112.99481810

   4.4   1.600   -112.80817820
   4.4   1.700   -112.96765100
   4.4   1.800   -113.06867480
   4.4   1.900   -113.13216480
   4.4   2.000   -113.16467070
   4.4   2.100   -113.16886730
   4.4   2.200   -113.17456860
   4.4   2.300   -113.16333190
   4.4   2.400   -113.14906050
   4.4   2.500   -113.13212060
   4.4   2.600   -113.11467000
   4.4   2.700   -113.09727960
   4.4   2.800   -113.07868430
   4.4   2.900   -113.06314180
   4.4   3.000   -113.04290300
   4.4   3.100   -113.01656060
   4.4   3.200   -112.99657850

   4.6   1.600   -112.80228850
   4.6   1.700   -112.96176660
   4.6   1.800   -113.06458960
   4.6   1.900   -113.12654830
   4.6   2.000   -113.15930380
   4.6   2.100   -113.16575310
   4.6   2.200   -113.16956010
   4.6   2.300   -113.15759720
   4.6   2.400   -113.14021180
   4.6   2.500   -113.11986190
   4.6   2.600   -113.10004160
   4.6   2.700   -113.08130650
   4.6   2.800   -113.06385170
   4.6   2.900   -113.04820120
   4.6   3.000   -113.03403580
   4.6   3.100   -113.01702760
   4.6   3.200   -113.00483670

   4.8   1.600   -112.79751400
   4.8   1.700   -112.95699770
   4.8   1.800   -113.05986280
   4.8   1.900   -113.12193680
   4.8   2.000   -113.15480700
   4.8   2.100   -113.16275530
   4.8   2.200   -113.16527390
   4.8   2.300   -113.15340830
   4.8   2.400   -113.13526020
   4.8   2.500   -113.11332210
   4.8   2.600   -113.09043060
   4.8   2.700   -113.06489990
   4.8   2.800   -113.04964480
   4.8   2.900   -113.03326340
   4.8   3.000   -113.01897380
   4.8   3.100   -113.00293340
   4.8   3.200   -112.99165260

   5.0   1.600   -112.79359960
   5.0   1.700   -112.95311520
   5.0   1.800   -113.05600270
   5.0   1.900   -113.11815850
   5.0   2.000   -113.15112480
   5.0   2.100   -113.16038890
   5.0   2.200   -113.16172140
   5.0   2.300   -113.14995040
   5.0   2.400   -113.13173400
   5.0   2.500   -113.10933600
   5.0   2.600   -113.08552600
   5.0   2.700   -113.06107580
   5.0   2.800   -113.03565540
   5.0   2.900   -113.02007350
   5.0   3.000   -113.00495120
   5.0   3.100   -112.98896400
   5.0   3.200   -112.97757350

   5.2   1.600   -112.79034020
   5.2   1.700   -112.94989450
   5.2   1.800   -113.05281680
   5.2   1.900   -113.11504510
   5.2   2.000   -113.14809780
   5.2   2.100   -113.16069880
   5.2   2.200   -113.15881200
   5.2   2.300   -113.14710060
   5.2   2.400   -113.12892440
   5.2   2.500   -113.10649100
   5.2   2.600   -113.08223820
   5.2   2.700   -113.05733730
   5.2   2.800   -113.03215260
   5.2   2.900   -113.00923310
   5.2   3.000   -112.99217900
   5.2   3.100   -112.97555310
   5.2   3.200   -112.96448650

   5.4   1.600   -112.78759780
   5.4   1.700   -112.94719300
   5.4   1.800   -113.05016080
   5.4   1.900   -113.11245350
   5.4   2.000   -113.14558840
   5.4   2.100   -113.15823540
   5.4   2.200   -113.15641380
   5.4   2.300   -113.14475560
   5.4   2.400   -113.12661540
   5.4   2.500   -113.10426140
   5.4   2.600   -113.07985530
   5.4   2.700   -113.05460530
   5.4   2.800   -113.02949460
   5.4   2.900   -113.00361180
   5.4   3.000   -112.98146990
   5.4   3.100   -112.96781870
   5.4   3.200   -112.95653020

   5.6   1.600   -112.78525130
   5.6   1.700   -112.94489760
   5.6   1.800   -113.04791530
   5.6   1.900   -113.11026870
   5.6   2.000   -113.14348290
   5.6   2.100   -113.15618020
   5.6   2.200   -113.15442180
   5.6   2.300   -113.14281630
   5.6   2.400   -113.12471120
   5.6   2.500   -113.10244090
   5.6   2.600   -113.07801120
   5.6   2.700   -113.05262080
   5.6   2.800   -113.02725710
   5.6   2.900   -113.00251060
   5.6   3.000   -112.98073880
   5.6   3.100   -112.96935620
   5.6   3.200   -112.95821020

   5.8   1.600   -112.78322130
   5.8   1.700   -112.94291540
   5.8   1.800   -113.04598740
   5.8   1.900   -113.10840130
   5.8   2.000   -113.14169270
   5.8   2.100   -113.15444530
   5.8   2.200   -113.15275010
   5.8   2.300   -113.14119860
   5.8   2.400   -113.12313170
   5.8   2.500   -113.10093670
   5.8   2.600   -113.07651280
   5.8   2.700   -113.05109380
   5.8   2.800   -113.02563240
   5.8   2.900   -113.00069370
   5.8   3.000   -112.98233950
   5.8   3.100   -112.97067830
   5.8   3.200   -112.95935070

   6.0   1.600   -112.78145650
   6.0   1.700   -112.94119810
   6.0   1.800   -113.04432240
   6.0   1.900   -113.10679270
   6.0   2.000   -113.14015550
   6.0   2.100   -113.15296350
   6.0   2.200   -113.15133170
   6.0   2.300   -113.13983010
   6.0   2.400   -113.12180890
   6.0   2.500   -113.09968670
   6.0   2.600   -113.07527690
   6.0   2.700   -113.04985740
   6.0   2.800   -113.02437090
   6.0   2.900   -112.99935550
   6.0   3.000   -112.98391350
   6.0   3.100   -112.97147440
   6.0   3.200   -112.96018020

   7.0   1.600   -112.78104170
   7.0   1.700   -112.93625570
   7.0   1.800   -113.03852570
   7.0   1.900   -113.10125710
   7.0   2.000   -113.13492080
   7.0   2.100   -113.14798420
   7.0   2.200   -113.14663200
   7.0   2.300   -113.13539280
   7.0   2.400   -113.11759540
   7.0   2.500   -113.09562526
   7.0   2.600   -113.06883800
   7.0   2.700   -113.04610660
   7.0   2.800   -113.02064200
   7.0   2.900   -112.99921050
   7.0   3.000   -112.98668180
   7.0   3.100   -112.97435850
   7.0   3.200   -112.96248220

   8.0   1.600   -112.78187820
   8.0   1.700   -112.93713660
   8.0   1.800   -113.03636780
   8.0   1.900   -113.09793930
   8.0   2.000   -113.13182360
   8.0   2.100   -113.14510660
   8.0   2.200   -113.14400230
   8.0   2.300   -113.13298900
   8.0   2.400   -113.11541250
   8.0   2.500   -113.09371290
   8.0   2.600   -113.06852777
   8.0   2.700   -113.04557973
   8.0   2.800   -113.01900140
   8.0   2.900   -112.99939370
   8.0   3.000   -112.98689090
   8.0   3.100   -112.97459820
   8.0   3.200   -112.96276050

   9.0   1.600   -112.78190930
   9.0   1.700   -112.93717180
   9.0   1.800   -113.03640610
   9.0   1.900   -113.09585640
   9.0   2.000   -113.12990000
   9.0   2.100   -113.14334290
   9.0   2.200   -113.14236870
   9.0   2.300   -113.13149880
   9.0   2.400   -113.11405310
   9.0   2.500   -113.09246530
   9.0   2.600   -113.07012070
   9.0   2.700   -113.04533820
   9.0   2.800   -113.01843837
   9.0   2.900   -112.99830040
   9.0   3.000   -112.98675110
   9.0   3.100   -112.97445540
   9.0   3.200   -112.96261630

  10.0   1.600   -112.78184480
  10.0   1.700   -112.93710540
  10.0   1.800   -113.03633760
  10.0   1.900   -113.09550760
  10.0   2.000   -113.12868030
  10.0   2.100   -113.14223940
  10.0   2.200   -113.14138090
  10.0   2.300   -113.13062440
  10.0   2.400   -113.11328720
  10.0   2.500   -113.09180060
  10.0   2.600   -113.06826240
  10.0   2.700   -113.04338430
  10.0   2.800   -113.01827040
  10.0   2.900   -112.99912230
  10.0   3.000   -112.98664840
  10.0   3.100   -112.97434810
  10.0   3.200   -112.96250460

  12.0   1.600   -112.78176250
  12.0   1.700   -112.93702020
  12.0   1.800   -113.03624950
  12.0   1.900   -113.09541670
  12.0   2.000   -113.12732190
  12.0   2.100   -113.14104010
  12.0   2.200   -113.14034140
  12.0   2.300   -113.12974300
  12.0   2.400   -113.11255960
  12.0   2.500   -113.09122010
  12.0   2.600   -113.06750680
  12.0   2.700   -113.04268400
  12.0   2.800   -113.01766090
  12.0   2.900   -112.99907900
  12.0   3.000   -112.98656530
  12.0   3.100   -112.97426110
  12.0   3.200   -112.96241340

  14.0   1.600   -112.78172920
  14.0   1.700   -112.93698560
  14.0   1.800   -113.03621370
  14.0   1.900   -113.09537980
  14.0   2.000   -113.12661870
  14.0   2.100   -113.14044490
  14.0   2.200   -113.13984960
  14.0   2.300   -113.12934440
  14.0   2.400   -113.11226880
  14.0   2.500   -113.09104310
  14.0   2.600   -113.06741080
  14.0   2.700   -113.04266180
  14.0   2.800   -113.01771010
  14.0   2.900   -112.99905570
  14.0   3.000   -112.98654050
  14.0   3.100   -112.97423520
  14.0   3.200   -112.96238620

  16.0   1.600   -112.78171350
  16.0   1.700   -112.93696930
  16.0   1.800   -113.03619680
  16.0   1.900   -113.09536230
  16.0   2.000   -113.12612980
  16.0   2.100   -113.14000840
  16.0   2.200   -113.13946820
  16.0   2.300   -113.12902440
  16.0   2.400   -113.11199130
  16.0   2.500   -113.09090900
  16.0   2.600   -113.06721830
  16.0   2.700   -113.04252920
  16.0   2.800   -113.01763030
  16.0   2.900   -112.99904690
  16.0   3.000   -112.98653130
  16.0   3.100   -112.97422550
  16.0   3.200   -112.96237590

  18.0   1.600   -112.78170500
  18.0   1.700   -112.93696050
  18.0   1.800   -113.03618770
  18.0   1.900   -113.09535290
  18.0   2.000   -113.12609860
  18.0   2.100   -113.13982460
  18.0   2.200   -113.13933000
  18.0   2.300   -113.12893130
  18.0   2.400   -113.11194180
  18.0   2.500   -113.09079020
  18.0   2.600   -113.06725080
  18.0   2.700   -113.04259930
  18.0   2.800   -113.01773540
  18.0   2.900   -112.99904310
  18.0   3.000   -112.98652740
  18.0   3.100   -112.97422140
  18.0   3.200   -112.96237150

  20.0   1.600   -112.78170020
  20.0   1.700   -112.93695540
  20.0   1.800   -113.03618230
  20.0   1.900   -113.09534740
  20.0   2.000   -113.12609290
  20.0   2.100   -113.13970570
  20.0   2.200   -113.13924390
  20.0   2.300   -113.12887730
  20.0   2.400   -113.11191930
  20.0   2.500   -113.09079770
  20.0   2.600   -113.06728690
  20.0   2.700   -113.04266230
  20.0   2.800   -113.01782360
  20.0   2.900   -112.99904150
  20.0   3.000   -112.98652570
  20.0   3.100   -112.97421950
  20.0   3.200   -112.96236940

21.00    1.60   -112.78169982
21.00    1.70   -112.93695572
21.00    1.80   -113.03618242
21.00    1.90   -113.09534762
21.00    2.00   -113.12609296
21.00    2.10   -113.13970606
21.00    2.20   -113.13924352
21.00    2.30   -113.12887691
21.00    2.40   -113.11191978
21.00    2.50   -113.09079765
21.00    2.60   -113.06728702
21.00    2.70   -113.04266233
21.00    2.80   -113.01782405
21.00    2.90   -112.99904158
21.00    3.00   -112.98652530
21.00    3.10   -112.97421959
21.00    3.20   -112.96236977

22.00    1.60   -112.78165888
22.00    1.70   -112.93692382
22.00    1.80   -113.03616009
22.00    1.90   -113.09533522
22.00    2.00   -113.12609069
22.00    2.10   -113.13971400
22.00    2.20   -113.13926161
22.00    2.30   -113.12890493
22.00    2.40   -113.11195739
22.00    2.50   -113.09084436
22.00    2.60   -113.06734221
22.00    2.70   -113.04272527
22.00    2.80   -113.01789385
22.00    2.90   -112.99911725
22.00    3.00   -112.98660572
22.00    3.10   -112.97430352
22.00    3.20   -112.96245585

23.00    1.60   -112.78162196
23.00    1.70   -112.93689484
23.00    1.80   -113.03613949
23.00    1.90   -113.09532332
23.00    2.00   -113.12608769
23.00    2.10   -113.13971997
23.00    2.20   -113.13927648
23.00    2.30   -113.12892854
23.00    2.40   -113.11198943
23.00    2.50   -113.09088442
23.00    2.60   -113.06738975
23.00    2.70   -113.04277965
23.00    2.80   -113.01795431
23.00    2.90   -112.99918293
23.00    3.00   -112.98667565
23.00    3.10   -112.97437661
23.00    3.20   -112.96253092

24.00    1.60   -112.78158861
24.00    1.70   -112.93686848
24.00    1.80   -113.03612052
24.00    1.90   -113.09531202
24.00    2.00   -113.12608425
24.00    2.10   -113.13972444
24.00    2.20   -113.13928882
24.00    2.30   -113.12894859
24.00    2.40   -113.11201694
24.00    2.50   -113.09091902
24.00    2.60   -113.06743099
24.00    2.70   -113.04282696
24.00    2.80   -113.01800703
24.00    2.90   -112.99924030
24.00    3.00   -112.98673683
24.00    3.10   -112.97444065
24.00    3.20   -112.96259679

25.00    1.60   -112.78155842
25.00    1.70   -112.93684448
25.00    1.80   -113.03610307
25.00    1.90   -113.09530138
25.00    2.00   -113.12608056
25.00    2.10   -113.13972777
25.00    2.20   -113.13929913
25.00    2.30   -113.12896575
25.00    2.40   -113.11204072
25.00    2.50   -113.09094912
25.00    2.60   -113.06746699
25.00    2.70   -113.04286837
25.00    2.80   -113.01805328
25.00    2.90   -112.99929072
25.00    3.00   -112.98679066
25.00    3.10   -112.97449708
25.00    3.20   -112.96265490

26.00    1.60   -112.78153103
26.00    1.70   -112.93682259
26.00    1.80   -113.03608701
26.00    1.90   -113.09529138
26.00    2.00   -113.12607676
26.00    2.10   -113.13973023
26.00    2.20   -113.13930781
26.00    2.30   -113.12898054
26.00    2.40   -113.11206142
26.00    2.50   -113.09097545
26.00    2.60   -113.06749860
26.00    2.70   -113.04290483
26.00    2.80   -113.01809407
26.00    2.90   -112.99933526
26.00    3.00   -112.98683829
26.00    3.10   -112.97454706
26.00    3.20   -112.96270643

27.00    1.60   -112.78150611
27.00    1.70   -112.93680261
27.00    1.80   -113.03607224
27.00    1.90   -113.09528202
27.00    2.00   -113.12607295
27.00    2.10   -113.13973201
27.00    2.20   -113.13931516
27.00    2.30   -113.12899336
27.00    2.40   -113.11207955
27.00    2.50   -113.09099863
27.00    2.60   -113.06752652
27.00    2.70   -113.04293709
27.00    2.80   -113.01813024
27.00    2.90   -112.99937480
27.00    3.00   -112.98688062
27.00    3.10   -112.97459153
27.00    3.20   -112.96275234

28.00    1.60   -112.78148341
28.00    1.70   -112.93678432
28.00    1.80   -113.03605863
28.00    1.90   -113.09527327
28.00    2.00   -113.12606918
28.00    2.10   -113.13973327
28.00    2.20   -113.13932143
28.00    2.30   -113.12900455
28.00    2.40   -113.11209550
28.00    2.50   -113.09101913
28.00    2.60   -113.06755128
28.00    2.70   -113.04296579
28.00    2.80   -113.01816245
28.00    2.90   -112.99941007
28.00    3.00   -112.98691843
28.00    3.10   -112.97463129
28.00    3.20   -112.96279341

29.00    1.60   -112.78146267
29.00    1.70   -112.93676756
29.00    1.80   -113.03604608
29.00    1.90   -113.09526511
29.00    2.00   -113.12606551
29.00    2.10   -113.13973412
29.00    2.20   -113.13932680
29.00    2.30   -113.12901436
29.00    2.40   -113.11210961
29.00    2.50   -113.09103735
29.00    2.60   -113.06757336
29.00    2.70   -113.04299141
29.00    2.80   -113.01819127
29.00    2.90   -112.99944166
29.00    3.00   -112.98695232
29.00    3.10   -112.97466697
29.00    3.20   -112.96283030

30.00    1.60   -112.78144368
30.00    1.70   -112.93675217
30.00    1.80   -113.03603450
30.00    1.90   -113.09525749
30.00    2.00   -113.12606195
30.00    2.10   -113.13973467
30.00    2.20   -113.13933143
30.00    2.30   -113.12902300
30.00    2.40   -113.11212215
30.00    2.50   -113.09105361
30.00    2.60   -113.06759312
30.00    2.70   -113.04301440
30.00    2.80   -113.01821715
30.00    2.90   -112.99947007
30.00    3.00   -112.98698283
30.00    3.10   -112.97469911
30.00    3.20   -112.96286357

31.00    1.60   -112.78142626
31.00    1.70   -112.93673801
31.00    1.80   -113.03602380
31.00    1.90   -113.09525038
31.00    2.00   -113.12605852
31.00    2.10   -113.13973496
31.00    2.20   -113.13933543
31.00    2.30   -113.12903066
31.00    2.40   -113.11213334
31.00    2.50   -113.09106819
31.00    2.60   -113.06761088
31.00    2.70   -113.04303509
31.00    2.80   -113.01824048
31.00    2.90   -112.99949570
31.00    3.00   -112.98701039
31.00    3.10   -112.97472817
31.00    3.20   -112.96289367

32.00    1.60   -112.78141024
32.00    1.70   -112.93672496
32.00    1.80   -113.03601389
32.00    1.90   -113.09524375
32.00    2.00   -113.12605524
32.00    2.10   -113.13973507
32.00    2.20   -113.13933892
32.00    2.30   -113.12903746
32.00    2.40   -113.11214338
32.00    2.50   -113.09108131
32.00    2.60   -113.06762690
32.00    2.70   -113.04305379
32.00    2.80   -113.01826159
32.00    2.90   -112.99951892
32.00    3.00   -112.98703537
32.00    3.10   -112.97475453
32.00    3.20   -112.96292099

33.00    1.60   -112.78139548
33.00    1.70   -112.93671291
33.00    1.80   -113.03600471
33.00    1.90   -113.09523756
33.00    2.00   -113.12605211
33.00    2.10   -113.13973503
33.00    2.20   -113.13934196
33.00    2.30   -113.12904354
33.00    2.40   -113.11215240
33.00    2.50   -113.09109315
33.00    2.60   -113.06764140
33.00    2.70   -113.04307074
33.00    2.80   -113.01828075
33.00    2.90   -112.99954001
33.00    3.00   -112.98705808
33.00    3.10   -112.97477852
33.00    3.20   -112.96294586

34.00    1.60   -112.78138186
34.00    1.70   -112.93670177
34.00    1.80   -113.03599619
34.00    1.90   -113.09523177
34.00    2.00   -113.12604912
34.00    2.10   -113.13973487
34.00    2.20   -113.13934463
34.00    2.30   -113.12904899
34.00    2.40   -113.11216055
34.00    2.50   -113.09110388
34.00    2.60   -113.06765456
34.00    2.70   -113.04308615
34.00    2.80   -113.01829819
34.00    2.90   -112.99955923
34.00    3.00   -112.98707879
34.00    3.10   -112.97480040
34.00    3.20   -112.96296857

35.00    1.60   -112.78136926
35.00    1.70   -112.93669145
35.00    1.80   -113.03598828
35.00    1.90   -113.09522636
35.00    2.00   -113.12604628
35.00    2.10   -113.13973463
35.00    2.20   -113.13934697
35.00    2.30   -113.12905389
35.00    2.40   -113.11216793
35.00    2.50   -113.09111364
35.00    2.60   -113.06766655
35.00    2.70   -113.04310021
35.00    2.80   -113.01831411
35.00    2.90   -112.99957679
35.00    3.00   -112.98709773
35.00    3.10   -112.97482043
35.00    3.20   -112.96298936

36.00    1.60   -112.78135759
36.00    1.70   -112.93668186
36.00    1.80   -113.03598091
36.00    1.90   -113.09522129
36.00    2.00   -113.12604358
36.00    2.10   -113.13973431
36.00    2.20   -113.13934905
36.00    2.30   -113.12905831
36.00    2.40   -113.11217463
36.00    2.50   -113.09112253
36.00    2.60   -113.06767750
36.00    2.70   -113.04311306
36.00    2.80   -113.01832869
36.00    2.90   -112.99959288
36.00    3.00   -112.98711509
36.00    3.10   -112.97483879
36.00    3.20   -112.96300845

37.00    1.60   -112.78134676
37.00    1.70   -112.93667296
37.00    1.80   -113.03597404
37.00    1.90   -113.09521655
37.00    2.00   -113.12604101
37.00    2.10   -113.13973395
37.00    2.20   -113.13935088
37.00    2.30   -113.12906231
37.00    2.40   -113.11218074
37.00    2.50   -113.09113065
37.00    2.60   -113.06768753
37.00    2.70   -113.04312485
37.00    2.80   -113.01834207
37.00    2.90   -112.99960765
37.00    3.00   -112.98713104
37.00    3.10   -112.97485569
37.00    3.20   -112.96302601

38.00    1.60   -112.78133669
38.00    1.70   -112.93666466
38.00    1.80   -113.03596763
38.00    1.90   -113.09521210
38.00    2.00   -113.12603858
38.00    2.10   -113.13973355
38.00    2.20   -113.13935251
38.00    2.30   -113.12906595
38.00    2.40   -113.11218632
38.00    2.50   -113.09113810
38.00    2.60   -113.06769673
38.00    2.70   -113.04313568
38.00    2.80   -113.01835438
38.00    2.90   -112.99962126
38.00    3.00   -112.98714574
38.00    3.10   -112.97487125
38.00    3.20   -112.96304220

39.00    1.60   -112.78132731
39.00    1.70   -112.93665693
39.00    1.80   -113.03596164
39.00    1.90   -113.09520793
39.00    2.00   -113.12603626
39.00    2.10   -113.13973312
39.00    2.20   -113.13935397
39.00    2.30   -113.12906926
39.00    2.40   -113.11219143
39.00    2.50   -113.09114494
39.00    2.60   -113.06770521
39.00    2.70   -113.04314566
39.00    2.80   -113.01836573
39.00    2.90   -112.99963381
39.00    3.00   -112.98715931
39.00    3.10   -112.97488563
39.00    3.20   -112.96305716

40.00    1.60   -112.78131857
40.00    1.70   -112.93664971
40.00    1.80   -113.03595604
40.00    1.90   -113.09520401
40.00    2.00   -113.12603407
40.00    2.10   -113.13973268
40.00    2.20   -113.13935527
40.00    2.30   -113.12907228
40.00    2.40   -113.11219613
40.00    2.50   -113.09115124
40.00    2.60   -113.06771302
40.00    2.70   -113.04315488
40.00    2.80   -113.01837621
40.00    2.90   -112.99964542
40.00    3.00   -112.98717187
40.00    3.10   -112.97489894
40.00    3.20   -112.96307101

41.00    1.60   -112.78131040
41.00    1.70   -112.93664296
41.00    1.80   -113.03595079
41.00    1.90   -113.09520032
41.00    2.00   -113.12603199
41.00    2.10   -113.13973222
41.00    2.20   -113.13935643
41.00    2.30   -113.12907504
41.00    2.40   -113.11220045
41.00    2.50   -113.09115705
41.00    2.60   -113.06772024
41.00    2.70   -113.04316341
41.00    2.80   -113.01838592
41.00    2.90   -112.99965617
41.00    3.00   -112.98718350
41.00    3.10   -112.97491128
41.00    3.20   -112.96308387

42.00    1.60   -112.78130276
42.00    1.70   -112.93663664
42.00    1.80   -113.03594586
42.00    1.90   -113.09519685
42.00    2.00   -113.12603001
42.00    2.10   -113.13973176
42.00    2.20   -113.13935748
42.00    2.30   -113.12907758
42.00    2.40   -113.11220443
42.00    2.50   -113.09116242
42.00    2.60   -113.06772693
42.00    2.70   -113.04317131
42.00    2.80   -113.01839493
42.00    2.90   -112.99966615
42.00    3.00   -112.98719431
42.00    3.10   -112.97492275
42.00    3.20   -112.96309581

43.00    1.60   -112.78129560
43.00    1.70   -112.93663071
43.00    1.80   -113.03594124
43.00    1.90   -113.09519358
43.00    2.00   -113.12602814
43.00    2.10   -113.13973129
43.00    2.20   -113.13935842
43.00    2.30   -113.12907991
43.00    2.40   -113.11220811
43.00    2.50   -113.09116740
43.00    2.60   -113.06773313
43.00    2.70   -113.04317865
43.00    2.80   -113.01840331
43.00    2.90   -112.99967543
43.00    3.00   -112.98720436
43.00    3.10   -112.97493342
43.00    3.20   -112.96310694

44.00    1.60   -112.78128889
44.00    1.70   -112.93662515
44.00    1.80   -113.03593689
44.00    1.90   -113.09519050
44.00    2.00   -113.12602636
44.00    2.10   -113.13973083
44.00    2.20   -113.13935927
44.00    2.30   -113.12908206
44.00    2.40   -113.11221152
44.00    2.50   -113.09117202
44.00    2.60   -113.06773890
44.00    2.70   -113.04318548
44.00    2.80   -113.01841110
44.00    2.90   -112.99968408
44.00    3.00   -112.98721373
44.00    3.10   -112.97494337
44.00    3.20   -112.96311731

45.00    1.60   -112.78128259
45.00    1.70   -112.93661992
45.00    1.80   -113.03593280
45.00    1.90   -113.09518759
45.00    2.00   -113.12602467
45.00    2.10   -113.13973037
45.00    2.20   -113.13936004
45.00    2.30   -113.12908404
45.00    2.40   -113.11221469
45.00    2.50   -113.09117632
45.00    2.60   -113.06774427
45.00    2.70   -113.04319185
45.00    2.80   -113.01841837
45.00    2.90   -112.99969215
45.00    3.00   -112.98722248
45.00    3.10   -112.97495267
45.00    3.20   -112.96312700

46.00    1.60   -112.78127666
46.00    1.70   -112.93661499
46.00    1.80   -113.03592894
46.00    1.90   -113.09518485
46.00    2.00   -113.12602306
46.00    2.10   -113.13972991
46.00    2.20   -113.13936074
46.00    2.30   -113.12908587
46.00    2.40   -113.11221763
46.00    2.50   -113.09118033
46.00    2.60   -113.06774928
46.00    2.70   -113.04319779
46.00    2.80   -113.01842516
46.00    2.90   -112.99969969
46.00    3.00   -112.98723066
46.00    3.10   -112.97496136
46.00    3.20   -112.96313607

47.00    1.60   -112.78127108
47.00    1.70   -112.93661036
47.00    1.80   -113.03592530
47.00    1.90   -113.09518225
47.00    2.00   -113.12602153
47.00    2.10   -113.13972946
47.00    2.20   -113.13936137
47.00    2.30   -113.12908757
47.00    2.40   -113.11222037
47.00    2.50   -113.09118407
47.00    2.60   -113.06775396
47.00    2.70   -113.04320335
47.00    2.80   -113.01843151
47.00    2.90   -112.99970674
47.00    3.00   -112.98723831
47.00    3.10   -112.97496950
47.00    3.20   -112.96314456

48.00    1.60   -112.78126582
48.00    1.70   -112.93660598
48.00    1.80   -113.03592186
48.00    1.90   -113.09517979
48.00    2.00   -113.12602007
48.00    2.10   -113.13972902
48.00    2.20   -113.13936195
48.00    2.30   -113.12908915
48.00    2.40   -113.11222292
48.00    2.50   -113.09118756
48.00    2.60   -113.06775834
48.00    2.70   -113.04320855
48.00    2.80   -113.01843746
48.00    2.90   -112.99971336
48.00    3.00   -112.98724549
48.00    3.10   -112.97497713
48.00    3.20   -112.96315253

49.00    1.60   -112.78126086
49.00    1.70   -112.93660185
49.00    1.80   -113.03591862
49.00    1.90   -113.09517746
49.00    2.00   -113.12601869
49.00    2.10   -113.13972859
49.00    2.20   -113.13936248
49.00    2.30   -113.12909062
49.00    2.40   -113.11222531
49.00    2.50   -113.09119083
49.00    2.60   -113.06776244
49.00    2.70   -113.04321343
49.00    2.80   -113.01844305
49.00    2.90   -112.99971956
49.00    3.00   -112.98725223
49.00    3.10   -112.97498430
49.00    3.20   -112.96316001

50.00    1.60   -112.78125617
50.00    1.70   -112.93659795
50.00    1.80   -113.03591554
50.00    1.90   -113.09517525
50.00    2.00   -113.12601737
50.00    2.10   -113.13972817
50.00    2.20   -113.13936296
50.00    2.30   -113.12909199
50.00    2.40   -113.11222754
50.00    2.50   -113.09119389
50.00    2.60   -113.06776629
50.00    2.70   -113.04321801
50.00    2.80   -113.01844829
50.00    2.90   -112.99972540
50.00    3.00   -112.98725857
50.00    3.10   -112.97499104
50.00    3.20   -112.96316705

