   1.8   1.600   -111.49910340
   1.8   1.700   -111.55220370
   1.8   1.800   -111.48454170
   1.8   1.900   -111.34475140
   1.8   2.000   -111.15085520
   1.8   2.100   -110.87852510
   1.8   2.200   -110.56474620
   1.8   2.300   -110.20647400
   1.8   2.400   -109.81815960
   1.8   2.500   -109.40990220
   1.8   2.600   -109.00568570
   1.8   2.700   -108.62610740
   1.8   2.800   -108.29249980
   1.8   2.900   -108.03938270
   1.8   3.000   -107.90941570
   1.8   3.100   -107.90494170
   1.8   3.200   -108.03871350

   2.0   1.600   -112.13439700
   2.0   1.700   -112.35079680
   2.0   1.800   -112.43032030
   2.0   1.900   -112.46659720
   2.0   2.000   -112.47135010
   2.0   2.100   -112.46310800
   2.0   2.200   -112.43259580
   2.0   2.300   -112.39551430
   2.0   2.400   -112.35446870
   2.0   2.500   -112.31794930
   2.0   2.600   -112.28453090
   2.0   2.700   -112.25451400
   2.0   2.800   -112.22851950
   2.0   2.900   -112.20555780
   2.0   3.000   -112.19112140
   2.0   3.100   -112.18421160
   2.0   3.200   -112.18670550

   2.1   1.600   -112.21911840
   2.1   1.700   -112.44630730
   2.1   1.800   -112.53548610
   2.1   1.900   -112.58122740
   2.1   2.000   -112.59421700
   2.1   2.100   -112.59932340
   2.1   2.200   -112.57443360
   2.1   2.300   -112.54585800
   2.1   2.400   -112.50999450
   2.1   2.500   -112.47651280
   2.1   2.600   -112.44419400
   2.1   2.700   -112.41330070
   2.1   2.800   -112.38460760
   2.1   2.900   -112.35610520
   2.1   3.000   -112.33271840
   2.1   3.100   -112.31212510
   2.1   3.200   -112.30416000

   2.2   1.600   -112.28182480
   2.2   1.700   -112.51707770
   2.2   1.800   -112.61412910
   2.2   1.900   -112.66753190
   2.2   2.000   -112.68844330
   2.2   2.100   -112.70333950
   2.2   2.200   -112.68669450
   2.2   2.300   -112.66251320
   2.2   2.400   -112.63479490
   2.2   2.500   -112.60587660
   2.2   2.600   -112.57685580
   2.2   2.700   -112.54792540
   2.2   2.800   -112.51996480
   2.2   2.900   -112.49026440
   2.2   3.000   -112.46031020
   2.2   3.100   -112.43797030
   2.2   3.200   -112.41926120

   2.3   1.600   -112.32230420
   2.3   1.700   -112.56769380
   2.3   1.800   -112.67208450
   2.3   1.900   -112.73199230
   2.3   2.000   -112.75958850
   2.3   2.100   -112.78100580
   2.3   2.200   -112.77236750
   2.3   2.300   -112.75480980
   2.3   2.400   -112.73290780
   2.3   2.500   -112.70905980
   2.3   2.600   -112.68431860
   2.3   2.700   -112.65883280
   2.3   2.800   -112.63350680
   2.3   2.900   -112.60549720
   2.3   3.000   -112.57503280
   2.3   3.100   -112.54937310
   2.3   3.200   -112.52515020

   2.4   1.600   -112.35670140
   2.4   1.700   -112.60483730
   2.4   1.800   -112.71401730
   2.4   1.900   -112.77915600
   2.4   2.000   -112.81226600
   2.4   2.100   -112.83708050
   2.4   2.200   -112.83647840
   2.4   2.300   -112.82501820
   2.4   2.400   -112.80858210
   2.4   2.500   -112.78971480
   2.4   2.600   -112.76948210
   2.4   2.700   -112.74800590
   2.4   2.800   -112.72619840
   2.4   2.900   -112.70151530
   2.4   3.000   -112.67272860
   2.4   3.100   -112.64524960
   2.4   3.200   -112.62110820

   2.5   1.600   -112.38141330
   2.5   1.700   -112.63085750
   2.5   1.800   -112.74368270
   2.5   1.900   -112.81287310
   2.5   2.000   -112.85038700
   2.5   2.100   -112.87580270
   2.5   2.200   -112.88320440
   2.5   2.300   -112.87732300
   2.5   2.400   -112.86580940
   2.5   2.500   -112.85152490
   2.5   2.600   -112.83560170
   2.5   2.700   -112.81819960
   2.5   2.800   -112.80011260
   2.5   2.900   -112.77936180
   2.5   3.000   -112.75377690
   2.5   3.100   -112.72815850
   2.5   3.200   -112.70276260

   2.6   1.600   -112.39891240
   2.6   1.700   -112.64847050
   2.6   1.800   -112.76394030
   2.6   1.900   -112.83624030
   2.6   2.000   -112.87718430
   2.6   2.100   -112.90264720
   2.6   2.200   -112.91612940
   2.6   2.300   -112.91528200
   2.6   2.400   -112.90810300
   2.6   2.500   -112.89787110
   2.6   2.600   -112.88585100
   2.6   2.700   -112.87228420
   2.6   2.800   -112.85776290
   2.6   2.900   -112.84088830
   2.6   3.000   -112.81939280
   2.6   3.100   -112.79504750
   2.6   3.200   -112.77095130

   2.7   1.600   -112.41114540
   2.7   1.700   -112.65980800
   2.7   1.800   -112.77709120
   2.7   1.900   -112.85166890
   2.7   2.000   -112.89525870
   2.7   2.100   -112.92150740
   2.7   2.200   -112.93813900
   2.7   2.300   -112.94185490
   2.7   2.400   -112.93844060
   2.7   2.500   -112.93170860
   2.7   2.600   -112.92309440
   2.7   2.700   -112.91296170
   2.7   2.800   -112.90168750
   2.7   2.900   -112.88834660
   2.7   3.000   -112.87087470
   2.7   3.100   -112.84934670
   2.7   3.200   -112.82653980

   2.8   1.600   -112.41965720
   2.8   1.700   -112.66654060
   2.8   1.800   -112.78492920
   2.8   1.900   -112.86110330
   2.8   2.000   -112.90664390
   2.8   2.100   -112.93406860
   2.8   2.200   -112.95181040
   2.8   2.300   -112.95947330
   2.8   2.400   -112.95930320
   2.8   2.500   -112.95554770
   2.8   2.600   -112.94982870
   2.8   2.700   -112.94269100
   2.8   2.800   -112.93424930
   2.8   2.900   -112.92400900
   2.8   3.000   -112.91072050
   2.8   3.100   -112.89431570
   2.8   3.200   -112.87572240

   2.9   1.600   -112.42568590
   2.9   1.700   -112.66997740
   2.9   1.800   -112.78889230
   2.9   1.900   -112.86604970
   2.9   2.000   -112.91296000
   2.9   2.100   -112.94153930
   2.9   2.200   -112.95930410
   2.9   2.300   -112.97014650
   2.9   2.400   -112.97272570
   2.9   2.500   -112.97147220
   2.9   2.600   -112.96816830
   2.9   2.700   -112.96356960
   2.9   2.800   -112.95753960
   2.9   2.900   -112.94996970
   2.9   3.000   -112.94017950
   2.9   3.100   -112.92566110
   2.9   3.200   -112.90972770

   3.0   1.600   -112.43022620
   3.0   1.700   -112.67115640
   3.0   1.800   -112.79015190
   3.0   1.900   -112.86774780
   3.0   2.000   -112.91547920
   3.0   2.100   -112.94495900
   3.0   2.200   -112.96249850
   3.0   2.300   -112.97558500
   3.0   2.400   -112.98039450
   3.0   2.500   -112.98120350
   3.0   2.600   -112.97987910
   3.0   2.700   -112.97740510
   3.0   2.800   -112.97335570
   3.0   2.900   -112.96805190
   3.0   3.000   -112.96094632
   3.0   3.100   -112.94880080
   3.0   3.200   -112.93526010

   3.1   1.600   -112.43406160
   3.1   1.700   -112.67088820
   3.1   1.800   -112.78963630
   3.1   1.900   -112.86725830
   3.1   2.000   -112.91529000
   3.1   2.100   -112.94527550
   3.1   2.200   -112.96278430
   3.1   2.300   -112.97733500
   3.1   2.400   -112.98372130
   3.1   2.500   -112.98616000
   3.1   2.600   -112.98642320
   3.1   2.700   -112.98571990
   3.1   2.800   -112.98322980
   3.1   2.900   -112.97960070
   3.1   3.000   -112.97491680
   3.1   3.100   -112.96582440
   3.1   3.200   -112.95362820

   3.2   1.600   -112.43773930
   3.2   1.700   -112.66980110
   3.2   1.800   -112.78805770
   3.2   1.900   -112.86542040
   3.2   2.000   -112.91339190
   3.2   2.100   -112.94337650
   3.2   2.200   -112.96106590
   3.2   2.300   -112.97661500
   3.2   2.400   -112.98415410
   3.2   2.500   -112.98745140
   3.2   2.600   -112.98873860
   3.2   2.700   -112.98929694
   3.2   2.800   -112.98816710
   3.2   2.900   -112.98657180
   3.2   3.000   -112.98375410
   3.2   3.100   -112.97758140
   3.2   3.200   -112.96610400

   3.3   1.600   -112.44156210
   3.3   1.700   -112.66837100
   3.3   1.800   -112.78597150
   3.3   1.900   -112.86289000
   3.3   2.000   -112.91051960
   3.3   2.100   -112.94009510
   3.3   2.200   -112.95806300
   3.3   2.300   -112.97435520
   3.3   2.400   -112.98270660
   3.3   2.500   -112.98663400
   3.3   2.600   -112.98852920
   3.3   2.700   -112.98962540
   3.3   2.800   -112.98995590
   3.3   2.900   -112.98964340
   3.3   3.000   -112.98831540
   3.3   3.100   -112.98520040
   3.3   3.200   -112.97391760

   3.4   1.600   -112.44560780
   3.4   1.700   -112.66693980
   3.4   1.800   -112.78378210
   3.4   1.900   -112.86018820
   3.4   2.000   -112.90727710
   3.4   2.100   -112.93601080
   3.4   2.200   -112.95434800
   3.4   2.300   -112.97147810
   3.4   2.400   -112.98018930
   3.4   2.500   -112.98435850
   3.4   2.600   -112.98650360
   3.4   2.700   -112.98810580
   3.4   2.800   -112.98916140
   3.4   2.900   -112.98975560
   3.4   3.000   -112.98955060
   3.4   3.100   -112.98861280
   3.4   3.200   -112.97756980

   3.5   1.600   -112.44982450
   3.5   1.700   -112.66573170
   3.5   1.800   -112.78174090
   3.5   1.900   -112.85767730
   3.5   2.000   -112.90423790
   3.5   2.100   -112.93170510
   3.5   2.200   -112.95053110
   3.5   2.300   -112.96900890
   3.5   2.400   -112.97754310
   3.5   2.500   -112.98135460
   3.5   2.600   -112.98333810
   3.5   2.700   -112.98502040
   3.5   2.800   -112.98645330
   3.5   2.900   -112.98764970
   3.5   3.000   -112.98826600
   3.5   3.100   -112.98858400
   3.5   3.200   -112.97924360

   3.6   1.600   -112.45410330
   3.6   1.700   -112.66488730
   3.6   1.800   -112.77997800
   3.6   1.900   -112.85550980
   3.6   2.000   -112.90181880
   3.6   2.100   -112.92794320
   3.6   2.200   -112.94770170
   3.6   2.300   -112.96842200
   3.6   2.400   -112.97588240
   3.6   2.500   -112.97853630
   3.6   2.600   -112.97972110
   3.6   2.700   -112.98102890
   3.6   2.800   -112.98247270
   3.6   2.900   -112.98397460
   3.6   3.000   -112.98513740
   3.6   3.100   -112.98621800
   3.6   3.200   -112.97966900

   3.7   1.600   -112.45833880
   3.7   1.700   -112.66448230
   3.7   1.800   -112.77856200
   3.7   1.900   -112.85366220
   3.7   2.000   -112.90006220
   3.7   2.100   -112.92576670
   3.7   2.200   -112.95055190
   3.7   2.300   -112.97130100
   3.7   2.400   -112.97657030
   3.7   2.500   -112.97697150
   3.7   2.600   -112.97650220
   3.7   2.700   -112.97681030
   3.7   2.800   -112.97781670
   3.7   2.900   -112.97929630
   3.7   3.000   -112.98073860
   3.7   3.100   -112.98226880
   3.7   3.200   -112.98026210

   3.8   1.600   -112.46244920
   3.8   1.700   -112.66454040
   3.8   1.800   -112.77754270
   3.8   1.900   -112.85206070
   3.8   2.000   -112.89865010
   3.8   2.100   -112.92531430
   3.8   2.200   -112.95552070
   3.8   2.300   -112.97561510
   3.8   2.400   -112.97993610
   3.8   2.500   -112.97782510
   3.8   2.600   -112.97467560
   3.8   2.700   -112.97311570
   3.8   2.800   -112.97309080
   3.8   2.900   -112.97413990
   3.8   3.000   -112.97556570
   3.8   3.100   -112.97727210
   3.8   3.200   -112.97743610

   3.9   1.600   -112.46637830
   3.9   1.700   -112.66503930
   3.9   1.800   -112.77696570
   3.9   1.900   -112.85069710
   3.9   2.000   -112.89723870
   3.9   2.100   -112.92505170
   3.9   2.200   -112.95658590
   3.9   2.300   -112.98395977
   3.9   2.400   -112.98294630
   3.9   2.500   -112.98084300
   3.9   2.600   -112.97520280
   3.9   2.700   -112.97081980
   3.9   2.800   -112.96895390
   3.9   2.900   -112.96902860
   3.9   3.000   -112.97007040
   3.9   3.100   -112.97167390
   3.9   3.200   -112.97263630

   4.0   1.600   -112.47008850
   4.0   1.700   -112.66591900
   4.0   1.800   -112.77684440
   4.0   1.900   -112.84964160
   4.0   2.000   -112.89574100
   4.0   2.100   -112.92390120
   4.0   2.200   -112.95060610
   4.0   2.300   -112.99035232
   4.0   2.400   -112.98326680
   4.0   2.500   -112.98286750
   4.0   2.600   -112.97746140
   4.0   2.700   -112.97063300
   4.0   2.800   -112.96611900
   4.0   2.900   -112.96449720
   4.0   3.000   -112.96467730
   4.0   3.100   -112.96585390
   4.0   3.200   -112.96707860

   4.1   1.600   -112.47355550
   4.1   1.700   -112.66709460
   4.1   1.800   -112.77715740
   4.1   1.900   -112.84897940
   4.1   2.000   -112.89429290
   4.1   2.100   -112.92207880
   4.1   2.200   -112.94404510
   4.1   2.300   -112.98610990
   4.1   2.400   -112.98799788
   4.1   2.500   -112.98225060
   4.1   2.600   -112.97832610
   4.1   2.700   -112.97158030
   4.1   2.800   -112.96493210
   4.1   2.900   -112.96100910
   4.1   3.000   -112.95974570
   4.1   3.100   -112.96010320
   4.1   3.200   -112.96118130

   4.2   1.600   -112.47676390
   4.2   1.700   -112.66847350
   4.2   1.800   -112.77783790
   4.2   1.900   -112.84876020
   4.2   2.000   -112.89310120
   4.2   2.100   -112.92001730
   4.2   2.200   -112.93860280
   4.2   2.300   -112.96860200
   4.2   2.400   -112.99003600
   4.2   2.500   -112.98211592
   4.2   2.600   -112.97990056
   4.2   2.700   -112.97078270
   4.2   2.800   -112.96398200
   4.2   2.900   -112.95837720
   4.2   3.000   -112.95534930
   4.2   3.100   -112.95452090
   4.2   3.200   -112.95507740

   4.4   1.600   -112.48238430
   4.4   1.700   -112.67269040
   4.4   1.800   -112.77993730
   4.4   1.900   -112.84950050
   4.4   2.000   -112.89200520
   4.4   2.100   -112.91663330
   4.4   2.200   -112.93066200
   4.4   2.300   -112.94491210
   4.4   2.400   -112.96668010
   4.4   2.500   -112.97759800
   4.4   2.600   -112.97883850
   4.4   2.700   -112.97581210
   4.4   2.800   -112.96162111
   4.4   2.900   -112.94909290
   4.4   3.000   -112.94355830
   4.4   3.100   -112.94054890
   4.4   3.200   -112.93961360

   4.6   1.600   -112.48697140
   4.6   1.700   -112.67545260
   4.6   1.800   -112.78244170
   4.6   1.900   -112.85123370
   4.6   2.000   -112.89252200
   4.6   2.100   -112.91527340
   4.6   2.200   -112.92617480
   4.6   2.300   -112.93256350
   4.6   2.400   -112.94315260
   4.6   2.500   -112.95790730
   4.6   2.600   -112.96324140
   4.6   2.700   -112.96046840
   4.6   2.800   -112.95402660
   4.6   2.900   -112.94582240
   4.6   3.000   -112.93729570
   4.6   3.100   -112.92961550
   4.6   3.200   -112.92328580

   4.8   1.600   -112.49061820
   4.8   1.700   -112.67787500
   4.8   1.800   -112.78488600
   4.8   1.900   -112.85329170
   4.8   2.000   -112.89392330
   4.8   2.100   -112.91556230
   4.8   2.200   -112.92465550
   4.8   2.300   -112.92694710
   4.8   2.400   -112.92884940
   4.8   2.500   -112.93623600
   4.8   2.600   -112.94642440
   4.8   2.700   -112.95597590
   4.8   2.800   -112.94156700
   4.8   2.900   -112.93251020
   4.8   3.000   -112.92288180
   4.8   3.100   -112.91435880
   4.8   3.200   -112.90769850

   5.0   1.600   -112.49345480
   5.0   1.700   -112.67936820
   5.0   1.800   -112.78703390
   5.0   1.900   -112.85526670
   5.0   2.000   -112.89557540
   5.0   2.100   -112.91662260
   5.0   2.200   -112.92478550
   5.0   2.300   -112.92526200
   5.0   2.400   -112.92237590
   5.0   2.500   -112.92178880
   5.0   2.600   -112.92648060
   5.0   2.700   -112.93376100
   5.0   2.800   -112.93764700
   5.0   2.900   -112.92284820
   5.0   3.000   -112.91227010
   5.0   3.100   -112.90293960
   5.0   3.200   -112.89593190

   5.2   1.600   -112.49561920
   5.2   1.700   -112.68115230
   5.2   1.800   -112.78880740
   5.2   1.900   -112.85697520
   5.2   2.000   -112.89713530
   5.2   2.100   -112.91784390
   5.2   2.200   -112.92556490
   5.2   2.300   -112.92519690
   5.2   2.400   -112.92047090
   5.2   2.500   -112.91485020
   5.2   2.600   -112.91266660
   5.2   2.700   -112.91507190
   5.2   2.800   -112.92112040
   5.2   2.900   -112.91641660
   5.2   3.000   -112.90539840
   5.2   3.100   -112.89489750
   5.2   3.200   -112.88679410

   5.4   1.600   -112.49724190
   5.4   1.700   -112.68254070
   5.4   1.800   -112.79021250
   5.4   1.900   -112.85836540
   5.4   2.000   -112.89846280
   5.4   2.100   -112.91902800
   5.4   2.200   -112.92648500
   5.4   2.300   -112.92567910
   5.4   2.400   -112.92018370
   5.4   2.500   -112.91262630
   5.4   2.600   -112.90560750
   5.4   2.700   -112.90206240
   5.4   2.800   -112.90297060
   5.4   2.900   -112.90922800
   5.4   3.000   -112.90146970
   5.4   3.100   -112.89022710
   5.4   3.200   -112.88060200

   5.6   1.600   -112.49843790
   5.6   1.700   -112.68359520
   5.6   1.800   -112.79129200
   5.6   1.900   -112.85945130
   5.6   2.000   -112.89952600
   5.6   2.100   -112.92001850
   5.6   2.200   -112.92732840
   5.6   2.300   -112.92627390
   5.6   2.400   -112.92038360
   5.6   2.500   -112.91207970
   5.6   2.600   -112.90307890
   5.6   2.700   -112.89518980
   5.6   2.800   -112.89056040
   5.6   2.900   -112.89095790
   5.6   3.000   -112.90241010
   5.6   3.100   -112.88771530
   5.6   3.200   -112.87715540

   5.8   1.600   -112.49930450
   5.8   1.700   -112.68437920
   5.8   1.800   -112.79210100
   5.8   1.900   -112.86027360
   5.8   2.000   -112.90034290
   5.8   2.100   -112.92079730
   5.8   2.200   -112.92802050
   5.8   2.300   -112.92681380
   5.8   2.400   -112.92068990
   5.8   2.500   -112.91202050
   5.8   2.600   -112.90228440
   5.8   2.700   -112.89254120
   5.8   2.800   -112.88403620
   5.8   2.900   -112.87870770
   5.8   3.000   -112.88034860
   5.8   3.100   -112.88701970
   5.8   3.200   -112.87532240

   6.0   1.600   -112.49992010
   6.0   1.700   -112.68495010
   6.0   1.800   -112.79269320
   6.0   1.900   -112.86087960
   6.0   2.000   -112.90095000
   6.0   2.100   -112.92138330
   6.0   2.200   -112.92855170
   6.0   2.300   -112.92724540
   6.0   2.400   -112.92097000
   6.0   2.500   -112.91208410
   6.0   2.600   -112.90201180
   6.0   2.700   -112.89159130
   6.0   2.800   -112.88147590
   6.0   2.900   -112.87258740
   6.0   3.000   -112.86717380
   6.0   3.100   -112.87785180
   6.0   3.200   -112.87349400

   7.0   1.600   -112.50100110
   7.0   1.700   -112.68602870
   7.0   1.800   -112.79381700
   7.0   1.900   -112.86203350
   7.0   2.000   -112.90210680
   7.0   2.100   -112.92249680
   7.0   2.200   -112.92955070
   7.0   2.300   -112.92803560
   7.0   2.400   -112.92144730
   7.0   2.500   -112.91212471
   7.0   2.600   -112.90156500
   7.0   2.700   -112.89047220
   7.0   2.800   -112.87929240
   7.0   2.900   -112.86829950
   7.0   3.000   -112.85768930
   7.0   3.100   -112.84762860
   7.0   3.200   -112.83828380

   8.0   1.600   -112.50100910
   8.0   1.700   -112.68608530
   8.0   1.800   -112.79387210
   8.0   1.900   -112.86208250
   8.0   2.000   -112.90214200
   8.0   2.100   -112.92250640
   8.0   2.200   -112.92951720
   8.0   2.300   -112.92793690
   8.0   2.400   -112.92126050
   8.0   2.500   -112.91185920
   8.0   2.600   -112.90122680
   8.0   2.700   -112.89008204
   8.0   2.800   -112.87865530
   8.0   2.900   -112.86755320
   8.0   3.000   -112.85683740
   8.0   3.100   -112.84665300
   8.0   3.200   -112.83709920

   9.0   1.600   -112.50092300
   9.0   1.700   -112.68602460
   9.0   1.800   -112.79380580
   9.0   1.900   -112.86200890
   9.0   2.000   -112.90205810
   9.0   2.100   -112.92240860
   9.0   2.200   -112.92940070
   9.0   2.300   -112.92779610
   9.0   2.400   -112.92108980
   9.0   2.500   -112.91165490
   9.0   2.600   -112.90092150
   9.0   2.700   -112.88967410
   9.0   2.800   -112.87823761
   9.0   2.900   -112.86721590
   9.0   3.000   -112.85647360
   9.0   3.100   -112.84626430
   9.0   3.200   -112.83668520

  10.0   1.600   -112.50086720
  10.0   1.700   -112.68598070
  10.0   1.800   -112.79375860
  10.0   1.900   -112.86195750
  10.0   2.000   -112.90200160
  10.0   2.100   -112.92234550
  10.0   2.200   -112.92932960
  10.0   2.300   -112.92771510
  10.0   2.400   -112.92099770
  10.0   2.500   -112.91155090
  10.0   2.600   -112.90080580
  10.0   2.700   -112.88954690
  10.0   2.800   -112.87820960
  10.0   2.900   -112.86706770
  10.0   3.000   -112.85631660
  10.0   3.100   -112.84609920
  10.0   3.200   -112.83651280

  12.0   1.600   -112.50081820
  12.0   1.700   -112.68594120
  12.0   1.800   -112.79371660
  12.0   1.900   -112.86191230
  12.0   2.000   -112.90195250
  12.0   2.100   -112.92229160
  12.0   2.200   -112.92926980
  12.0   2.300   -112.92764860
  12.0   2.400   -112.92092390
  12.0   2.500   -112.91147000
  12.0   2.600   -112.90071800
  12.0   2.700   -112.88945250
  12.0   2.800   -112.87810910
  12.0   2.900   -112.86696170
  12.0   3.000   -112.85620600
  12.0   3.100   -112.84598480
  12.0   3.200   -112.83639540

  14.0   1.600   -112.50080070
  14.0   1.700   -112.68592740
  14.0   1.800   -112.79370210
  14.0   1.900   -112.86189680
  14.0   2.000   -112.90193570
  14.0   2.100   -112.92227320
  14.0   2.200   -112.92924930
  14.0   2.300   -112.92762580
  14.0   2.400   -112.92089880
  14.0   2.500   -112.91144260
  14.0   2.600   -112.90068840
  14.0   2.700   -112.88942110
  14.0   2.800   -112.87807590
  14.0   2.900   -112.86692700
  14.0   3.000   -112.85617020
  14.0   3.100   -112.84594840
  14.0   3.200   -112.83635900

  16.0   1.600   -112.50079280
  16.0   1.700   -112.68592140
  16.0   1.800   -112.79369580
  16.0   1.900   -112.86189010
  16.0   2.000   -112.90192850
  16.0   2.100   -112.92226520
  16.0   2.200   -112.92924050
  16.0   2.300   -112.92761580
  16.0   2.400   -112.92088770
  16.0   2.500   -112.91143040
  16.0   2.600   -112.90067530
  16.0   2.700   -112.88940700
  16.0   2.800   -112.87806110
  16.0   2.900   -112.86691160
  16.0   3.000   -112.85615430
  16.0   3.100   -112.84593240
  16.0   3.200   -112.83634330

  18.0   1.600   -112.50078890
  18.0   1.700   -112.68591850
  18.0   1.800   -112.79369280
  18.0   1.900   -112.86188690
  18.0   2.000   -112.90192500
  18.0   2.100   -112.92226130
  18.0   2.200   -112.92923600
  18.0   2.300   -112.92761080
  18.0   2.400   -112.92088200
  18.0   2.500   -112.91142420
  18.0   2.600   -112.90066850
  18.0   2.700   -112.88939970
  18.0   2.800   -112.87805330
  18.0   2.900   -112.86690350
  18.0   3.000   -112.85614610
  18.0   3.100   -112.84592420
  18.0   3.200   -112.83633540

  20.0   1.600   -112.50078670
  20.0   1.700   -112.68591700
  20.0   1.800   -112.79369120
  20.0   1.900   -112.86188520
  20.0   2.000   -112.90192320
  20.0   2.100   -112.92225930
  20.0   2.200   -112.92923360
  20.0   2.300   -112.92760800
  20.0   2.400   -112.92087890
  20.0   2.500   -112.91142070
  20.0   2.600   -112.90066470
  20.0   2.700   -112.88939570
  20.0   2.800   -112.87804900
  20.0   2.900   -112.86689900
  20.0   3.000   -112.85614140
  20.0   3.100   -112.84591960
  20.0   3.200   -112.83633110

21.00    1.60   -112.50078682
21.00    1.70   -112.68591672
21.00    1.80   -112.79369142
21.00    1.90   -112.86188562
21.00    2.00   -112.90192296
21.00    2.10   -112.92225906
21.00    2.20   -112.92923352
21.00    2.30   -112.92760791
21.00    2.40   -112.92087878
21.00    2.50   -112.91142065
21.00    2.60   -112.90066502
21.00    2.70   -112.88939533
21.00    2.80   -112.87804905
21.00    2.90   -112.86689858
21.00    3.00   -112.85614130
21.00    3.10   -112.84591959
21.00    3.20   -112.83633077

22.00    1.60   -112.50074588
22.00    1.70   -112.68588482
22.00    1.80   -112.79366909
22.00    1.90   -112.86187322
22.00    2.00   -112.90192069
22.00    2.10   -112.92226700
22.00    2.20   -112.92925161
22.00    2.30   -112.92763593
22.00    2.40   -112.92091639
22.00    2.50   -112.91146736
22.00    2.60   -112.90072021
22.00    2.70   -112.88945827
22.00    2.80   -112.87811885
22.00    2.90   -112.86697425
22.00    3.00   -112.85622172
22.00    3.10   -112.84600352
22.00    3.20   -112.83641685

23.00    1.60   -112.50070896
23.00    1.70   -112.68585584
23.00    1.80   -112.79364849
23.00    1.90   -112.86186132
23.00    2.00   -112.90191769
23.00    2.10   -112.92227297
23.00    2.20   -112.92926648
23.00    2.30   -112.92765954
23.00    2.40   -112.92094843
23.00    2.50   -112.91150742
23.00    2.60   -112.90076775
23.00    2.70   -112.88951265
23.00    2.80   -112.87817931
23.00    2.90   -112.86703993
23.00    3.00   -112.85629165
23.00    3.10   -112.84607661
23.00    3.20   -112.83649192

24.00    1.60   -112.50067561
24.00    1.70   -112.68582948
24.00    1.80   -112.79362952
24.00    1.90   -112.86185002
24.00    2.00   -112.90191425
24.00    2.10   -112.92227744
24.00    2.20   -112.92927882
24.00    2.30   -112.92767959
24.00    2.40   -112.92097594
24.00    2.50   -112.91154202
24.00    2.60   -112.90080899
24.00    2.70   -112.88955996
24.00    2.80   -112.87823203
24.00    2.90   -112.86709730
24.00    3.00   -112.85635283
24.00    3.10   -112.84614065
24.00    3.20   -112.83655779

25.00    1.60   -112.50064542
25.00    1.70   -112.68580548
25.00    1.80   -112.79361207
25.00    1.90   -112.86183938
25.00    2.00   -112.90191056
25.00    2.10   -112.92228077
25.00    2.20   -112.92928913
25.00    2.30   -112.92769675
25.00    2.40   -112.92099972
25.00    2.50   -112.91157212
25.00    2.60   -112.90084499
25.00    2.70   -112.88960137
25.00    2.80   -112.87827828
25.00    2.90   -112.86714772
25.00    3.00   -112.85640666
25.00    3.10   -112.84619708
25.00    3.20   -112.83661590

26.00    1.60   -112.50061803
26.00    1.70   -112.68578359
26.00    1.80   -112.79359601
26.00    1.90   -112.86182938
26.00    2.00   -112.90190676
26.00    2.10   -112.92228323
26.00    2.20   -112.92929781
26.00    2.30   -112.92771154
26.00    2.40   -112.92102042
26.00    2.50   -112.91159845
26.00    2.60   -112.90087660
26.00    2.70   -112.88963783
26.00    2.80   -112.87831907
26.00    2.90   -112.86719226
26.00    3.00   -112.85645429
26.00    3.10   -112.84624706
26.00    3.20   -112.83666743

27.00    1.60   -112.50059311
27.00    1.70   -112.68576361
27.00    1.80   -112.79358124
27.00    1.90   -112.86182002
27.00    2.00   -112.90190295
27.00    2.10   -112.92228501
27.00    2.20   -112.92930516
27.00    2.30   -112.92772436
27.00    2.40   -112.92103855
27.00    2.50   -112.91162163
27.00    2.60   -112.90090452
27.00    2.70   -112.88967009
27.00    2.80   -112.87835524
27.00    2.90   -112.86723180
27.00    3.00   -112.85649662
27.00    3.10   -112.84629153
27.00    3.20   -112.83671334

28.00    1.60   -112.50057041
28.00    1.70   -112.68574532
28.00    1.80   -112.79356763
28.00    1.90   -112.86181127
28.00    2.00   -112.90189918
28.00    2.10   -112.92228627
28.00    2.20   -112.92931143
28.00    2.30   -112.92773555
28.00    2.40   -112.92105450
28.00    2.50   -112.91164213
28.00    2.60   -112.90092928
28.00    2.70   -112.88969879
28.00    2.80   -112.87838745
28.00    2.90   -112.86726707
28.00    3.00   -112.85653443
28.00    3.10   -112.84633129
28.00    3.20   -112.83675441

29.00    1.60   -112.50054967
29.00    1.70   -112.68572856
29.00    1.80   -112.79355508
29.00    1.90   -112.86180311
29.00    2.00   -112.90189551
29.00    2.10   -112.92228712
29.00    2.20   -112.92931680
29.00    2.30   -112.92774536
29.00    2.40   -112.92106861
29.00    2.50   -112.91166035
29.00    2.60   -112.90095136
29.00    2.70   -112.88972441
29.00    2.80   -112.87841627
29.00    2.90   -112.86729866
29.00    3.00   -112.85656832
29.00    3.10   -112.84636697
29.00    3.20   -112.83679130

30.00    1.60   -112.50053068
30.00    1.70   -112.68571317
30.00    1.80   -112.79354350
30.00    1.90   -112.86179549
30.00    2.00   -112.90189195
30.00    2.10   -112.92228767
30.00    2.20   -112.92932143
30.00    2.30   -112.92775400
30.00    2.40   -112.92108115
30.00    2.50   -112.91167661
30.00    2.60   -112.90097112
30.00    2.70   -112.88974740
30.00    2.80   -112.87844215
30.00    2.90   -112.86732707
30.00    3.00   -112.85659883
30.00    3.10   -112.84639911
30.00    3.20   -112.83682457

31.00    1.60   -112.50051326
31.00    1.70   -112.68569901
31.00    1.80   -112.79353280
31.00    1.90   -112.86178838
31.00    2.00   -112.90188852
31.00    2.10   -112.92228796
31.00    2.20   -112.92932543
31.00    2.30   -112.92776166
31.00    2.40   -112.92109234
31.00    2.50   -112.91169119
31.00    2.60   -112.90098888
31.00    2.70   -112.88976809
31.00    2.80   -112.87846548
31.00    2.90   -112.86735270
31.00    3.00   -112.85662639
31.00    3.10   -112.84642817
31.00    3.20   -112.83685467

32.00    1.60   -112.50049724
32.00    1.70   -112.68568596
32.00    1.80   -112.79352289
32.00    1.90   -112.86178175
32.00    2.00   -112.90188524
32.00    2.10   -112.92228807
32.00    2.20   -112.92932892
32.00    2.30   -112.92776846
32.00    2.40   -112.92110238
32.00    2.50   -112.91170431
32.00    2.60   -112.90100490
32.00    2.70   -112.88978679
32.00    2.80   -112.87848659
32.00    2.90   -112.86737592
32.00    3.00   -112.85665137
32.00    3.10   -112.84645453
32.00    3.20   -112.83688199

33.00    1.60   -112.50048248
33.00    1.70   -112.68567391
33.00    1.80   -112.79351371
33.00    1.90   -112.86177556
33.00    2.00   -112.90188211
33.00    2.10   -112.92228803
33.00    2.20   -112.92933196
33.00    2.30   -112.92777454
33.00    2.40   -112.92111140
33.00    2.50   -112.91171615
33.00    2.60   -112.90101940
33.00    2.70   -112.88980374
33.00    2.80   -112.87850575
33.00    2.90   -112.86739701
33.00    3.00   -112.85667408
33.00    3.10   -112.84647852
33.00    3.20   -112.83690686

34.00    1.60   -112.50046886
34.00    1.70   -112.68566277
34.00    1.80   -112.79350519
34.00    1.90   -112.86176977
34.00    2.00   -112.90187912
34.00    2.10   -112.92228787
34.00    2.20   -112.92933463
34.00    2.30   -112.92777999
34.00    2.40   -112.92111955
34.00    2.50   -112.91172688
34.00    2.60   -112.90103256
34.00    2.70   -112.88981915
34.00    2.80   -112.87852319
34.00    2.90   -112.86741623
34.00    3.00   -112.85669479
34.00    3.10   -112.84650040
34.00    3.20   -112.83692957

35.00    1.60   -112.50045626
35.00    1.70   -112.68565245
35.00    1.80   -112.79349728
35.00    1.90   -112.86176436
35.00    2.00   -112.90187628
35.00    2.10   -112.92228763
35.00    2.20   -112.92933697
35.00    2.30   -112.92778489
35.00    2.40   -112.92112693
35.00    2.50   -112.91173664
35.00    2.60   -112.90104455
35.00    2.70   -112.88983321
35.00    2.80   -112.87853911
35.00    2.90   -112.86743379
35.00    3.00   -112.85671373
35.00    3.10   -112.84652043
35.00    3.20   -112.83695036

36.00    1.60   -112.50044459
36.00    1.70   -112.68564286
36.00    1.80   -112.79348991
36.00    1.90   -112.86175929
36.00    2.00   -112.90187358
36.00    2.10   -112.92228731
36.00    2.20   -112.92933905
36.00    2.30   -112.92778931
36.00    2.40   -112.92113363
36.00    2.50   -112.91174553
36.00    2.60   -112.90105550
36.00    2.70   -112.88984606
36.00    2.80   -112.87855369
36.00    2.90   -112.86744988
36.00    3.00   -112.85673109
36.00    3.10   -112.84653879
36.00    3.20   -112.83696945

37.00    1.60   -112.50043376
37.00    1.70   -112.68563396
37.00    1.80   -112.79348304
37.00    1.90   -112.86175455
37.00    2.00   -112.90187101
37.00    2.10   -112.92228695
37.00    2.20   -112.92934088
37.00    2.30   -112.92779331
37.00    2.40   -112.92113974
37.00    2.50   -112.91175365
37.00    2.60   -112.90106553
37.00    2.70   -112.88985785
37.00    2.80   -112.87856707
37.00    2.90   -112.86746465
37.00    3.00   -112.85674704
37.00    3.10   -112.84655569
37.00    3.20   -112.83698701

38.00    1.60   -112.50042369
38.00    1.70   -112.68562566
38.00    1.80   -112.79347663
38.00    1.90   -112.86175010
38.00    2.00   -112.90186858
38.00    2.10   -112.92228655
38.00    2.20   -112.92934251
38.00    2.30   -112.92779695
38.00    2.40   -112.92114532
38.00    2.50   -112.91176110
38.00    2.60   -112.90107473
38.00    2.70   -112.88986868
38.00    2.80   -112.87857938
38.00    2.90   -112.86747826
38.00    3.00   -112.85676174
38.00    3.10   -112.84657125
38.00    3.20   -112.83700320

39.00    1.60   -112.50041431
39.00    1.70   -112.68561793
39.00    1.80   -112.79347064
39.00    1.90   -112.86174593
39.00    2.00   -112.90186626
39.00    2.10   -112.92228612
39.00    2.20   -112.92934397
39.00    2.30   -112.92780026
39.00    2.40   -112.92115043
39.00    2.50   -112.91176794
39.00    2.60   -112.90108321
39.00    2.70   -112.88987866
39.00    2.80   -112.87859073
39.00    2.90   -112.86749081
39.00    3.00   -112.85677531
39.00    3.10   -112.84658563
39.00    3.20   -112.83701816

40.00    1.60   -112.50040557
40.00    1.70   -112.68561071
40.00    1.80   -112.79346504
40.00    1.90   -112.86174201
40.00    2.00   -112.90186407
40.00    2.10   -112.92228568
40.00    2.20   -112.92934527
40.00    2.30   -112.92780328
40.00    2.40   -112.92115513
40.00    2.50   -112.91177424
40.00    2.60   -112.90109102
40.00    2.70   -112.88988788
40.00    2.80   -112.87860121
40.00    2.90   -112.86750242
40.00    3.00   -112.85678787
40.00    3.10   -112.84659894
40.00    3.20   -112.83703201

41.00    1.60   -112.50039740
41.00    1.70   -112.68560396
41.00    1.80   -112.79345979
41.00    1.90   -112.86173832
41.00    2.00   -112.90186199
41.00    2.10   -112.92228522
41.00    2.20   -112.92934643
41.00    2.30   -112.92780604
41.00    2.40   -112.92115945
41.00    2.50   -112.91178005
41.00    2.60   -112.90109824
41.00    2.70   -112.88989641
41.00    2.80   -112.87861092
41.00    2.90   -112.86751317
41.00    3.00   -112.85679950
41.00    3.10   -112.84661128
41.00    3.20   -112.83704487

42.00    1.60   -112.50038976
42.00    1.70   -112.68559764
42.00    1.80   -112.79345486
42.00    1.90   -112.86173485
42.00    2.00   -112.90186001
42.00    2.10   -112.92228476
42.00    2.20   -112.92934748
42.00    2.30   -112.92780858
42.00    2.40   -112.92116343
42.00    2.50   -112.91178542
42.00    2.60   -112.90110493
42.00    2.70   -112.88990431
42.00    2.80   -112.87861993
42.00    2.90   -112.86752315
42.00    3.00   -112.85681031
42.00    3.10   -112.84662275
42.00    3.20   -112.83705681

43.00    1.60   -112.50038260
43.00    1.70   -112.68559171
43.00    1.80   -112.79345024
43.00    1.90   -112.86173158
43.00    2.00   -112.90185814
43.00    2.10   -112.92228429
43.00    2.20   -112.92934842
43.00    2.30   -112.92781091
43.00    2.40   -112.92116711
43.00    2.50   -112.91179040
43.00    2.60   -112.90111113
43.00    2.70   -112.88991165
43.00    2.80   -112.87862831
43.00    2.90   -112.86753243
43.00    3.00   -112.85682036
43.00    3.10   -112.84663342
43.00    3.20   -112.83706794

44.00    1.60   -112.50037589
44.00    1.70   -112.68558615
44.00    1.80   -112.79344589
44.00    1.90   -112.86172850
44.00    2.00   -112.90185636
44.00    2.10   -112.92228383
44.00    2.20   -112.92934927
44.00    2.30   -112.92781306
44.00    2.40   -112.92117052
44.00    2.50   -112.91179502
44.00    2.60   -112.90111690
44.00    2.70   -112.88991848
44.00    2.80   -112.87863610
44.00    2.90   -112.86754108
44.00    3.00   -112.85682973
44.00    3.10   -112.84664337
44.00    3.20   -112.83707831

45.00    1.60   -112.50036959
45.00    1.70   -112.68558092
45.00    1.80   -112.79344180
45.00    1.90   -112.86172559
45.00    2.00   -112.90185467
45.00    2.10   -112.92228337
45.00    2.20   -112.92935004
45.00    2.30   -112.92781504
45.00    2.40   -112.92117369
45.00    2.50   -112.91179932
45.00    2.60   -112.90112227
45.00    2.70   -112.88992485
45.00    2.80   -112.87864337
45.00    2.90   -112.86754915
45.00    3.00   -112.85683848
45.00    3.10   -112.84665267
45.00    3.20   -112.83708800

46.00    1.60   -112.50036366
46.00    1.70   -112.68557599
46.00    1.80   -112.79343794
46.00    1.90   -112.86172285
46.00    2.00   -112.90185306
46.00    2.10   -112.92228291
46.00    2.20   -112.92935074
46.00    2.30   -112.92781687
46.00    2.40   -112.92117663
46.00    2.50   -112.91180333
46.00    2.60   -112.90112728
46.00    2.70   -112.88993079
46.00    2.80   -112.87865016
46.00    2.90   -112.86755669
46.00    3.00   -112.85684666
46.00    3.10   -112.84666136
46.00    3.20   -112.83709707

47.00    1.60   -112.50035808
47.00    1.70   -112.68557136
47.00    1.80   -112.79343430
47.00    1.90   -112.86172025
47.00    2.00   -112.90185153
47.00    2.10   -112.92228246
47.00    2.20   -112.92935137
47.00    2.30   -112.92781857
47.00    2.40   -112.92117937
47.00    2.50   -112.91180707
47.00    2.60   -112.90113196
47.00    2.70   -112.88993635
47.00    2.80   -112.87865651
47.00    2.90   -112.86756374
47.00    3.00   -112.85685431
47.00    3.10   -112.84666950
47.00    3.20   -112.83710556

48.00    1.60   -112.50035282
48.00    1.70   -112.68556698
48.00    1.80   -112.79343086
48.00    1.90   -112.86171779
48.00    2.00   -112.90185007
48.00    2.10   -112.92228202
48.00    2.20   -112.92935195
48.00    2.30   -112.92782015
48.00    2.40   -112.92118192
48.00    2.50   -112.91181056
48.00    2.60   -112.90113634
48.00    2.70   -112.88994155
48.00    2.80   -112.87866246
48.00    2.90   -112.86757036
48.00    3.00   -112.85686149
48.00    3.10   -112.84667713
48.00    3.20   -112.83711353

49.00    1.60   -112.50034786
49.00    1.70   -112.68556285
49.00    1.80   -112.79342762
49.00    1.90   -112.86171546
49.00    2.00   -112.90184869
49.00    2.10   -112.92228159
49.00    2.20   -112.92935248
49.00    2.30   -112.92782162
49.00    2.40   -112.92118431
49.00    2.50   -112.91181383
49.00    2.60   -112.90114044
49.00    2.70   -112.88994643
49.00    2.80   -112.87866805
49.00    2.90   -112.86757656
49.00    3.00   -112.85686823
49.00    3.10   -112.84668430
49.00    3.20   -112.83712101

50.00    1.60   -112.50034317
50.00    1.70   -112.68555895
50.00    1.80   -112.79342454
50.00    1.90   -112.86171325
50.00    2.00   -112.90184737
50.00    2.10   -112.92228117
50.00    2.20   -112.92935296
50.00    2.30   -112.92782299
50.00    2.40   -112.92118654
50.00    2.50   -112.91181689
50.00    2.60   -112.90114429
50.00    2.70   -112.88995101
50.00    2.80   -112.87867329
50.00    2.90   -112.86758240
50.00    3.00   -112.85687457
50.00    3.10   -112.84669104
50.00    3.20   -112.83712805

