   1.8   1.600     -0.03657381
   1.8   1.700      0.00748908
   1.8   1.800      0.00949440
   1.8   1.900     -0.00193644
   1.8   2.000      0.00565860
   1.8   2.100      0.03061995
   1.8   2.200     -0.05449884
   1.8   2.300      0.03398909
   1.8   2.400      0.02313413
   1.8   2.500     -0.04207374
   1.8   2.600      0.04277294
   1.8   2.700     -0.03041612
   1.8   2.800     -0.04883640
   1.8   2.900     -0.05071548
   1.8   3.000     -0.02969469
   1.8   3.100     -0.05053807
   1.8   3.200      0.03244541

   2.0   1.600     -0.03628609
   2.0   1.700      0.00914321
   2.0   1.800      0.01083989
   2.0   1.900     -0.00403506
   2.0   2.000      0.00275074
   2.0   2.100      0.01980297
   2.0   2.200      0.05529085
   2.0   2.300     -0.00308064
   2.0   2.400     -0.01493267
   2.0   2.500     -0.02179750
   2.0   2.600      0.02577206
   2.0   2.700     -0.03870755
   2.0   2.800     -0.04998687
   2.0   2.900     -0.00732392
   2.0   3.000      0.00932356
   2.0   3.100      0.02355153
   2.0   3.200     -0.03156043

   2.1   1.600     -0.03691922
   2.1   1.700      0.00985865
   2.1   1.800      0.01133062
   2.1   1.900     -0.00459587
   2.1   2.000      0.00205497
   2.1   2.100      0.02336744
   2.1   2.200      0.05527485
   2.1   2.300     -0.00258934
   2.1   2.400     -0.01511771
   2.1   2.500     -0.02294899
   2.1   2.600      0.02140584
   2.1   2.700     -0.03935317
   2.1   2.800     -0.04976057
   2.1   2.900     -0.02007049
   2.1   3.000     -0.01118041
   2.1   3.100     -0.02761007
   2.1   3.200      0.03050735

   2.2   1.600     -0.03802959
   2.2   1.700      0.01052674
   2.2   1.800      0.01164721
   2.2   1.900     -0.00495401
   2.2   2.000      0.00168160
   2.2   2.100     -0.02438637
   2.2   2.200      0.05397787
   2.2   2.300     -0.00073008
   2.2   2.400     -0.01338911
   2.2   2.500     -0.02170505
   2.2   2.600      0.02129455
   2.2   2.700     -0.03965064
   2.2   2.800     -0.04913394
   2.2   2.900     -0.02426930
   2.2   3.000     -0.01897277
   2.2   3.100     -0.02531673
   2.2   3.200      0.02579103

   2.3   1.600     -0.03935927
   2.3   1.700      0.01104085
   2.3   1.800      0.01146412
   2.3   1.900     -0.00509917
   2.3   2.000      0.00160116
   2.3   2.100     -0.02656092
   2.3   2.200     -0.04547174
   2.3   2.300      0.00080790
   2.3   2.400     -0.01147361
   2.3   2.500     -0.01951864
   2.3   2.600     -0.04001786
   2.3   2.700     -0.03981704
   2.3   2.800     -0.04867131
   2.3   2.900     -0.02489132
   2.3   3.000     -0.02124139
   2.3   3.100     -0.02520156
   2.3   3.200      0.02481706

   2.4   1.600     -0.04125771
   2.4   1.700      0.01147090
   2.4   1.800      0.01134698
   2.4   1.900     -0.00509322
   2.4   2.000      0.00175531
   2.4   2.100     -0.02790115
   2.4   2.200     -0.04536500
   2.4   2.300      0.00013183
   2.4   2.400     -0.01056245
   2.4   2.500     -0.01751774
   2.4   2.600     -0.04363476
   2.4   2.700     -0.04419564
   2.4   2.800     -0.04808698
   2.4   2.900     -0.02380685
   2.4   3.000     -0.02101581
   2.4   3.100     -0.02553257
   2.4   3.200      0.02494331

   2.5   1.600     -0.04412907
   2.5   1.700      0.01185005
   2.5   1.800      0.01094603
   2.5   1.900     -0.00488537
   2.5   2.000      0.00206570
   2.5   2.100     -0.02874529
   2.5   2.200     -0.04344093
   2.5   2.300     -0.00319763
   2.5   2.400     -0.01127571
   2.5   2.500     -0.01662248
   2.5   2.600     -0.04634194
   2.5   2.700     -0.04168751
   2.5   2.800     -0.03967853
   2.5   2.900     -0.02200588
   2.5   3.000     -0.01961768
   2.5   3.100     -0.02576249
   2.5   3.200      0.02510699

   2.6   1.600     -0.04471201
   2.6   1.700      0.01230237
   2.6   1.800      0.01023635
   2.6   1.900     -0.00448054
   2.6   2.000      0.00266177
   2.6   2.100     -0.02895690
   2.6   2.200     -0.04539216
   2.6   2.300     -0.00923563
   2.6   2.400     -0.01375765
   2.6   2.500     -0.01708598
   2.6   2.600     -0.04768289
   2.6   2.700     -0.04547822
   2.6   2.800     -0.04782167
   2.6   2.900     -0.02015945
   2.6   3.000     -0.01781270
   2.6   3.100     -0.02572992
   2.6   3.200      0.02505534

   2.7   1.600     -0.04206777
   2.7   1.700      0.00511527
   2.7   1.800      0.00880419
   2.7   1.900     -0.00363084
   2.7   2.000      0.00358372
   2.7   2.100     -0.02827335
   2.7   2.200     -0.04891060
   2.7   2.300     -0.01732595
   2.7   2.400     -0.01798696
   2.7   2.500     -0.01908497
   2.7   2.600     -0.03977051
   2.7   2.700     -0.03762727
   2.7   2.800     -0.04784171
   2.7   2.900     -0.01867707
   2.7   3.000     -0.01616752
   2.7   3.100     -0.02542775
   2.7   3.200      0.02474473

   2.8   1.600     -0.03563301
   2.8   1.700     -0.00595925
   2.8   1.800      0.00627946
   2.8   1.900     -0.00390289
   2.8   2.000      0.00509481
   2.8   2.100     -0.02637022
   2.8   2.200     -0.05335167
   2.8   2.300     -0.02599018
   2.8   2.400     -0.02327389
   2.8   2.500     -0.02211322
   2.8   2.600     -0.03894052
   2.8   2.700     -0.03620958
   2.8   2.800     -0.03344960
   2.8   2.900     -0.01786903
   2.8   3.000     -0.01493090
   2.8   3.100     -0.02475129
   2.8   3.200      0.02426071

   2.9   1.600     -0.03305073
   2.9   1.700     -0.01459961
   2.9   1.800      0.00460782
   2.9   1.900     -0.00056924
   2.9   2.000      0.00753920
   2.9   2.100     -0.02284769
   2.9   2.200     -0.05861021
   2.9   2.300     -0.03343777
   2.9   2.400     -0.02824487
   2.9   2.500     -0.02547193
   2.9   2.600     -0.03834215
   2.9   2.700     -0.03536807
   2.9   2.800     -0.03225383
   2.9   2.900     -0.01763078
   2.9   3.000     -0.01424446
   2.9   3.100     -0.02406663
   2.9   3.200      0.02349387

   3.0   1.600     -0.03112981
   3.0   1.700     -0.01875312
   3.0   1.800     -0.02646546
   3.0   1.900     -0.02783036
   3.0   2.000     -0.02743713
   3.0   2.100     -0.06534723
   3.0   2.200     -0.06615136
   3.0   2.300     -0.03980044
   3.0   2.400     -0.03217312
   3.0   2.500     -0.02846230
   3.0   2.600     -0.03811144
   3.0   2.700     -0.03489260
   3.0   2.800     -0.03152639
   3.0   2.900     -0.01801246
   3.0   3.000     -0.01413776
   3.0   3.100     -0.02336438
   3.0   3.200      0.02271150

   3.1   1.600     -0.02700456
   3.1   1.700     -0.01829656
   3.1   1.800     -0.02876518
   3.1   1.900     -0.02586164
   3.1   2.000     -0.02518089
   3.1   2.100     -0.06132462
   3.1   2.200     -0.07630506
   3.1   2.300     -0.04653598
   3.1   2.400     -0.03527456
   3.1   2.500     -0.03057356
   3.1   2.600     -0.03783519
   3.1   2.700     -0.03447469
   3.1   2.800     -0.03101526
   3.1   2.900     -0.01883440
   3.1   3.000     -0.01453038
   3.1   3.100     -0.02278214
   3.1   3.200      0.02222179

   3.2   1.600     -0.03055555
   3.2   1.700     -0.01771631
   3.2   1.800     -0.02543436
   3.2   1.900     -0.03149318
   3.2   2.000     -0.02623220
   3.2   2.100     -0.05400675
   3.2   2.200     -0.06326531
   3.2   2.300     -0.05509245
   3.2   2.400     -0.03804920
   3.2   2.500     -0.03202972
   3.2   2.600     -0.03745864
   3.2   2.700     -0.03398203
   3.2   2.800     -0.03046187
   3.2   2.900     -0.01967442
   3.2   3.000     -0.01521485
   3.2   3.100     -0.02224983
   3.2   3.200      0.02186275

   3.3   1.600     -0.02548414
   3.3   1.700     -0.02115777
   3.3   1.800     -0.02373542
   3.3   1.900     -0.03302284
   3.3   2.000     -0.02971274
   3.3   2.100     -0.04439162
   3.3   2.200     -0.05363740
   3.3   2.300     -0.06253528
   3.3   2.400     -0.04117105
   3.3   2.500     -0.03314715
   3.3   2.600     -0.03697444
   3.3   2.700     -0.03337397
   3.3   2.800     -0.02981720
   3.3   2.900     -0.02015279
   3.3   3.000     -0.01575097
   3.3   3.100     -0.02175487
   3.3   3.200      0.02161984

   3.4   1.600      0.00802563
   3.4   1.700     -0.01723364
   3.4   1.800     -0.02247923
   3.4   1.900     -0.03075592
   3.4   2.000     -0.03484500
   3.4   2.100     -0.03253173
   3.4   2.200     -0.04264996
   3.4   2.300     -0.05304423
   3.4   2.400     -0.04519080
   3.4   2.500     -0.03415287
   3.4   2.600     -0.03640712
   3.4   2.700     -0.03266139
   3.4   2.800     -0.02907254
   3.4   2.900     -0.02022458
   3.4   3.000     -0.01590234
   3.4   3.100     -0.02131979
   3.4   3.200      0.02148901

   3.5   1.600      0.00725437
   3.5   1.700     -0.01372242
   3.5   1.800     -0.02137785
   3.5   1.900     -0.02851465
   3.5   2.000     -0.03657473
   3.5   2.100     -0.01818465
   3.5   2.200     -0.02956926
   3.5   2.300     -0.04143185
   3.5   2.400     -0.04904143
   3.5   2.500     -0.03535139
   3.5   2.600     -0.03577943
   3.5   2.700     -0.03187739
   3.5   2.800     -0.02825448
   3.5   2.900     -0.02001302
   3.5   3.000     -0.01574161
   3.5   3.100     -0.02097946
   3.5   3.200      0.02152003

   3.6   1.600      0.00649893
   3.6   1.700     -0.01495710
   3.6   1.800     -0.02305868
   3.6   1.900     -0.02672319
   3.6   2.000     -0.03500067
   3.6   2.100     -0.00368184
   3.6   2.200     -0.01493727
   3.6   2.300     -0.02837600
   3.6   2.400     -0.04561589
   3.6   2.500     -0.03689853
   3.6   2.600     -0.03524433
   3.6   2.700     -0.03106463
   3.6   2.800     -0.02739300
   3.6   2.900     -0.01961961
   3.6   3.000     -0.01537771
   3.6   3.100     -0.02074135
   3.6   3.200      0.02169862

   3.7   1.600      0.00580053
   3.7   1.700     -0.01423854
   3.7   1.800     -0.02063403
   3.7   1.900     -0.02515637
   3.7   2.000     -0.03263181
   3.7   2.100      0.00650192
   3.7   2.200     -0.00243848
   3.7   2.300     -0.01442585
   3.7   2.400     -0.03508881
   3.7   2.500     -0.03794330
   3.7   2.600     -0.03454908
   3.7   2.700     -0.03028183
   3.7   2.800     -0.02653875
   3.7   2.900     -0.01912904
   3.7   3.000     -0.01490349
   3.7   3.100     -0.02057642
   3.7   3.200      0.02198298

   3.8   1.600      0.00524804
   3.8   1.700     -0.01352030
   3.8   1.800     -0.01735742
   3.8   1.900     -0.02765543
   3.8   2.000     -0.03040294
   3.8   2.100      0.01166988
   3.8   2.200      0.00536289
   3.8   2.300     -0.00213139
   3.8   2.400     -0.02234441
   3.8   2.500     -0.03513232
   3.8   2.600     -0.03429742
   3.8   2.700     -0.02958267
   3.8   2.800     -0.02570369
   3.8   2.900     -0.01861564
   3.8   3.000     -0.01438831
   3.8   3.100     -0.02046346
   3.8   3.200      0.02234213

   3.9   1.600      0.00480585
   3.9   1.700     -0.01278772
   3.9   1.800     -0.01732515
   3.9   1.900     -0.02235503
   3.9   2.000     -0.02838931
   3.9   2.100      0.01350941
   3.9   2.200      0.00894420
   3.9   2.300      0.00605270
   3.9   2.400     -0.00971003
   3.9   2.500     -0.02667862
   3.9   2.600     -0.03324997
   3.9   2.700     -0.02899019
   3.9   2.800     -0.02499084
   3.9   2.900     -0.01815476
   3.9   3.000     -0.01390326
   3.9   3.100     -0.02042533
   3.9   3.200      0.02278835

   4.0   1.600      0.00448821
   4.0   1.700     -0.01205599
   4.0   1.800     -0.01633459
   4.0   1.900     -0.01681604
   4.0   2.000     -0.02651909
   4.0   2.100      0.01371644
   4.0   2.200      0.01032777
   4.0   2.300      0.01028739
   4.0   2.400      0.00025233
   4.0   2.500     -0.01550964
   4.0   2.600     -0.02937407
   4.0   2.700     -0.02831176
   4.0   2.800     -0.02442955
   4.0   2.900     -0.01783259
   4.0   3.000     -0.01352883
   4.0   3.100     -0.02033147
   4.0   3.200      0.02323440

   4.1   1.600      0.00421477
   4.1   1.700     -0.01133526
   4.1   1.800     -0.01536169
   4.1   1.900     -0.01939976
   4.1   2.000     -0.02477006
   4.1   2.100      0.01317122
   4.1   2.200      0.01052720
   4.1   2.300      0.01193267
   4.1   2.400      0.00645398
   4.1   2.500     -0.00504740
   4.1   2.600     -0.02137327
   4.1   2.700     -0.02672030
   4.1   2.800     -0.02405118
   4.1   2.900     -0.01776026
   4.1   3.000     -0.01335425
   4.1   3.100     -0.02018926
   4.1   3.200      0.02369497

   4.2   1.600      0.00427872
   4.2   1.700     -0.01064309
   4.2   1.800     -0.01441667
   4.2   1.900     -0.01851357
   4.2   2.000     -0.02312330
   4.2   2.100      0.01228977
   4.2   2.200      0.01016200
   4.2   2.300      0.01217595
   4.2   2.400      0.00957409
   4.2   2.500      0.00240994
   4.2   2.600     -0.01015620
   4.2   2.700     -0.02231251
   4.2   2.800     -0.02353975
   4.2   2.900     -0.01803871
   4.2   3.000     -0.01351187
   4.2   3.100     -0.01992874
   4.2   3.200      0.02414454

   4.4   1.600      0.00388756
   4.4   1.700     -0.00934405
   4.4   1.800     -0.01263573
   4.4   1.900     -0.01619486
   4.4   2.000     -0.02001771
   4.4   2.100      0.01022444
   4.4   2.200      0.00903940
   4.4   2.300      0.01093814
   4.4   2.400      0.01079626
   4.4   2.500      0.00873918
   4.4   2.600      0.00351946
   4.4   2.700     -0.00463600
   4.4   2.800     -0.01726110
   4.4   2.900     -0.01933065
   4.4   3.000     -0.01581610
   4.4   3.100     -0.01837745
   4.4   3.200      0.02479317

   4.6   1.600      0.00152849
   4.6   1.700     -0.00816221
   4.6   1.800     -0.01101377
   4.6   1.900     -0.01408936
   4.6   2.000     -0.01740445
   4.6   2.100      0.00588976
   4.6   2.200      0.00265860
   4.6   2.300      0.00906600
   4.6   2.400      0.00954791
   4.6   2.500      0.00922851
   4.6   2.600      0.00728349
   4.6   2.700      0.00535726
   4.6   2.800     -0.00025641
   4.6   2.900     -0.01315729
   4.6   3.000     -0.02167259
   4.6   3.100     -0.01203041
   4.6   3.200      0.02389102

   4.8   1.600      0.00168661
   4.8   1.700     -0.00710599
   4.8   1.800     -0.00956092
   4.8   1.900     -0.01220402
   4.8   2.000     -0.01501770
   4.8   2.100      0.00648067
   4.8   2.200      0.00592437
   4.8   2.300      0.00368062
   4.8   2.400      0.00782495
   4.8   2.500      0.00800288
   4.8   2.600      0.00721447
   4.8   2.700      0.00723811
   4.8   2.800      0.00666201
   4.8   2.900      0.00390382
   4.8   3.000     -0.01617351
   4.8   3.100      0.00111846
   4.8   3.200     -0.00885501

   5.0   1.600      0.00177021
   5.0   1.700     -0.00616487
   5.0   1.800     -0.00827096
   5.0   1.900     -0.01053482
   5.0   2.000     -0.01292185
   5.0   2.100      0.00502671
   5.0   2.200      0.00466333
   5.0   2.300      0.00559987
   5.0   2.400      0.00618795
   5.0   2.500      0.00648099
   5.0   2.600      0.00611930
   5.0   2.700      0.00654044
   5.0   2.800      0.00705337
   5.0   2.900      0.00817188
   5.0   3.000      0.00648588
   5.0   3.100      0.00030960
   5.0   3.200      0.02436726

   5.2   1.600      0.00174531
   5.2   1.700     -0.00536032
   5.2   1.800     -0.00716443
   5.2   1.900     -0.00909976
   5.2   2.000     -0.01109173
   5.2   2.100      0.00385025
   5.2   2.200      0.00362310
   5.2   2.300      0.00437166
   5.2   2.400      0.00385296
   5.2   2.500      0.00508656
   5.2   2.600      0.00488048
   5.2   2.700      0.00575905
   5.2   2.800      0.00589444
   5.2   2.900      0.00731024
   5.2   3.000      0.00855200
   5.2   3.100     -0.02600865
   5.2   3.200      0.02587214

   5.4   1.600      0.00160884
   5.4   1.700     -0.00462658
   5.4   1.800     -0.00616538
   5.4   1.900     -0.00781311
   5.4   2.000     -0.00952510
   5.4   2.100      0.00289469
   5.4   2.200      0.00275605
   5.4   2.300      0.00330159
   5.4   2.400      0.00363087
   5.4   2.500      0.00253358
   5.4   2.600      0.00381560
   5.4   2.700      0.00446774
   5.4   2.800      0.00463207
   5.4   2.900      0.00574188
   5.4   3.000      0.00689402
   5.4   3.100     -0.02415092
   5.4   3.200      0.02740980

   5.6   1.600      0.00141889
   5.6   1.700     -0.00398631
   5.6   1.800     -0.00529628
   5.6   1.900     -0.00669660
   5.6   2.000     -0.00814128
   5.6   2.100      0.00216808
   5.6   2.200      0.00209185
   5.6   2.300      0.00248301
   5.6   2.400      0.00273006
   5.6   2.500      0.00285349
   5.6   2.600      0.00149211
   5.6   2.700      0.00339694
   5.6   2.800      0.00354934
   5.6   2.900      0.00434461
   5.6   3.000      0.00517973
   5.6   3.100     -0.02070787
   5.6   3.200      0.02341386

   5.8   1.600      0.00129244
   5.8   1.700     -0.00343046
   5.8   1.800     -0.00454365
   5.8   1.900     -0.00573141
   5.8   2.000     -0.00694655
   5.8   2.100      0.00160894
   5.8   2.200      0.00154979
   5.8   2.300      0.00184902
   5.8   2.400      0.00203183
   5.8   2.500      0.00221114
   5.8   2.600      0.00187708
   5.8   2.700      0.00110690
   5.8   2.800      0.00269480
   5.8   2.900      0.00324566
   5.8   3.000      0.00382904
   5.8   3.100     -0.01756295
   5.8   3.200      0.01974616

   6.0   1.600      0.00124241
   6.0   1.700     -0.00295049
   6.0   1.800     -0.00389543
   6.0   1.900     -0.00490127
   6.0   2.000     -0.00591709
   6.0   2.100      0.00118450
   6.0   2.200      0.00115371
   6.0   2.300      0.00136544
   6.0   2.400      0.00149623
   6.0   2.500      0.00164450
   6.0   2.600      0.00174971
   6.0   2.700      0.00142012
   6.0   2.800      0.00075791
   6.0   2.900      0.00241079
   6.0   3.000      0.00282116
   6.0   3.100     -0.01486920
   6.0   3.200      0.01668558

   7.0   1.600      0.00120267
   7.0   1.700     -0.00140209
   7.0   1.800     -0.00179657
   7.0   1.900     -0.00221595
   7.0   2.000     -0.00268385
   7.0   2.100      0.00020032
   7.0   2.200      0.00020172
   7.0   2.300      0.00023856
   7.0   2.400      0.00027344
   7.0   2.500      0.00030598
   7.0   2.600      0.00033971
   7.0   2.700      0.00037965
   7.0   2.800      0.00043397
   7.0   2.900      0.00050559
   7.0   3.000      0.00058307
   7.0   3.100     -0.00601023
   7.0   3.200      0.00605283

   8.0   1.600      0.00073068
   8.0   1.700     -0.00064642
   8.0   1.800     -0.00080785
   8.0   1.900     -0.00097730
   8.0   2.000     -0.00116936
   8.0   2.100      0.00002325
   8.0   2.200      0.00002297
   8.0   2.300      0.00002998
   8.0   2.400      0.00003768
   8.0   2.500      0.00004678
   8.0   2.600      0.00005373
   8.0   2.700      0.00006437
   8.0   2.800      0.00007761
   8.0   2.900      0.00009541
   8.0   3.000      0.00011765
   8.0   3.100     -0.00279384
   8.0   3.200      0.00311733

   9.0   1.600      0.00036115
   9.0   1.700     -0.00028336
   9.0   1.800     -0.00034850
   9.0   1.900     -0.00041421
   9.0   2.000     -0.00048175
   9.0   2.100      0.00002542
   9.0   2.200      0.00002710
   9.0   2.300      0.00003157
   9.0   2.400      0.00003952
   9.0   2.500      0.00004955
   9.0   2.600      0.00005832
   9.0   2.700      0.00006880
   9.0   2.800      0.00008193
   9.0   2.900      0.00009942
   9.0   3.000      0.00002005
   9.0   3.100     -0.00115203
   9.0   3.200      0.00128647

  10.0   1.600      0.00015256
  10.0   1.700     -0.00012205
  10.0   1.800     -0.00014852
  10.0   1.900     -0.00017370
  10.0   2.000     -0.00020138
  10.0   2.100      0.00000425
  10.0   2.200      0.00000435
  10.0   2.300      0.00000482
  10.0   2.400      0.00000615
  10.0   2.500      0.00000837
  10.0   2.600      0.00000951
  10.0   2.700      0.00001092
  10.0   2.800      0.00001257
  10.0   2.900      0.00001525
  10.0   3.000      0.00001958
  10.0   3.100     -0.00046219
  10.0   3.200      0.00051608

  12.0   1.600      0.00001425
  12.0   1.700     -0.00002258
  12.0   1.800     -0.00002748
  12.0   1.900     -0.00003187
  12.0   2.000     -0.00003693
  12.0   2.100      0.00000046
  12.0   2.200      0.00000038
  12.0   2.300      0.00000029
  12.0   2.400      0.00000033
  12.0   2.500      0.00000039
  12.0   2.600      0.00000014
  12.0   2.700     -0.00000030
  12.0   2.800     -0.00000074
  12.0   2.900     -0.00000086
  12.0   3.000     -0.00000047
  12.0   3.100     -0.00007030
  12.0   3.200      0.00007759

  14.0   1.600      0.00000074
  14.0   1.700     -0.00000329
  14.0   1.800     -0.00000399
  14.0   1.900     -0.00000463
  14.0   2.000     -0.00000537
  14.0   2.100      0.00000081
  14.0   2.200      0.00000076
  14.0   2.300      0.00000071
  14.0   2.400      0.00000068
  14.0   2.500      0.00000053
  14.0   2.600      0.00000023
  14.0   2.700     -0.00000027
  14.0   2.800     -0.00000080
  14.0   2.900     -0.00000110
  14.0   3.000     -0.00000086
  14.0   3.100     -0.00000817
  14.0   3.200      0.00000887

  16.0   1.600     -0.00000048
  16.0   1.700     -0.00000028
  16.0   1.800     -0.00000034
  16.0   1.900     -0.00000040
  16.0   2.000     -0.00000046
  16.0   2.100      0.00000075
  16.0   2.200      0.00000073
  16.0   2.300      0.00000071
  16.0   2.400      0.00000069
  16.0   2.500      0.00000057
  16.0   2.600      0.00000037
  16.0   2.700      0.00000004
  16.0   2.800     -0.00000031
  16.0   2.900     -0.00000053
  16.0   3.000     -0.00000058
  16.0   3.100     -0.00000059
  16.0   3.200      0.00000063

  18.0   1.600     -0.00000013
  18.0   1.700     -0.00000001
  18.0   1.800     -0.00000002
  18.0   1.900     -0.00000002
  18.0   2.000     -0.00000002
  18.0   2.100      0.00000046
  18.0   2.200      0.00000045
  18.0   2.300      0.00000044
  18.0   2.400      0.00000044
  18.0   2.500      0.00000036
  18.0   2.600      0.00000026
  18.0   2.700      0.00000008
  18.0   2.800     -0.00000011
  18.0   2.900     -0.00000022
  18.0   3.000     -0.00000026
  18.0   3.100     -0.00000003
  18.0   3.200      0.00000003

  20.0   1.600      0.00000000
  20.0   1.700      0.00000000
  20.0   1.800      0.00000000
  20.0   1.900      0.00000000
  20.0   2.000      0.00000000
  20.0   2.100      0.00000014
  20.0   2.200      0.00000013
  20.0   2.300      0.00000013
  20.0   2.400      0.00000013
  20.0   2.500      0.00000009
  20.0   2.600      0.00000007
  20.0   2.700      0.00000001
  20.0   2.800     -0.00000006
  20.0   2.900     -0.00000007
  20.0   3.000     -0.00000009
  20.0   3.100      0.00000000
  20.0   3.200      0.00000000

