   1.8   1.600   -112.06007230
   1.8   1.700   -112.02224400
   1.8   1.800   -111.94275860
   1.8   1.900   -111.75874470
   1.8   2.000   -111.55197850
   1.8   2.100   -111.21512920
   1.8   2.200   -110.82635630
   1.8   2.300   -110.44678910
   1.8   2.400   -110.01621540
   1.8   2.500   -109.58502040
   1.8   2.600   -109.14216570
   1.8   2.700   -108.73324610
   1.8   2.800   -108.39499870
   1.8   2.900   -108.15419610
   1.8   3.000   -108.00469420
   1.8   3.100   -108.01040890
   1.8   3.200   -108.12757720

   2.0   1.600   -112.50935210
   2.0   1.700   -112.56310470
   2.0   1.800   -112.57988130
   2.0   1.900   -112.50488510
   2.0   2.000   -112.40533490
   2.0   2.100   -112.20486690
   2.0   2.200   -111.99266230
   2.0   2.300   -111.73939620
   2.0   2.400   -111.46662990
   2.0   2.500   -111.17133040
   2.0   2.600   -110.84650030
   2.0   2.700   -110.51165660
   2.0   2.800   -110.16708100
   2.0   2.900   -109.84326320
   2.0   3.000   -109.54498420
   2.0   3.100   -109.26890070
   2.0   3.200   -109.05817230

   2.1   1.600   -112.64200540
   2.1   1.700   -112.71778920
   2.1   1.800   -112.77567590
   2.1   1.900   -112.73712430
   2.1   2.000   -112.67290580
   2.1   2.100   -112.51740150
   2.1   2.200   -112.35480010
   2.1   2.300   -112.15670400
   2.1   2.400   -111.94424860
   2.1   2.500   -111.70667850
   2.1   2.600   -111.44379250
   2.1   2.700   -111.17092510
   2.1   2.800   -110.87390790
   2.1   2.900   -110.56998420
   2.1   3.000   -110.29513540
   2.1   3.100   -110.00568440
   2.1   3.200   -109.74680610

   2.2   1.600   -112.73733370
   2.2   1.700   -112.84689470
   2.2   1.800   -112.91711070
   2.2   1.900   -112.90744380
   2.2   2.000   -112.87004320
   2.2   2.100   -112.74866150
   2.2   2.200   -112.62396010
   2.2   2.300   -112.46871370
   2.2   2.400   -112.30388530
   2.2   2.500   -112.11312250
   2.2   2.600   -111.90269270
   2.2   2.700   -111.68615650
   2.2   2.800   -111.44104390
   2.2   2.900   -111.17387790
   2.2   3.000   -110.93334680
   2.2   3.100   -110.67052350
   2.2   3.200   -110.41601710

   2.3   1.600   -112.80737510
   2.3   1.700   -112.92112360
   2.3   1.800   -113.00566470
   2.3   1.900   -113.03146370
   2.3   2.000   -113.01471130
   2.3   2.100   -112.91910620
   2.3   2.200   -112.82335890
   2.3   2.300   -112.70122650
   2.3   2.400   -112.57282130
   2.3   2.500   -112.41961890
   2.3   2.600   -112.25157860
   2.3   2.700   -112.08205850
   2.3   2.800   -111.88368680
   2.3   2.900   -111.65931640
   2.3   3.000   -111.45055050
   2.3   3.100   -111.22853960
   2.3   3.200   -111.00482000

   2.4   1.600   -112.85840910
   2.4   1.700   -112.97680900
   2.4   1.800   -113.05954000
   2.4   1.900   -113.10713434
   2.4   2.000   -113.09006650
   2.4   2.100   -113.04381260
   2.4   2.200   -112.97028720
   2.4   2.300   -112.87384740
   2.4   2.400   -112.77383540
   2.4   2.500   -112.64944510
   2.4   2.600   -112.51484190
   2.4   2.700   -112.38307380
   2.4   2.800   -112.22370840
   2.4   2.900   -112.03788100
   2.4   3.000   -111.86617450
   2.4   3.100   -111.67650340
   2.4   3.200   -111.49362530

   2.5   1.600   -112.89422810
   2.5   1.700   -113.01941290
   2.5   1.800   -113.09012840
   2.5   1.900   -113.14640375
   2.5   2.000   -113.16482430
   2.5   2.100   -113.13397730
   2.5   2.200   -113.07762480
   2.5   2.300   -113.00467740
   2.5   2.400   -112.92325080
   2.5   2.500   -112.82067980
   2.5   2.600   -112.71231810
   2.5   2.700   -112.61036800
   2.5   2.800   -112.48245620
   2.5   2.900   -112.32885090
   2.5   3.000   -112.19229220
   2.5   3.100   -112.02696610
   2.5   3.200   -111.88504310

   2.6   1.600   -112.91791370
   2.6   1.700   -113.04994480
   2.6   1.800   -113.12314170
   2.6   1.900   -113.16632231
   2.6   2.000   -113.21597830
   2.6   2.100   -113.19801500
   2.6   2.200   -113.15517600
   2.6   2.300   -113.09699580
   2.6   2.400   -113.03280560
   2.6   2.500   -112.94757590
   2.6   2.600   -112.85977940
   2.6   2.700   -112.78090780
   2.6   2.800   -112.67777970
   2.6   2.900   -112.55030200
   2.6   3.000   -112.44329860
   2.6   3.100   -112.30240130
   2.6   3.200   -112.19081050

   2.7   1.600   -112.93195010
   2.7   1.700   -113.07011730
   2.7   1.800   -113.14908170
   2.7   1.900   -113.18394040
   2.7   2.000   -113.24734430
   2.7   2.100   -113.24199870
   2.7   2.200   -113.21020620
   2.7   2.300   -113.16356100
   2.7   2.400   -113.11197510
   2.7   2.500   -113.04097760
   2.7   2.600   -112.96894870
   2.7   2.700   -112.90769710
   2.7   2.800   -112.82405220
   2.7   2.900   -112.71747820
   2.7   3.000   -112.63427770
   2.7   3.100   -112.51605830
   2.7   3.200   -112.42462710

   2.8   1.600   -112.93832890
   2.8   1.700   -113.08185510
   2.8   1.800   -113.16627640
   2.8   1.900   -113.20834040
   2.8   2.000   -113.26058630
   2.8   2.100   -113.27043320
   2.8   2.200   -113.24802760
   2.8   2.300   -113.21048150
   2.8   2.400   -113.16801410
   2.8   2.500   -113.10882120
   2.8   2.600   -113.04902770
   2.8   2.700   -113.00110470
   2.8   2.800   -112.93262690
   2.8   2.900   -112.84270040
   2.8   3.000   -112.77812700
   2.8   3.100   -112.67899210
   2.8   3.200   -112.60382300

   2.9   1.600   -112.93861760
   2.9   1.700   -113.08671620
   2.9   1.800   -113.17595910
   2.9   1.900   -113.22364290
   2.9   2.000   -113.26385880
   2.9   2.100   -113.28677150
   2.9   2.200   -113.27262230
   2.9   2.300   -113.24246710
   2.9   2.400   -113.20350310
   2.9   2.500   -113.15719610
   2.9   2.600   -113.10691370
   2.9   2.700   -113.06891770
   2.9   2.800   -113.01230830
   2.9   2.900   -112.93567280
   2.9   3.000   -112.88541180
   2.9   3.100   -112.80186010
   2.9   3.200   -112.74228370

   3.0   1.600   -112.93443980
   3.0   1.700   -113.08602040
   3.0   1.800   -113.17931630
   3.0   1.900   -113.23174950
   3.0   2.000   -113.27041580
   3.0   2.100   -113.29455930
   3.0   2.200   -113.28706280
   3.0   2.300   -113.26299390
   3.0   2.400   -113.23031630
   3.0   2.500   -113.19070240
   3.0   2.600   -113.14785210
   3.0   2.700   -113.11684140
   3.0   2.800   -113.06947443
   3.0   2.900   -113.00391390
   3.0   3.000   -112.96451840
   3.0   3.100   -112.89356690
   3.0   3.200   -112.84691170

   3.1   1.600   -112.92745440
   3.1   1.700   -113.08142160
   3.1   1.800   -113.17759710
   3.1   1.900   -113.23437960
   3.1   2.000   -113.27472060
   3.1   2.100   -113.29728880
   3.1   2.200   -113.29407150
   3.1   2.300   -113.27462570
   3.1   2.400   -113.24718820
   3.1   2.500   -113.21286610
   3.1   2.600   -113.17584710
   3.1   2.700   -113.14950810
   3.1   2.800   -113.10985390
   3.1   2.900   -113.05319800
   3.1   3.000   -113.02196090
   3.1   3.100   -112.96117260
   3.1   3.200   -112.92466420

   3.2   1.600   -112.91883770
   3.2   1.700   -113.07452610
   3.2   1.800   -113.17279940
   3.2   1.900   -113.23308980
   3.2   2.000   -113.27605880
   3.2   2.100   -113.29683650
   3.2   2.200   -113.29612220
   3.2   2.300   -113.27964930
   3.2   2.400   -113.25589490
   3.2   2.500   -113.22631380
   3.2   2.600   -113.19400010
   3.2   2.700   -113.16976820
   3.2   2.800   -113.13654170
   3.2   2.900   -113.08796540
   3.2   3.000   -113.06246100
   3.2   3.100   -113.01022870
   3.2   3.200   -112.98130140

   3.3   1.600   -112.90922270
   3.3   1.700   -113.06625500
   3.3   1.800   -113.16595690
   3.3   1.900   -113.22915880
   3.3   2.000   -113.27450900
   3.3   2.100   -113.29433560
   3.3   2.200   -113.29500330
   3.3   2.300   -113.28038510
   3.3   2.400   -113.25893250
   3.3   2.500   -113.23174240
   3.3   2.600   -113.20334830
   3.3   2.700   -113.17960420
   3.3   2.800   -113.14614166
   3.3   2.900   -113.11161070
   3.3   3.000   -113.08989080
   3.3   3.100   -113.03857930
   3.3   3.200   -113.02162690

   3.4   1.600   -112.89917220
   3.4   1.700   -113.05730180
   3.4   1.800   -113.15784180
   3.4   1.900   -113.22349250
   3.4   2.000   -113.26940300
   3.4   2.100   -113.28950030
   3.4   2.200   -113.29149930
   3.4   2.300   -113.27850020
   3.4   2.400   -113.25851730
   3.4   2.500   -113.23296680
   3.4   2.600   -113.20643150
   3.4   2.700   -113.17780580
   3.4   2.800   -113.14823790
   3.4   2.900   -113.11852060
   3.4   3.000   -113.08860340
   3.4   3.100   -113.05942490
   3.4   3.200   -113.03182030

   3.5   1.600   -112.88903810
   3.5   1.700   -113.04807640
   3.5   1.800   -113.14927770
   3.5   1.900   -113.21574980
   3.5   2.000   -113.26122500
   3.5   2.100   -113.28199560
   3.5   2.200   -113.28573290
   3.5   2.300   -113.27474420
   3.5   2.400   -113.25597980
   3.5   2.500   -113.23148180
   3.5   2.600   -113.20640910
   3.5   2.700   -113.17946030
   3.5   2.800   -113.15202470
   3.5   2.900   -113.12495290
   3.5   3.000   -113.09810520
   3.5   3.100   -113.07261060
   3.5   3.200   -113.04951720

   3.6   1.600   -112.87914450
   3.6   1.700   -113.03886690
   3.6   1.800   -113.14073940
   3.6   1.900   -113.20326860
   3.6   2.000   -113.25104300
   3.6   2.100   -113.27246160
   3.6   2.200   -113.27779550
   3.6   2.300   -113.26909470
   3.6   2.400   -113.25199570
   3.6   2.500   -113.22834670
   3.6   2.600   -113.20419060
   3.6   2.700   -113.17835300
   3.6   2.800   -113.15239310
   3.6   2.900   -113.12714390
   3.6   3.000   -113.10263190
   3.6   3.100   -113.07998520
   3.6   3.200   -113.06042890

   3.7   1.600   -112.86975800
   3.7   1.700   -113.02986780
   3.7   1.800   -113.13239950
   3.7   1.900   -113.19365970
   3.7   2.000   -113.23972330
   3.7   2.100   -113.26159030
   3.7   2.200   -113.26825150
   3.7   2.300   -113.26145030
   3.7   2.400   -113.24656080
   3.7   2.500   -113.22424450
   3.7   2.600   -113.20070450
   3.7   2.700   -113.17551910
   3.7   2.800   -113.15048380
   3.7   2.900   -113.12653800
   3.7   3.000   -113.10373060
   3.7   3.100   -113.08325620
   3.7   3.200   -113.06636890

   3.8   1.600   -112.86093800
   3.8   1.700   -113.02126910
   3.8   1.800   -113.12429910
   3.8   1.900   -113.18590800
   3.8   2.000   -113.22796250
   3.8   2.100   -113.24996080
   3.8   2.200   -113.25753970
   3.8   2.300   -113.25215150
   3.8   2.400   -113.23938190
   3.8   2.500   -113.21916120
   3.8   2.600   -113.19656000
   3.8   2.700   -113.17179740
   3.8   2.800   -113.14725830
   3.8   2.900   -113.12412970
   3.8   3.000   -113.10252270
   3.8   3.100   -113.08368000
   3.8   3.200   -113.06877100

   3.9   1.600   -112.85280530
   3.9   1.700   -113.01320860
   3.9   1.800   -113.11652130
   3.9   1.900   -113.17866440
   3.9   2.000   -113.21028600
   3.9   2.100   -113.23807620
   3.9   2.200   -113.24619070
   3.9   2.300   -113.24173140
   3.9   2.400   -113.23056710
   3.9   2.500   -113.21264440
   3.9   2.600   -113.19186740
   3.9   2.700   -113.16777690
   3.9   2.800   -113.14350730
   3.9   2.900   -113.12080320
   3.9   3.000   -113.09997060
   3.9   3.100   -113.08228530
   3.9   3.200   -113.06873780

   4.0   1.600   -112.84539640
   4.0   1.700   -113.00577430
   4.0   1.800   -113.10920570
   4.0   1.900   -113.17171200
   4.0   2.000   -113.20392350
   4.0   2.100   -113.22639770
   4.0   2.200   -113.23463930
   4.0   2.300   -113.23070060
   4.0   2.400   -113.22063500
   4.0   2.500   -113.20453020
   4.0   2.600   -113.18592790
   4.0   2.700   -113.16348390
   4.0   2.800   -113.13979730
   4.0   2.900   -113.11730150
   4.0   3.000   -113.09689020
   4.0   3.100   -113.07992880
   4.0   3.200   -113.06716670

   4.1   1.600   -112.83869670
   4.1   1.700   -112.99904690
   4.1   1.800   -113.10244610
   4.1   1.900   -113.16501760
   4.1   2.000   -113.19779350
   4.1   2.100   -113.21919080
   4.1   2.200   -113.22326110
   4.1   2.300   -113.21946860
   4.1   2.400   -113.21008040
   4.1   2.500   -113.19522120
   4.1   2.600   -113.17842730
   4.1   2.700   -113.15822740
   4.1   2.800   -113.13611580
   4.1   2.900   -113.11412880
   4.1   3.000   -113.09395620
   4.1   3.100   -113.07731580
   4.1   3.200   -113.06477890

   4.2   1.600   -112.83266440
   4.2   1.700   -112.99290730
   4.2   1.800   -113.09628210
   4.2   1.900   -113.15890080
   4.2   2.000   -113.19190870
   4.2   2.100   -113.20845060
   4.2   2.200   -113.21469990
   4.2   2.300   -113.21100460
   4.2   2.400   -113.19928330
   4.2   2.500   -113.18521720
   4.2   2.600   -113.16971310
   4.2   2.700   -113.15145080
   4.2   2.800   -113.13157300
   4.2   2.900   -113.11109900
   4.2   3.000   -113.09147920
   4.2   3.100   -113.07491560
   4.2   3.200   -113.06198450

   4.4   1.600   -112.82242120
   4.4   1.700   -112.98243830
   4.4   1.800   -113.08569910
   4.4   1.900   -113.14823770
   4.4   2.000   -113.18142830
   4.4   2.100   -113.19387750
   4.4   2.200   -113.19560470
   4.4   2.300   -113.18908170
   4.4   2.400   -113.17918950
   4.4   2.500   -113.16665940
   4.4   2.600   -113.15177330
   4.4   2.700   -113.13647340
   4.4   2.800   -113.11788190
   4.4   2.900   -113.10119120
   4.4   3.000   -113.08466040
   4.4   3.100   -113.06922570
   4.4   3.200   -113.05500660

   4.6   1.600   -112.81422000
   4.6   1.700   -112.97407450
   4.6   1.800   -113.07721070
   4.6   1.900   -113.13962980
   4.6   2.000   -113.17280210
   4.6   2.100   -113.18545740
   4.6   2.200   -113.18400500
   4.6   2.300   -113.17395310
   4.6   2.400   -113.16032970
   4.6   2.500   -113.14610160
   4.6   2.600   -113.13064850
   4.6   2.700   -113.11528110
   4.6   2.800   -113.10022990
   4.6   2.900   -113.08569440
   4.6   3.000   -113.07148920
   4.6   3.100   -113.05764330
   4.6   3.200   -113.04447680

   4.8   1.600   -112.80761560
   4.8   1.700   -112.96736080
   4.8   1.800   -113.07039760
   4.8   1.900   -113.13274150
   4.8   2.000   -113.16589240
   4.8   2.100   -113.17859140
   4.8   2.200   -113.17686250
   4.8   2.300   -113.16531790
   4.8   2.400   -113.14860470
   4.8   2.500   -113.13001480
   4.8   2.600   -113.11245370
   4.8   2.700   -113.09633590
   4.8   2.800   -113.08114680
   4.8   2.900   -113.06676140
   4.8   3.000   -113.05294260
   4.8   3.100   -113.03964960
   4.8   3.200   -113.02717930

   5.0   1.600   -112.80226160
   5.0   1.700   -112.96193830
   5.0   1.800   -113.06491990
   5.0   1.900   -113.12721660
   5.0   2.000   -113.16036080
   5.0   2.100   -113.17305990
   5.0   2.200   -113.17122920
   5.0   2.300   -113.15944000
   5.0   2.400   -113.14179960
   5.0   2.500   -113.12081700
   5.0   2.600   -113.09877520
   5.0   2.700   -113.08001950
   5.0   2.800   -113.06401820
   5.0   2.900   -113.04936480
   5.0   3.000   -113.03543670
   5.0   3.100   -113.02221050
   5.0   3.200   -113.01005930

   5.2   1.600   -112.79786590
   5.2   1.700   -112.95750860
   5.2   1.800   -113.06047400
   5.2   1.900   -113.12275240
   5.2   2.000   -113.15590690
   5.2   2.100   -113.16860870
   5.2   2.200   -113.16672130
   5.2   2.300   -113.15499460
   5.2   2.400   -113.13683650
   5.2   2.500   -113.11517060
   5.2   2.600   -113.09167980
   5.2   2.700   -113.06791490
   5.2   2.800   -113.04877420
   5.2   2.900   -113.03328210
   5.2   3.000   -113.01908670
   5.2   3.100   -113.00577060
   5.2   3.200   -112.99376100

   5.4   1.600   -112.79420280
   5.4   1.700   -112.95383440
   5.4   1.800   -113.05681410
   5.4   1.900   -113.11909990
   5.4   2.000   -113.15227920
   5.4   2.100   -113.16499550
   5.4   2.200   -113.16309380
   5.4   2.300   -113.15141250
   5.4   2.400   -113.13323800
   5.4   2.500   -113.11098720
   5.4   2.600   -113.08715470
   5.4   2.700   -113.06238130
   5.4   2.800   -113.03758000
   5.4   2.900   -113.01864360
   5.4   3.000   -113.00370380
   5.4   3.100   -112.99028130
   5.4   3.200   -112.97839030

   5.6   1.600   -112.79110630
   5.6   1.700   -112.95074790
   5.6   1.800   -113.05375680
   5.6   1.900   -113.11606890
   5.6   2.000   -113.14928660
   5.6   2.100   -113.16202960
   5.6   2.200   -113.16014310
   5.6   2.300   -113.14850770
   5.6   2.400   -113.13033500
   5.6   2.500   -113.10802770
   5.6   2.600   -113.08374650
   5.6   2.700   -113.05871740
   5.6   2.800   -113.03344520
   5.6   2.900   -113.00804800
   5.6   3.000   -112.98984560
   5.6   3.100   -112.97576400
   5.6   3.200   -112.96393350

   5.8   1.600   -112.78845160
   5.8   1.700   -112.94812170
   5.8   1.800   -113.05116510
   5.8   1.900   -113.11351600
   5.8   2.000   -113.14677910
   5.8   2.100   -113.15956080
   5.8   2.200   -113.15770630
   5.8   2.300   -113.14612110
   5.8   2.400   -113.12796390
   5.8   2.500   -113.10566730
   5.8   2.600   -113.08129650
   5.8   2.700   -113.05589490
   5.8   2.800   -113.03065840
   5.8   2.900   -113.00502580
   5.8   3.000   -112.98322954
   5.8   3.100   -112.96767060
   5.8   3.200   -112.95585440

   6.0   1.600   -112.78614910
   6.0   1.700   -112.94585330
   6.0   1.800   -113.04893790
   6.0   1.900   -113.11133540
   6.0   2.000   -113.14464960
   6.0   2.100   -113.15748070
   6.0   2.200   -113.15566480
   6.0   2.300   -113.14413550
   6.0   2.400   -113.12324350
   6.0   2.500   -113.10373460
   6.0   2.600   -113.07933300
   6.0   2.700   -113.05386750
   6.0   2.800   -113.02833430
   6.0   2.900   -113.00390106
   6.0   3.000   -112.98186020
   6.0   3.100   -112.96965840
   6.0   3.200   -112.95790240

   7.0   1.600   -112.78065160
   7.0   1.700   -112.93802250
   7.0   1.800   -113.04133810
   7.0   1.900   -113.10398260
   7.0   2.000   -113.13756010
   7.0   2.100   -113.15053490
   7.0   2.200   -113.14907480
   7.0   2.300   -113.13772120
   7.0   2.400   -113.11980660
   7.0   2.500   -113.09756271
   7.0   2.600   -113.07207650
   7.0   2.700   -113.04800730
   7.0   2.800   -113.02242310
   7.0   2.900   -113.00043077
   7.0   3.000   -112.98646180
   7.0   3.100   -112.97415300
   7.0   3.200   -112.96230400

   8.0   1.600   -112.78182340
   8.0   1.700   -112.93707570
   8.0   1.800   -113.03686170
   8.0   1.900   -113.09971940
   8.0   2.000   -113.13353050
   8.0   2.100   -113.14672450
   8.0   2.200   -113.14549610
   8.0   2.300   -113.13437020
   8.0   2.400   -113.11667060
   8.0   2.500   -113.09483290
   8.0   2.600   -113.07099428
   8.0   2.700   -113.04539309
   8.0   2.800   -113.01991940
   8.0   2.900   -112.99938590
   8.0   3.000   -112.98935184
   8.0   3.100   -112.97461000
   8.0   3.200   -112.96278460

   9.0   1.600   -112.78191350
   9.0   1.700   -112.93717650
   9.0   1.800   -113.03641120
   9.0   1.900   -113.09707320
   9.0   2.000   -113.13105170
   9.0   2.100   -113.14441690
   9.0   2.200   -113.14336180
   9.0   2.300   -113.13240820
   9.0   2.400   -113.11487650
   9.0   2.500   -113.09320000
   9.0   2.600   -113.07135960
   9.0   2.700   -113.04434226
   9.0   2.800   -113.01903749
   9.0   2.900   -112.99926290
   9.0   3.000   -112.98843619
   9.0   3.100   -112.97447060
   9.0   3.200   -112.96263710

  10.0   1.600   -112.78185450
  10.0   1.700   -112.93711620
  10.0   1.800   -113.03634940
  10.0   1.900   -113.09552040
  10.0   2.000   -113.12949130
  10.0   2.100   -113.14298400
  10.0   2.200   -113.14205730
  10.0   2.300   -113.13123130
  10.0   2.400   -113.11382390
  10.0   2.500   -113.09226640
  10.0   2.600   -113.06880110
  10.0   2.700   -113.04389380
  10.0   2.800   -113.01879610
  10.0   2.900   -112.99913760
  10.0   3.000   -112.98664970
  10.0   3.100   -112.97435150
  10.0   3.200   -112.96251030

  12.0   1.600   -112.78176800
  12.0   1.700   -112.93702620
  12.0   1.800   -113.03625600
  12.0   1.900   -113.09542370
  12.0   2.000   -113.12776740
  12.0   2.100   -113.14143730
  12.0   2.200   -113.14069030
  12.0   2.300   -113.13004350
  12.0   2.400   -113.11281180
  12.0   2.500   -113.09142390
  12.0   2.600   -113.06766630
  12.0   2.700   -113.04281070
  12.0   2.800   -113.01774390
  12.0   2.900   -112.99907550
  12.0   3.000   -112.98656190
  12.0   3.100   -112.97425820
  12.0   3.200   -112.96241120

  14.0   1.600   -112.78173220
  14.0   1.700   -112.93698900
  14.0   1.800   -113.03621730
  14.0   1.900   -113.09538370
  14.0   2.000   -113.12689790
  14.0   2.100   -113.14069490
  14.0   2.200   -113.14005710
  14.0   2.300   -113.12954010
  14.0   2.400   -113.11241830
  14.0   2.500   -113.09114420
  14.0   2.600   -113.06747200
  14.0   2.700   -113.04269530
  14.0   2.800   -113.01771110
  14.0   2.900   -112.99905260
  14.0   3.000   -112.98653760
  14.0   3.100   -112.97423240
  14.0   3.200   -112.96238370

  16.0   1.600   -112.78171540
  16.0   1.700   -112.93697140
  16.0   1.800   -113.03619910
  16.0   1.900   -113.09536480
  16.0   2.000   -113.12632920
  16.0   2.100   -113.14018030
  16.0   2.200   -113.13961210
  16.0   2.300   -113.12914000
  16.0   2.400   -113.11207870
  16.0   2.500   -113.09088310
  16.0   2.600   -113.06725090
  16.0   2.700   -113.04253560
  16.0   2.800   -113.01761160
  16.0   2.900   -112.99904460
  16.0   3.000   -112.98652910
  16.0   3.100   -112.97422340
  16.0   3.200   -112.96237400

  18.0   1.600   -112.78170640
  18.0   1.700   -112.93696200
  18.0   1.800   -113.03618930
  18.0   1.900   -113.09535460
  18.0   2.000   -113.12610040
  18.0   2.100   -113.13994540
  18.0   2.200   -113.13942880
  18.0   2.300   -113.12900780
  18.0   2.400   -113.11199640
  18.0   2.500   -113.09082320
  18.0   2.600   -113.06726280
  18.0   2.700   -113.04259110
  18.0   2.800   -113.01770790
  18.0   2.900   -112.99904140
  18.0   3.000   -112.98652570
  18.0   3.100   -112.97421970
  18.0   3.200   -112.96237000

  20.0   1.600   -112.78170110
  20.0   1.700   -112.93695650
  20.0   1.800   -113.03618350
  20.0   1.900   -113.09534860
  20.0   2.000   -113.12609420
  20.0   2.100   -113.13979440
  20.0   2.200   -113.13931480
  20.0   2.300   -113.12893050
  20.0   2.400   -113.11195480
  20.0   2.500   -113.09081600
  20.0   2.600   -113.06728850
  20.0   2.700   -113.04264790
  20.0   2.800   -113.01779380
  20.0   2.900   -112.99904010
  20.0   3.000   -112.98652440
  20.0   3.100   -112.97421830
  20.0   3.200   -112.96236820

21.00    1.60   -112.78170092
21.00    1.70   -112.93695654
21.00    1.80   -113.03618324
21.00    1.90   -113.09534888
21.00    2.00   -113.12609432
21.00    2.10   -113.13979436
21.00    2.20   -113.13931478
21.00    2.30   -113.12893034
21.00    2.40   -113.11195477
21.00    2.50   -113.09081574
21.00    2.60   -113.06728894
21.00    2.70   -113.04264801
21.00    2.80   -113.01779354
21.00    2.90   -112.99904011
21.00    3.00   -112.98652429
21.00    3.10   -112.97421859
21.00    3.20   -112.96236850

22.00    1.60   -112.78165526
22.00    1.70   -112.93692100
22.00    1.80   -113.03615840
22.00    1.90   -113.09533515
22.00    2.00   -113.12609193
22.00    2.10   -113.13980340
22.00    2.20   -113.13933517
22.00    2.30   -113.12896186
22.00    2.40   -113.11199702
22.00    2.50   -113.09086820
22.00    2.60   -113.06735092
22.00    2.70   -113.04271867
22.00    2.80   -113.01787192
22.00    2.90   -112.99912511
22.00    3.00   -112.98661464
22.00    3.10   -112.97431291
22.00    3.20   -112.96246528

23.00    1.60   -112.78161410
23.00    1.70   -112.93688870
23.00    1.80   -113.03613547
23.00    1.90   -113.09532195
23.00    2.00   -113.12608869
23.00    2.10   -113.13981019
23.00    2.20   -113.13935194
23.00    2.30   -113.12898839
23.00    2.40   -113.11203300
23.00    2.50   -113.09091316
23.00    2.60   -113.06740427
23.00    2.70   -113.04277970
23.00    2.80   -113.01793978
23.00    2.90   -112.99919883
23.00    3.00   -112.98669315
23.00    3.10   -112.97439500
23.00    3.20   -112.96254963

24.00    1.60   -112.78157690
24.00    1.70   -112.93685932
24.00    1.80   -113.03611435
24.00    1.90   -113.09530942
24.00    2.00   -113.12608493
24.00    2.10   -113.13981528
24.00    2.20   -113.13936583
24.00    2.30   -113.12901092
24.00    2.40   -113.11206387
24.00    2.50   -113.09095198
24.00    2.60   -113.06745053
24.00    2.70   -113.04283276
24.00    2.80   -113.01799892
24.00    2.90   -112.99926320
24.00    3.00   -112.98676180
24.00    3.10   -112.97446689
24.00    3.20   -112.96262360

25.00    1.60   -112.78154323
25.00    1.70   -112.93683257
25.00    1.80   -113.03609492
25.00    1.90   -113.09529759
25.00    2.00   -113.12608089
25.00    2.10   -113.13981909
25.00    2.20   -113.13937744
25.00    2.30   -113.12903020
25.00    2.40   -113.11209056
25.00    2.50   -113.09098574
25.00    2.60   -113.06749090
25.00    2.70   -113.04287920
25.00    2.80   -113.01805077
25.00    2.90   -112.99931974
25.00    3.00   -112.98682219
25.00    3.10   -112.97453020
25.00    3.20   -112.96268882

26.00    1.60   -112.78151268
26.00    1.70   -112.93680818
26.00    1.80   -113.03607704
26.00    1.90   -113.09528648
26.00    2.00   -113.12607671
26.00    2.10   -113.13982190
26.00    2.20   -113.13938722
26.00    2.30   -113.12904680
26.00    2.40   -113.11211378
26.00    2.50   -113.09101527
26.00    2.60   -113.06752634
26.00    2.70   -113.04292007
26.00    2.80   -113.01809650
26.00    2.90   -112.99936967
26.00    3.00   -112.98687559
26.00    3.10   -112.97458625
26.00    3.20   -112.96274663

27.00    1.60   -112.78148490
27.00    1.70   -112.93678590
27.00    1.80   -113.03606058
27.00    1.90   -113.09527608
27.00    2.00   -113.12607250
27.00    2.10   -113.13982395
27.00    2.20   -113.13939549
27.00    2.30   -113.12906120
27.00    2.40   -113.11213411
27.00    2.50   -113.09104124
27.00    2.60   -113.06755762
27.00    2.70   -113.04295622
27.00    2.80   -113.01813702
27.00    2.90   -112.99941398
27.00    3.00   -112.98692304
27.00    3.10   -112.97463611
27.00    3.20   -112.96279810

28.00    1.60   -112.78145958
28.00    1.70   -112.93676551
28.00    1.80   -113.03604542
28.00    1.90   -113.09526635
28.00    2.00   -113.12606834
28.00    2.10   -113.13982540
28.00    2.20   -113.13940254
28.00    2.30   -113.12907375
28.00    2.40   -113.11215199
28.00    2.50   -113.09106421
28.00    2.60   -113.06758536
28.00    2.70   -113.04298836
28.00    2.80   -113.01817310
28.00    2.90   -112.99945349
28.00    3.00   -112.98696539
28.00    3.10   -112.97468066
28.00    3.20   -112.96284414

29.00    1.60   -112.78143645
29.00    1.70   -112.93674683
29.00    1.80   -113.03603144
29.00    1.90   -113.09525727
29.00    2.00   -113.12606427
29.00    2.10   -113.13982640
29.00    2.20   -113.13940859
29.00    2.30   -113.12908475
29.00    2.40   -113.11216780
29.00    2.50   -113.09108462
29.00    2.60   -113.06761009
29.00    2.70   -113.04301706
29.00    2.80   -113.01820537
29.00    2.90   -112.99948887
29.00    3.00   -112.98700336
29.00    3.10   -112.97472063
29.00    3.20   -112.96288548

30.00    1.60   -112.78141527
30.00    1.70   -112.93672967
30.00    1.80   -113.03601854
30.00    1.90   -113.09524879
30.00    2.00   -113.12606033
30.00    2.10   -113.13982704
30.00    2.20   -113.13941379
30.00    2.30   -113.12909445
30.00    2.40   -113.11218185
30.00    2.50   -113.09110283
30.00    2.60   -113.06763221
30.00    2.70   -113.04304279
30.00    2.80   -113.01823435
30.00    2.90   -112.99952067
30.00    3.00   -112.98703752
30.00    3.10   -112.97475663
30.00    3.20   -112.96292274

31.00    1.60   -112.78139584
31.00    1.70   -112.93671389
31.00    1.80   -113.03600661
31.00    1.90   -113.09524088
31.00    2.00   -113.12605653
31.00    2.10   -113.13982740
31.00    2.20   -113.13941830
31.00    2.30   -113.12910303
31.00    2.40   -113.11219439
31.00    2.50   -113.09111916
31.00    2.60   -113.06765209
31.00    2.70   -113.04306595
31.00    2.80   -113.01826047
31.00    2.90   -112.99954937
31.00    3.00   -112.98706837
31.00    3.10   -112.97478917
31.00    3.20   -112.96295645

32.00    1.60   -112.78137798
32.00    1.70   -112.93669934
32.00    1.80   -113.03599558
32.00    1.90   -113.09523350
32.00    2.00   -113.12605289
32.00    2.10   -113.13982754
32.00    2.20   -113.13942221
32.00    2.30   -113.12911066
32.00    2.40   -113.11220563
32.00    2.50   -113.09113384
32.00    2.60   -113.06767002
32.00    2.70   -113.04308687
32.00    2.80   -113.01828409
32.00    2.90   -112.99957535
32.00    3.00   -112.98709633
32.00    3.10   -112.97481867
32.00    3.20   -112.96298703

33.00    1.60   -112.78136152
33.00    1.70   -112.93668590
33.00    1.80   -113.03598534
33.00    1.90   -113.09522660
33.00    2.00   -113.12604941
33.00    2.10   -113.13982752
33.00    2.20   -113.13942563
33.00    2.30   -113.12911747
33.00    2.40   -113.11221573
33.00    2.50   -113.09114710
33.00    2.60   -113.06768624
33.00    2.70   -113.04310584
33.00    2.80   -113.01830552
33.00    2.90   -112.99959895
33.00    3.00   -112.98712174
33.00    3.10   -112.97484551
33.00    3.20   -112.96301487

34.00    1.60   -112.78134633
34.00    1.70   -112.93667348
34.00    1.80   -113.03597585
34.00    1.90   -113.09522015
34.00    2.00   -113.12604610
34.00    2.10   -113.13982736
34.00    2.20   -113.13942863
34.00    2.30   -113.12912358
34.00    2.40   -113.11222485
34.00    2.50   -113.09115910
34.00    2.60   -113.06770097
34.00    2.70   -113.04312308
34.00    2.80   -113.01832503
34.00    2.90   -112.99962045
34.00    3.00   -112.98714491
34.00    3.10   -112.97487000
34.00    3.20   -112.96304029

35.00    1.60   -112.78133228
35.00    1.70   -112.93666196
35.00    1.80   -113.03596702
35.00    1.90   -113.09521413
35.00    2.00   -113.12604294
35.00    2.10   -113.13982710
35.00    2.20   -113.13943127
35.00    2.30   -113.12912907
35.00    2.40   -113.11223311
35.00    2.50   -113.09117002
35.00    2.60   -113.06771438
35.00    2.70   -113.04313880
35.00    2.80   -113.01834285
35.00    2.90   -112.99964009
35.00    3.00   -112.98716609
35.00    3.10   -112.97489240
35.00    3.20   -112.96306355

36.00    1.60   -112.78131926
36.00    1.70   -112.93665128
36.00    1.80   -113.03595881
36.00    1.90   -113.09520849
36.00    2.00   -113.12603993
36.00    2.10   -113.13982677
36.00    2.20   -113.13943360
36.00    2.30   -113.12913402
36.00    2.40   -113.11224061
36.00    2.50   -113.09117996
36.00    2.60   -113.06772663
36.00    2.70   -113.04315318
36.00    2.80   -113.01835915
36.00    2.90   -112.99965808
36.00    3.00   -112.98718551
36.00    3.10   -112.97491295
36.00    3.20   -112.96308490

37.00    1.60   -112.78130718
37.00    1.70   -112.93664135
37.00    1.80   -113.03595116
37.00    1.90   -113.09520320
37.00    2.00   -113.12603708
37.00    2.10   -113.13982638
37.00    2.20   -113.13943566
37.00    2.30   -113.12913850
37.00    2.40   -113.11224745
37.00    2.50   -113.09118905
37.00    2.60   -113.06773784
37.00    2.70   -113.04316636
37.00    2.80   -113.01837411
37.00    2.90   -112.99967461
37.00    3.00   -112.98720335
37.00    3.10   -112.97493184
37.00    3.20   -112.96310454

38.00    1.60   -112.78129595
38.00    1.70   -112.93663210
38.00    1.80   -113.03594401
38.00    1.90   -113.09519825
38.00    2.00   -113.12603437
38.00    2.10   -113.13982594
38.00    2.20   -113.13943750
38.00    2.30   -113.12914257
38.00    2.40   -113.11225369
38.00    2.50   -113.09119738
38.00    2.60   -113.06774814
38.00    2.70   -113.04317847
38.00    2.80   -113.01838787
38.00    2.90   -112.99968982
38.00    3.00   -112.98721979
38.00    3.10   -112.97494924
38.00    3.20   -112.96312265

39.00    1.60   -112.78128549
39.00    1.70   -112.93662348
39.00    1.80   -113.03593733
39.00    1.90   -113.09519360
39.00    2.00   -113.12603180
39.00    2.10   -113.13982548
39.00    2.20   -113.13943913
39.00    2.30   -113.12914627
39.00    2.40   -113.11225941
39.00    2.50   -113.09120502
39.00    2.60   -113.06775761
39.00    2.70   -113.04318963
39.00    2.80   -113.01840056
39.00    2.90   -112.99970385
39.00    3.00   -112.98723496
39.00    3.10   -112.97496532
39.00    3.20   -112.96313938

40.00    1.60   -112.78127574
40.00    1.70   -112.93661543
40.00    1.80   -113.03593109
40.00    1.90   -113.09518923
40.00    2.00   -113.12602936
40.00    2.10   -113.13982499
40.00    2.20   -113.13944059
40.00    2.30   -113.12914966
40.00    2.40   -113.11226466
40.00    2.50   -113.09121207
40.00    2.60   -113.06776634
40.00    2.70   -113.04319993
40.00    2.80   -113.01841228
40.00    2.90   -112.99971682
40.00    3.00   -112.98724899
40.00    3.10   -112.97498020
40.00    3.20   -112.96315487

41.00    1.60   -112.78126663
41.00    1.70   -112.93660790
41.00    1.80   -113.03592523
41.00    1.90   -113.09518512
41.00    2.00   -113.12602705
41.00    2.10   -113.13982449
41.00    2.20   -113.13944190
41.00    2.30   -113.12915275
41.00    2.40   -113.11226949
41.00    2.50   -113.09121856
41.00    2.60   -113.06777441
41.00    2.70   -113.04320946
41.00    2.80   -113.01842313
41.00    2.90   -112.99972884
41.00    3.00   -112.98726200
41.00    3.10   -112.97499400
41.00    3.20   -112.96316924

42.00    1.60   -112.78125810
42.00    1.70   -112.93660085
42.00    1.80   -113.03591974
42.00    1.90   -113.09518126
42.00    2.00   -113.12602485
42.00    2.10   -113.13982397
42.00    2.20   -113.13944307
42.00    2.30   -113.12915559
42.00    2.40   -113.11227395
42.00    2.50   -113.09122457
42.00    2.60   -113.06778188
42.00    2.70   -113.04321829
42.00    2.80   -113.01843320
42.00    2.90   -112.99973999
42.00    3.00   -112.98727407
42.00    3.10   -112.97500681
42.00    3.20   -112.96318259

43.00    1.60   -112.78125012
43.00    1.70   -112.93659424
43.00    1.80   -113.03591459
43.00    1.90   -113.09517762
43.00    2.00   -113.12602276
43.00    2.10   -113.13982346
43.00    2.20   -113.13944413
43.00    2.30   -113.12915820
43.00    2.40   -113.11227806
43.00    2.50   -113.09123014
43.00    2.60   -113.06778882
43.00    2.70   -113.04322650
43.00    2.80   -113.01844255
43.00    2.90   -112.99975037
43.00    3.00   -112.98728531
43.00    3.10   -112.97501874
43.00    3.20   -112.96319502

44.00    1.60   -112.78124264
44.00    1.70   -112.93658803
44.00    1.80   -113.03590974
44.00    1.90   -113.09517418
44.00    2.00   -113.12602078
44.00    2.10   -113.13982295
44.00    2.20   -113.13944509
44.00    2.30   -113.12916060
44.00    2.40   -113.11228188
44.00    2.50   -113.09123531
44.00    2.60   -113.06779526
44.00    2.70   -113.04323413
44.00    2.80   -113.01845126
44.00    2.90   -112.99976003
44.00    3.00   -112.98729578
44.00    3.10   -112.97502986
44.00    3.20   -112.96320661

45.00    1.60   -112.78123561
45.00    1.70   -112.93658220
45.00    1.80   -113.03590518
45.00    1.90   -113.09517094
45.00    2.00   -113.12601890
45.00    2.10   -113.13982244
45.00    2.20   -113.13944595
45.00    2.30   -113.12916282
45.00    2.40   -113.11228541
45.00    2.50   -113.09124011
45.00    2.60   -113.06780127
45.00    2.70   -113.04324124
45.00    2.80   -113.01845938
45.00    2.90   -112.99976904
45.00    3.00   -112.98730555
45.00    3.10   -112.97504024
45.00    3.20   -112.96321744

46.00    1.60   -112.78122900
46.00    1.70   -112.93657671
46.00    1.80   -113.03590087
46.00    1.90   -113.09516788
46.00    2.00   -113.12601711
46.00    2.10   -113.13982193
46.00    2.20   -113.13944673
46.00    2.30   -113.12916487
46.00    2.40   -113.11228870
46.00    2.50   -113.09124459
46.00    2.60   -113.06780686
46.00    2.70   -113.04324788
46.00    2.80   -113.01846697
46.00    2.90   -112.99977747
46.00    3.00   -112.98731469
46.00    3.10   -112.97504995
46.00    3.20   -112.96322757

47.00    1.60   -112.78122278
47.00    1.70   -112.93657154
47.00    1.80   -113.03589682
47.00    1.90   -113.09516498
47.00    2.00   -113.12601540
47.00    2.10   -113.13982144
47.00    2.20   -113.13944744
47.00    2.30   -113.12916677
47.00    2.40   -113.11229176
47.00    2.50   -113.09124876
47.00    2.60   -113.06781209
47.00    2.70   -113.04325409
47.00    2.80   -113.01847407
47.00    2.90   -112.99978535
47.00    3.00   -112.98732324
47.00    3.10   -112.97505904
47.00    3.20   -112.96323706

48.00    1.60   -112.78121691
48.00    1.70   -112.93656666
48.00    1.80   -113.03589299
48.00    1.90   -113.09516224
48.00    2.00   -113.12601378
48.00    2.10   -113.13982095
48.00    2.20   -113.13944809
48.00    2.30   -113.12916854
48.00    2.40   -113.11229462
48.00    2.50   -113.09125266
48.00    2.60   -113.06781698
48.00    2.70   -113.04325990
48.00    2.80   -113.01848072
48.00    2.90   -112.99979274
48.00    3.00   -112.98733126
48.00    3.10   -112.97506757
48.00    3.20   -112.96324596

49.00    1.60   -112.78121138
49.00    1.70   -112.93656206
49.00    1.80   -113.03588936
49.00    1.90   -113.09515965
49.00    2.00   -113.12601224
49.00    2.10   -113.13982047
49.00    2.20   -113.13944868
49.00    2.30   -113.12917018
49.00    2.40   -113.11229729
49.00    2.50   -113.09125631
49.00    2.60   -113.06782157
49.00    2.70   -113.04326535
49.00    2.80   -113.01848695
49.00    2.90   -112.99979967
49.00    3.00   -112.98733879
49.00    3.10   -112.97507558
49.00    3.20   -112.96325433

50.00    1.60   -112.78120615
50.00    1.70   -112.93655770
50.00    1.80   -113.03588594
50.00    1.90   -113.09515718
50.00    2.00   -113.12601077
50.00    2.10   -113.13982001
50.00    2.20   -113.13944922
50.00    2.30   -113.12917171
50.00    2.40   -113.11229978
50.00    2.50   -113.09125974
50.00    2.60   -113.06782587
50.00    2.70   -113.04327047
50.00    2.80   -113.01849281
50.00    2.90   -112.99980619
50.00    3.00   -112.98734586
50.00    3.10   -112.97508311
50.00    3.20   -112.96326219

