   1.8   1.600      0.01864608
   1.8   1.700      0.05264299
   1.8   1.800      0.04957553
   1.8   1.900      0.04650318
   1.8   2.000      0.03464117
   1.8   2.100      0.00875339
   1.8   2.200     -0.02798341
   1.8   2.300     -0.03174163
   1.8   2.400      0.03885350
   1.8   2.500      0.03995585
   1.8   2.600      0.04655288
   1.8   2.700     -0.05709564
   1.8   2.800     -0.06047455
   1.8   2.900     -0.00476901
   1.8   3.000     -0.00622633
   1.8   3.100     -0.00746918
   1.8   3.200      0.00235260

   2.0   1.600      0.01099564
   2.0   1.700      0.05212674
   2.0   1.800      0.04354979
   2.0   1.900      0.03860335
   2.0   2.000      0.02480445
   2.0   2.100      0.00922607
   2.0   2.200      0.01610105
   2.0   2.300     -0.02461163
   2.0   2.400      0.02805958
   2.0   2.500      0.02865293
   2.0   2.600      0.03029104
   2.0   2.700     -0.03316232
   2.0   2.800     -0.03986284
   2.0   2.900     -0.01119155
   2.0   3.000     -0.01036114
   2.0   3.100      0.00391643
   2.0   3.200      0.00202892

   2.1   1.600      0.00000154
   2.1   1.700      0.05375717
   2.1   1.800      0.04266927
   2.1   1.900      0.03681819
   2.1   2.000      0.02193519
   2.1   2.100      0.00955623
   2.1   2.200      0.01565667
   2.1   2.300     -0.02319641
   2.1   2.400      0.02544470
   2.1   2.500      0.02647531
   2.1   2.600      0.02713864
   2.1   2.700     -0.02711799
   2.1   2.800     -0.03021366
   2.1   2.900     -0.01008243
   2.1   3.000     -0.01123128
   2.1   3.100      0.00780648
   2.1   3.200      0.00644536

   2.2   1.600     -0.00983216
   2.2   1.700      0.05388172
   2.2   1.800      0.04322407
   2.2   1.900      0.03525622
   2.2   2.000      0.01960370
   2.2   2.100      0.00980405
   2.2   2.200      0.01537048
   2.2   2.300     -0.02221864
   2.2   2.400      0.02357494
   2.2   2.500      0.02497691
   2.2   2.600      0.02514583
   2.2   2.700     -0.02343896
   2.2   2.800     -0.02433602
   2.2   2.900     -0.00826577
   2.2   3.000     -0.00931419
   2.2   3.100      0.00857054
   2.2   3.200      0.00865484

   2.3   1.600     -0.01501818
   2.3   1.700      0.04946279
   2.3   1.800      0.05617893
   2.3   1.900      0.03375513
   2.3   2.000      0.01740889
   2.3   2.100      0.01008036
   2.3   2.200      0.01521161
   2.3   2.300     -0.02148811
   2.3   2.400      0.02207733
   2.3   2.500      0.02389491
   2.3   2.600      0.02375832
   2.3   2.700     -0.02088418
   2.3   2.800     -0.02074140
   2.3   2.900     -0.00591700
   2.3   3.000     -0.00820180
   2.3   3.100      0.00704130
   2.3   3.200      0.00829163

   2.4   1.600     -0.01613507
   2.4   1.700      0.04462317
   2.4   1.800      0.05923865
   2.4   1.900      0.03077851
   2.4   2.000      0.01127216
   2.4   2.100      0.01052490
   2.4   2.200      0.01524417
   2.4   2.300     -0.02089901
   2.4   2.400      0.02090273
   2.4   2.500      0.02294711
   2.4   2.600      0.02263474
   2.4   2.700     -0.01903555
   2.4   2.800     -0.01825990
   2.4   2.900     -0.00322329
   2.4   3.000     -0.00676533
   2.4   3.100      0.00438910
   2.4   3.200      0.00640803

   2.5   1.600     -0.01482638
   2.5   1.700      0.04122063
   2.5   1.800      0.05514107
   2.5   1.900      0.02842996
   2.5   2.000      0.01228909
   2.5   2.100      0.01129180
   2.5   2.200      0.01555391
   2.5   2.300      0.01892160
   2.5   2.400      0.01969150
   2.5   2.500      0.02232461
   2.5   2.600      0.02174428
   2.5   2.700     -0.01754091
   2.5   2.800     -0.01633118
   2.5   2.900     -0.00047537
   2.5   3.000     -0.00467861
   2.5   3.100      0.00212191
   2.5   3.200      0.00388774

   2.6   1.600     -0.01218644
   2.6   1.700      0.03887963
   2.6   1.800      0.05038628
   2.6   1.900      0.01484985
   2.6   2.000      0.01388560
   2.6   2.100      0.01243731
   2.6   2.200      0.01609168
   2.6   2.300      0.01897234
   2.6   2.400      0.01915924
   2.6   2.500      0.02185897
   2.6   2.600      0.02092434
   2.6   2.700     -0.01627397
   2.6   2.800     -0.01492581
   2.6   2.900      0.00215418
   2.6   3.000     -0.00248130
   2.6   3.100      0.00045333
   2.6   3.200      0.00139841

   2.7   1.600     -0.00883859
   2.7   1.700      0.03699465
   2.7   1.800      0.04726927
   2.7   1.900      0.05008841
   2.7   2.000      0.01630130
   2.7   2.100      0.01411160
   2.7   2.200      0.01686582
   2.7   2.300      0.01914970
   2.7   2.400      0.01926133
   2.7   2.500      0.02141177
   2.7   2.600      0.02028160
   2.7   2.700      0.01560736
   2.7   2.800     -0.01382500
   2.7   2.900      0.00461845
   2.7   3.000     -0.00013808
   2.7   3.100     -0.00132439
   2.7   3.200     -0.00043991

   2.8   1.600     -0.00503001
   2.8   1.700      0.03526242
   2.8   1.800      0.04475431
   2.8   1.900      0.04896893
   2.8   2.000      0.02016768
   2.8   2.100      0.01655676
   2.8   2.200      0.01798750
   2.8   2.300      0.01951620
   2.8   2.400      0.01990010
   2.8   2.500      0.02113050
   2.8   2.600      0.01980266
   2.8   2.700      0.01510284
   2.8   2.800     -0.01307003
   2.8   2.900      0.00690243
   2.8   3.000      0.00200959
   2.8   3.100     -0.00313590
   2.8   3.200     -0.00141233

   2.9   1.600     -0.00088419
   2.9   1.700      0.03351154
   2.9   1.800      0.04235689
   2.9   1.900      0.04658226
   2.9   2.000      0.02666964
   2.9   2.100      0.01968142
   2.9   2.200      0.01932149
   2.9   2.300      0.02010369
   2.9   2.400      0.02082447
   2.9   2.500      0.02098980
   2.9   2.600      0.01946824
   2.9   2.700      0.01477024
   2.9   2.800     -0.01259622
   2.9   2.900      0.00901906
   2.9   3.000      0.00403950
   2.9   3.100     -0.00488963
   2.9   3.200     -0.00254938

   3.0   1.600      0.00335473
   3.0   1.700      0.03165168
   3.0   1.800      0.03987040
   3.0   1.900      0.04330009
   3.0   2.000      0.02537992
   3.0   2.100      0.02218572
   3.0   2.200      0.02066885
   3.0   2.300      0.02073394
   3.0   2.400      0.02100182
   3.0   2.500      0.02095874
   3.0   2.600      0.01922502
   3.0   2.700      0.01483056
   3.0   2.800     -0.01243516
   3.0   2.900      0.01099202
   3.0   3.000      0.00590749
   3.0   3.100     -0.00655114
   3.0   3.200     -0.00382942

   3.1   1.600      0.00717244
   3.1   1.700      0.02959429
   3.1   1.800      0.03711576
   3.1   1.900      0.03764881
   3.1   2.000      0.02081405
   3.1   2.100      0.02252413
   3.1   2.200      0.02103251
   3.1   2.300      0.02124422
   3.1   2.400      0.02124025
   3.1   2.500      0.02099561
   3.1   2.600      0.01907243
   3.1   2.700      0.01520559
   3.1   2.800     -0.01247407
   3.1   2.900      0.01285677
   3.1   3.000      0.00763398
   3.1   3.100     -0.00810747
   3.1   3.200     -0.00512763

   3.2   1.600      0.01000850
   3.2   1.700      0.02731201
   3.2   1.800      0.03449290
   3.2   1.900      0.03260702
   3.2   2.000      0.01521032
   3.2   2.100      0.02058506
   3.2   2.200      0.01971998
   3.2   2.300      0.02074408
   3.2   2.400      0.02145923
   3.2   2.500      0.02111435
   3.2   2.600      0.01897249
   3.2   2.700      0.01598717
   3.2   2.800      0.01292585
   3.2   2.900      0.01463737
   3.2   3.000      0.00929372
   3.2   3.100     -0.00956129
   3.2   3.200     -0.00638932

   3.3   1.600      0.01144201
   3.3   1.700      0.02473768
   3.3   1.800      0.03217040
   3.3   1.900      0.02768747
   3.3   2.000      0.00951029
   3.3   2.100      0.01674174
   3.3   2.200      0.01673817
   3.3   2.300      0.01875920
   3.3   2.400      0.02049144
   3.3   2.500      0.02153203
   3.3   2.600      0.01976638
   3.3   2.700     -0.01739914
   3.3   2.800      0.01372310
   3.3   2.900      0.01636471
   3.3   3.000      0.01087995
   3.3   3.100     -0.01319027
   3.3   3.200     -0.00749026

   3.4   1.600      0.01143855
   3.4   1.700      0.02188951
   3.4   1.800      0.03001261
   3.4   1.900      0.02251922
   3.4   2.000      0.00539855
   3.4   2.100      0.01267192
   3.4   2.200      0.01252665
   3.4   2.300      0.01526493
   3.4   2.400      0.01810094
   3.4   2.500      0.02024824
   3.4   2.600      0.01987007
   3.4   2.700      0.01899748
   3.4   2.800      0.01762640
   3.4   2.900      0.01999619
   3.4   3.000     -0.01674825
   3.4   3.100     -0.01424417
   3.4   3.200     -0.01146675

   3.5   1.600      0.01042729
   3.5   1.700      0.01889117
   3.5   1.800      0.02767320
   3.5   1.900      0.01827228
   3.5   2.000      0.00286582
   3.5   2.100      0.00929006
   3.5   2.200      0.00836877
   3.5   2.300      0.01064842
   3.5   2.400      0.01433117
   3.5   2.500      0.01768461
   3.5   2.600      0.01823847
   3.5   2.700      0.01799679
   3.5   2.800      0.01697024
   3.5   2.900      0.02118044
   3.5   3.000     -0.01769330
   3.5   3.100     -0.01472083
   3.5   3.200     -0.01097747

   3.6   1.600      0.00890167
   3.6   1.700      0.01598827
   3.6   1.800      0.02472330
   3.6   1.900      0.02315249
   3.6   2.000      0.00141566
   3.6   2.100      0.00716267
   3.6   2.200      0.00529325
   3.6   2.300      0.00601611
   3.6   2.400      0.00946320
   3.6   2.500      0.01385709
   3.6   2.600      0.01550858
   3.6   2.700      0.01610316
   3.6   2.800      0.01557855
   3.6   2.900      0.02214839
   3.6   3.000     -0.01838212
   3.6   3.100     -0.01490360
   3.6   3.200     -0.01025487

   3.7   1.600      0.00723815
   3.7   1.700      0.01339244
   3.7   1.800      0.02137989
   3.7   1.900      0.02821535
   3.7   2.000      0.00060965
   3.7   2.100      0.00611279
   3.7   2.200      0.00328715
   3.7   2.300      0.00242081
   3.7   2.400      0.00443915
   3.7   2.500      0.00890330
   3.7   2.600      0.01163892
   3.7   2.700      0.01327963
   3.7   2.800      0.01344847
   3.7   2.900      0.02283862
   3.7   3.000     -0.01881508
   3.7   3.100     -0.01483182
   3.7   3.200     -0.00936918

   3.8   1.600      0.00571615
   3.8   1.700      0.01118423
   3.8   1.800      0.01809162
   3.8   1.900      0.02596121
   3.8   2.000      0.00019614
   3.8   2.100      0.00611470
   3.8   2.200      0.00243010
   3.8   2.300      0.00016582
   3.8   2.400      0.00047394
   3.8   2.500      0.00359234
   3.8   2.600      0.00671490
   3.8   2.700      0.00943097
   3.8   2.800      0.01048113
   3.8   2.900      0.02302760
   3.8   3.000     -0.01881765
   3.8   3.100     -0.01437206
   3.8   3.200     -0.00824028

   3.9   1.600      0.00440949
   3.9   1.700      0.00936160
   3.9   1.800      0.01514225
   3.9   1.900      0.02237724
   3.9   2.000      0.02823760
   3.9   2.100      0.00704324
   3.9   2.200      0.00250301
   3.9   2.300     -0.00087935
   3.9   2.400     -0.00203542
   3.9   2.500     -0.00077419
   3.9   2.600      0.00139888
   3.9   2.700      0.00461467
   3.9   2.800      0.00658991
   3.9   2.900      0.02239805
   3.9   3.000     -0.01816658
   3.9   3.100     -0.01337119
   3.9   3.200     -0.00677509

   4.0   1.600      0.00332536
   4.0   1.700      0.00787971
   4.0   1.800      0.01264452
   4.0   1.900      0.01878598
   4.0   2.000      0.02658475
   4.0   2.100      0.00883684
   4.0   2.200      0.00336285
   4.0   2.300     -0.00098943
   4.0   2.400     -0.00328174
   4.0   2.500     -0.00357966
   4.0   2.600     -0.00304054
   4.0   2.700     -0.00055562
   4.0   2.800      0.00188121
   4.0   2.900      0.02049573
   4.0   3.000     -0.01653541
   4.0   3.100     -0.01160708
   4.0   3.200     -0.00485180

   4.1   1.600      0.00245605
   4.1   1.700      0.00605275
   4.1   1.800      0.01059453
   4.1   1.900      0.01561748
   4.1   2.000      0.02244814
   4.1   2.100      0.00357600
   4.1   2.200      0.00494672
   4.1   2.300     -0.00034801
   4.1   2.400     -0.00358196
   4.1   2.500     -0.00503695
   4.1   2.600     -0.00591942
   4.1   2.700     -0.00483922
   4.1   2.800     -0.00295132
   4.1   2.900      0.01687899
   4.1   3.000     -0.01353724
   4.1   3.100     -0.00882995
   4.1   3.200     -0.00234286

   4.2   1.600      0.00177604
   4.2   1.700      0.00514612
   4.2   1.800      0.00893242
   4.2   1.900      0.01297284
   4.2   2.000      0.01856283
   4.2   2.100      0.00881117
   4.2   2.200      0.00212736
   4.2   2.300     -0.00423349
   4.2   2.400     -0.00316984
   4.2   2.500     -0.00551677
   4.2   2.600     -0.00742571
   4.2   2.700     -0.00755122
   4.2   2.800     -0.00670874
   4.2   2.900      0.01180593
   4.2   3.000     -0.00903097
   4.2   3.100     -0.00490924
   4.2   3.200      0.00073581

   4.4   1.600      0.00082745
   4.4   1.700      0.00418702
   4.4   1.800      0.00646700
   4.4   1.900      0.00911767
   4.4   2.000      0.01257799
   4.4   2.100      0.02281262
   4.4   2.200      0.01097013
   4.4   2.300      0.00283097
   4.4   2.400     -0.00325286
   4.4   2.500     -0.00850793
   4.4   2.600     -0.01154730
   4.4   2.700     -0.01399182
   4.4   2.800     -0.00993981
   4.4   2.900      0.00321057
   4.4   3.000      0.00040896
   4.4   3.100      0.00394674
   4.4   3.200      0.00735506

   4.6   1.600      0.00032094
   4.6   1.700      0.00311082
   4.6   1.800      0.00476102
   4.6   1.900      0.00658063
   4.6   2.000      0.00877088
   4.6   2.100      0.02038929
   4.6   2.200      0.02225234
   4.6   2.300      0.01107280
   4.6   2.400      0.00357846
   4.6   2.500     -0.00340508
   4.6   2.600     -0.00762582
   4.6   2.700     -0.01091966
   4.6   2.800     -0.01275876
   4.6   2.900     -0.02764253
   4.6   3.000      0.03010503
   4.6   3.100      0.03273749
   4.6   3.200      0.03492899

   4.8   1.600     -0.00000251
   4.8   1.700      0.00231644
   4.8   1.800      0.00352662
   4.8   1.900      0.00482290
   4.8   2.000      0.00629480
   4.8   2.100      0.01778797
   4.8   2.200      0.02045584
   4.8   2.300      0.02020467
   4.8   2.400      0.01118251
   4.8   2.500      0.00333048
   4.8   2.600     -0.00273615
   4.8   2.700     -0.00740300
   4.8   2.800     -0.01010599
   4.8   2.900     -0.02550052
   4.8   3.000      0.02754204
   4.8   3.100      0.02989479
   4.8   3.200      0.03211341

   5.0   1.600     -0.00017133
   5.0   1.700      0.00170648
   5.0   1.800      0.00260168
   5.0   1.900      0.00354580
   5.0   2.000      0.00457675
   5.0   2.100      0.01538549
   5.0   2.200      0.01782278
   5.0   2.300      0.01972815
   5.0   2.400      0.01792561
   5.0   2.500      0.01028496
   5.0   2.600      0.00411028
   5.0   2.700     -0.00273723
   5.0   2.800     -0.00699195
   5.0   2.900     -0.02279323
   5.0   3.000      0.02434210
   5.0   3.100      0.02632374
   5.0   3.200      0.02847571

   5.2   1.600     -0.00023930
   5.2   1.700      0.00125741
   5.2   1.800      0.00191948
   5.2   1.900      0.00261353
   5.2   2.000      0.00335171
   5.2   2.100      0.01321639
   5.2   2.200      0.01535196
   5.2   2.300      0.01714931
   5.2   2.400      0.01837340
   5.2   2.500      0.01541552
   5.2   2.600      0.01031215
   5.2   2.700      0.00404775
   5.2   2.800     -0.00274437
   5.2   2.900     -0.02000096
   5.2   3.000      0.02103606
   5.2   3.100      0.02254004
   5.2   3.200      0.02443988

   5.4   1.600     -0.00024626
   5.4   1.700      0.00092059
   5.4   1.800      0.00141001
   5.4   1.900      0.00192134
   5.4   2.000      0.00245692
   5.4   2.100      0.01130611
   5.4   2.200      0.01315372
   5.4   2.300      0.01472126
   5.4   2.400      0.01602655
   5.4   2.500      0.01635342
   5.4   2.600      0.01408277
   5.4   2.700      0.00958865
   5.4   2.800      0.00372729
   5.4   2.900     -0.01727937
   5.4   3.000      0.01793916
   5.4   3.100      0.01893154
   5.4   3.200      0.02039934

   5.6   1.600     -0.00022044
   5.6   1.700      0.00066781
   5.6   1.800      0.00102771
   5.6   1.900      0.00140381
   5.6   2.000      0.00179248
   5.6   2.100      0.00964097
   5.6   2.200      0.01123107
   5.6   2.300      0.01256925
   5.6   2.400      0.01372810
   5.6   2.500      0.01451060
   5.6   2.600      0.01464910
   5.6   2.700      0.01261173
   5.6   2.800      0.00886624
   5.6   2.900     -0.01451104
   5.6   3.000      0.01514219
   5.6   3.100      0.01574842
   5.6   3.200      0.01674478

   5.8   1.600     -0.00017914
   5.8   1.700      0.00047968
   5.8   1.800      0.00074201
   5.8   1.900      0.00101690
   5.8   2.000      0.00129796
   5.8   2.100      0.00819973
   5.8   2.200      0.00956324
   5.8   2.300      0.01069632
   5.8   2.400      0.01169539
   5.8   2.500      0.01244231
   5.8   2.600      0.01302509
   5.8   2.700      0.01300067
   5.8   2.800      0.01140886
   5.8   2.900     -0.01144944
   5.8   3.000      0.01252108
   5.8   3.100      0.01303394
   5.8   3.200      0.01364282

   6.0   1.600     -0.00013486
   6.0   1.700      0.00034001
   6.0   1.800      0.00052917
   6.0   1.900      0.00072845
   6.0   2.000      0.00093112
   6.0   2.100      0.00695858
   6.0   2.200      0.00812762
   6.0   2.300      0.00907877
   6.0   2.400      0.00965171
   6.0   2.500      0.01058851
   6.0   2.600      0.01113616
   6.0   2.700      0.01159479
   6.0   2.800      0.01168068
   6.0   2.900     -0.00743010
   6.0   3.000      0.00995445
   6.0   3.100      0.01064608
   6.0   3.200      0.01107462

   7.0   1.600      0.00001976
   7.0   1.700      0.00004846
   7.0   1.800      0.00007764
   7.0   1.900      0.00010944
   7.0   2.000      0.00014220
   7.0   2.100      0.00307522
   7.0   2.200      0.00354306
   7.0   2.300      0.00397988
   7.0   2.400      0.00435004
   7.0   2.500      0.00436392
   7.0   2.600      0.00481923
   7.0   2.700      0.00507329
   7.0   2.800      0.00537715
   7.0   2.900     -0.00046606
   7.0   3.000      0.00054246
   7.0   3.100      0.00062701
   7.0   3.200      0.00083342

   8.0   1.600      0.00004246
   8.0   1.700      0.00000694
   8.0   1.800      0.00000563
   8.0   1.900      0.00000454
   8.0   2.000      0.00000451
   8.0   2.100      0.00131580
   8.0   2.200      0.00150663
   8.0   2.300      0.00168672
   8.0   2.400      0.00184113
   8.0   2.500      0.00196354
   8.0   2.600      0.00198784
   8.0   2.700      0.00213992
   8.0   2.800      0.00228486
   8.0   2.900     -0.00010176
   8.0   3.000      0.00010153
   8.0   3.100      0.00006352
   8.0   3.200      0.00005830

   9.0   1.600      0.00002900
   9.0   1.700      0.00000649
   9.0   1.800      0.00000121
   9.0   1.900     -0.00000420
   9.0   2.000      0.00000830
   9.0   2.100      0.00053133
   9.0   2.200      0.00059859
   9.0   2.300      0.00066262
   9.0   2.400      0.00071840
   9.0   2.500      0.00076404
   9.0   2.600      0.00077128
   9.0   2.700      0.00081800
   9.0   2.800      0.00090331
   9.0   2.900     -0.00004427
   9.0   3.000      0.00003886
   9.0   3.100     -0.00000381
   9.0   3.200     -0.00001092

  10.0   1.600      0.00001295
  10.0   1.700      0.00000604
  10.0   1.800      0.00000187
  10.0   1.900     -0.00000235
  10.0   2.000     -0.00000356
  10.0   2.100      0.00022163
  10.0   2.200      0.00024766
  10.0   2.300      0.00027231
  10.0   2.400      0.00029367
  10.0   2.500      0.00031097
  10.0   2.600      0.00032262
  10.0   2.700      0.00033894
  10.0   2.800      0.00036179
  10.0   2.900     -0.00003207
  10.0   3.000      0.00002520
  10.0   3.100     -0.00000944
  10.0   3.200     -0.00001400

  12.0   1.600      0.00000092
  12.0   1.700      0.00000291
  12.0   1.800      0.00000073
  12.0   1.900     -0.00000142
  12.0   2.000     -0.00000358
  12.0   2.100      0.00004016
  12.0   2.200      0.00004421
  12.0   2.300      0.00004775
  12.0   2.400      0.00005053
  12.0   2.500      0.00005242
  12.0   2.600      0.00005383
  12.0   2.700      0.00005528
  12.0   2.800      0.00005752
  12.0   2.900     -0.00000431
  12.0   3.000      0.00000383
  12.0   3.100     -0.00000336
  12.0   3.200     -0.00000402

  14.0   1.600     -0.00000019
  14.0   1.700      0.00000185
  14.0   1.800      0.00000068
  14.0   1.900     -0.00000048
  14.0   2.000     -0.00000173
  14.0   2.100      0.00000576
  14.0   2.200      0.00000629
  14.0   2.300      0.00000669
  14.0   2.400      0.00000695
  14.0   2.500      0.00000704
  14.0   2.600      0.00000703
  14.0   2.700      0.00000701
  14.0   2.800      0.00000706
  14.0   2.900      0.00000059
  14.0   3.000     -0.00000076
  14.0   3.100     -0.00000093
  14.0   3.200     -0.00000110

  16.0   1.600     -0.00000020
  16.0   1.700      0.00000117
  16.0   1.800      0.00000055
  16.0   1.900     -0.00000007
  16.0   2.000     -0.00000075
  16.0   2.100      0.00000049
  16.0   2.200      0.00000054
  16.0   2.300      0.00000057
  16.0   2.400      0.00000058
  16.0   2.500      0.00000058
  16.0   2.600      0.00000057
  16.0   2.700      0.00000055
  16.0   2.800      0.00000054
  16.0   2.900      0.00000017
  16.0   3.000     -0.00000059
  16.0   3.100     -0.00000035
  16.0   3.200     -0.00000043

  18.0   1.600     -0.00000013
  18.0   1.700      0.00000061
  18.0   1.800      0.00000032
  18.0   1.900      0.00000003
  18.0   2.000     -0.00000031
  18.0   2.100      0.00000002
  18.0   2.200      0.00000003
  18.0   2.300      0.00000003
  18.0   2.400      0.00000003
  18.0   2.500      0.00000003
  18.0   2.600      0.00000003
  18.0   2.700      0.00000003
  18.0   2.800      0.00000002
  18.0   2.900      0.00000005
  18.0   3.000     -0.00000026
  18.0   3.100     -0.00000013
  18.0   3.200     -0.00000016

  20.0   1.600     -0.00000004
  20.0   1.700      0.00000018
  20.0   1.800      0.00000010
  20.0   1.900      0.00000003
  20.0   2.000     -0.00000009
  20.0   2.100      0.00000000
  20.0   2.200      0.00000000
  20.0   2.300      0.00000000
  20.0   2.400      0.00000000
  20.0   2.500      0.00000000
  20.0   2.600      0.00000000
  20.0   2.700      0.00000000
  20.0   2.800      0.00000000
  20.0   2.900      0.00000000
  20.0   3.000     -0.00000002
  20.0   3.100     -0.00000002
  20.0   3.200     -0.00000004

