   0.8   1.600   -110.88952320
   0.8   1.700   -111.18215960
   0.8   1.800   -111.42085550
   0.8   1.900   -111.61818800
   0.8   2.000   -111.77603593
   0.8   2.100   -111.94272260
   0.8   2.200   -112.03755684
   0.8   2.300   -112.18080157
   0.8   2.400   -112.28622215
   0.8   2.500   -112.32919758
   0.8   2.600   -112.41158272
   0.8   2.700   -112.48619900
   0.8   2.800   -112.55141830
   0.8   2.900   -112.60875290
   0.8   3.000   -112.65931660
   0.8   3.100   -112.70610110
   0.8   3.200   -112.74420790

   1.0   1.600   -111.69598490
   1.0   1.700   -111.91162450
   1.0   1.800   -112.07318700
   1.0   1.900   -112.20116650
   1.0   2.000   -112.29654660
   1.0   2.100   -112.38386600
   1.0   2.200   -112.40102780
   1.0   2.300   -112.51785520
   1.0   2.400   -112.57053280
   1.0   2.500   -112.55595633
   1.0   2.600   -112.60166072
   1.0   2.700   -112.64784250
   1.0   2.800   -112.68251120
   1.0   2.900   -112.71555120
   1.0   3.000   -112.74582340
   1.0   3.100   -112.77560814
   1.0   3.200   -112.80158090

   1.2   1.600   -112.22312240
   1.2   1.700   -112.41012990
   1.2   1.800   -112.53656402
   1.2   1.900   -112.63039487
   1.2   2.000   -112.69601006
   1.2   2.100   -112.73776165
   1.2   2.200   -112.73410271
   1.2   2.300   -112.80364386
   1.2   2.400   -112.81733252
   1.2   2.500   -112.79974211
   1.2   2.600   -112.81087113
   1.2   2.700   -112.82508850
   1.2   2.800   -112.82972530
   1.2   2.900   -112.84014530
   1.2   3.000   -112.85117940
   1.2   3.100   -112.86241839
   1.2   3.200   -112.87367970

   1.4   1.600   -112.53703470
   1.4   1.700   -112.71010940
   1.4   1.800   -112.82826300
   1.4   1.900   -112.90752260
   1.4   2.000   -112.95948940
   1.4   2.100   -112.98420122
   1.4   2.200   -112.99054150
   1.4   2.300   -113.00447470
   1.4   2.400   -113.00360400
   1.4   2.500   -112.99885730
   1.4   2.600   -112.98597620
   1.4   2.700   -112.96775340
   1.4   2.800   -112.95507980
   1.4   2.900   -112.94927640
   1.4   3.000   -112.94678930
   1.4   3.100   -112.94583350
   1.4   3.200   -112.94341400

   1.6   1.600   -112.70634520
   1.6   1.700   -112.87601464
   1.6   1.800   -112.99173530
   1.6   1.900   -113.06664959
   1.6   2.000   -113.11335472
   1.6   2.100   -113.13699748
   1.6   2.200   -113.14820413
   1.6   2.300   -113.11985723
   1.6   2.400   -113.12884286
   1.6   2.500   -113.10992366
   1.6   2.600   -113.08863624
   1.6   2.700   -113.06059379
   1.6   2.800   -113.04270531
   1.6   2.900   -113.02809149
   1.6   3.000   -113.01725662
   1.6   3.100   -113.00883241
   1.6   3.200   -112.99850718

   1.8   1.600   -112.78517980
   1.8   1.700   -112.95632490
   1.8   1.800   -113.07075520
   1.8   1.900   -113.14547940
   1.8   2.000   -113.19064760
   1.8   2.100   -113.21523980
   1.8   2.200   -113.22560160
   1.8   2.300   -113.19299260
   1.8   2.400   -113.20235710
   1.8   2.500   -113.16284040
   1.8   2.600   -113.14010390
   1.8   2.700   -113.11627850
   1.8   2.800   -113.09434780
   1.8   2.900   -113.07644200
   1.8   3.000   -113.06159690
   1.8   3.100   -113.04910320
   1.8   3.200   -113.03517130

   2.0   1.600   -112.81820900
   2.0   1.700   -112.98963070
   2.0   1.800   -113.10402480
   2.0   1.900   -113.17866130
   2.0   2.000   -113.22285280
   2.0   2.100   -113.24649540
   2.0   2.200   -113.25174760
   2.0   2.300   -113.24963360
   2.0   2.400   -113.23590782
   2.0   2.500   -113.19699504
   2.0   2.600   -113.17072395
   2.0   2.700   -113.15010563
   2.0   2.800   -113.11840220
   2.0   2.900   -113.09964970
   2.0   3.000   -113.08329400
   2.0   3.100   -113.06894220
   2.0   3.200   -113.05321970

   2.1   1.600   -112.82372650
   2.1   1.700   -112.99505870
   2.1   1.800   -113.10958510
   2.1   1.900   -113.18433980
   2.1   2.000   -113.22807640
   2.1   2.100   -113.25129320
   2.1   2.200   -113.25444620
   2.1   2.300   -113.25281160
   2.1   2.400   -113.24137219
   2.1   2.500   -113.20885824
   2.1   2.600   -113.18080427
   2.1   2.700   -113.16068183
   2.1   2.800   -113.12612313
   2.1   2.900   -113.10636458
   2.1   3.000   -113.08816950
   2.1   3.100   -113.07299040
   2.1   3.200   -113.05690270

   2.2   1.600   -112.82463950
   2.2   1.700   -112.99572360
   2.2   1.800   -113.11031200
   2.2   1.900   -113.18541420
   2.2   2.000   -113.22859960
   2.2   2.100   -113.25127360
   2.2   2.200   -113.25243990
   2.2   2.300   -113.25063360
   2.2   2.400   -113.24125610
   2.2   2.500   -113.21645069
   2.2   2.600   -113.18761728
   2.2   2.700   -113.16753268
   2.2   2.800   -113.13229360
   2.2   2.900   -113.11104367
   2.2   3.000   -113.08950390
   2.2   3.100   -113.07410080
   2.2   3.200   -113.05783680

   2.3   1.600   -112.82236760
   2.3   1.700   -112.99311570
   2.3   1.800   -113.10757940
   2.3   1.900   -113.18311390
   2.3   2.000   -113.22589300
   2.3   2.100   -113.24791440
   2.3   2.200   -113.24760700
   2.3   2.300   -113.24527700
   2.3   2.400   -113.23685780
   2.3   2.500   -113.21917641
   2.3   2.600   -113.19132732
   2.3   2.700   -113.17103285
   2.3   2.800   -113.13683475
   2.3   2.900   -113.11387826
   2.3   3.000   -113.08842310
   2.3   3.100   -113.07288630
   2.3   3.200   -113.05642370

   2.4   1.600   -112.81800180
   2.4   1.700   -112.98832960
   2.4   1.800   -113.10249680
   2.4   1.900   -113.17826650
   2.4   2.000   -113.22110920
   2.4   2.100   -113.24246600
   2.4   2.200   -113.24091330
   2.4   2.300   -113.23796620
   2.4   2.400   -113.22925390
   2.4   2.500   -113.21643940
   2.4   2.600   -113.19209877
   2.4   2.700   -113.17155699
   2.4   2.800   -113.13966776
   2.4   2.900   -113.11505966
   2.4   3.000   -113.08546580
   2.4   3.100   -113.06989320
   2.4   3.200   -113.05361150

   2.5   1.600   -112.81236200
   2.5   1.700   -112.98219740
   2.5   1.800   -113.09593390
   2.5   1.900   -113.17166550
   2.5   2.000   -113.21476810
   2.5   2.100   -113.23582220
   2.5   2.200   -113.23321590
   2.5   2.300   -113.22955640
   2.5   2.400   -113.22062720
   2.5   2.500   -113.20862650
   2.5   2.600   -113.19009600
   2.5   2.700   -113.16947979
   2.5   2.800   -113.14071377
   2.5   2.900   -113.11477915
   2.5   3.000   -113.08120470
   2.5   3.100   -113.06565370
   2.5   3.200   -113.04944350

   2.6   1.600   -112.80604230
   2.6   1.700   -112.97533410
   2.6   1.800   -113.08854500
   2.6   1.900   -113.16404350
   2.6   2.000   -113.20727630
   2.6   2.100   -113.22842030
   2.6   2.200   -113.22526740
   2.6   2.300   -113.22082400
   2.6   2.400   -113.21133130
   2.6   2.500   -113.19918690
   2.6   2.600   -113.18496480
   2.6   2.700   -113.16517590
   2.6   2.800   -113.13989396
   2.6   2.900   -113.11322804
   2.6   3.000   -113.07612450
   2.6   3.100   -113.06052010
   2.6   3.200   -113.04436430

   2.7   1.600   -112.79947750
   2.7   1.700   -112.96818990
   2.7   1.800   -113.08083620
   2.7   1.900   -113.15594950
   2.7   2.000   -113.19913990
   2.7   2.100   -113.22036950
   2.7   2.200   -113.21738960
   2.7   2.300   -113.21201130
   2.7   2.400   -113.20150250
   2.7   2.500   -113.18915400
   2.7   2.600   -113.17568110
   2.7   2.700   -113.15902000
   2.7   2.800   -113.13712946
   2.7   2.900   -113.11059763
   2.7   3.000   -113.07029130
   2.7   3.100   -113.05476940
   2.7   3.200   -113.03865570

   2.8   1.600   -112.79131650
   2.8   1.700   -112.95765310
   2.8   1.800   -113.07313920
   2.8   1.900   -113.14778320
   2.8   2.000   -113.19073960
   2.8   2.100   -113.21193540
   2.8   2.200   -113.20962140
   2.8   2.300   -113.20357810
   2.8   2.400   -113.19197030
   2.8   2.500   -113.17904010
   2.8   2.600   -113.16541760
   2.8   2.700   -113.15114420
   2.8   2.800   -113.13234146
   2.8   2.900   -113.10707920
   2.8   3.000   -113.06443690
   2.8   3.100   -113.04877600
   2.8   3.200   -113.03262000

   2.9   1.600   -112.78347412
   2.9   1.700   -112.94883194
   2.9   1.800   -113.06516669
   2.9   1.900   -113.13987770
   2.9   2.000   -113.18243990
   2.9   2.100   -113.20344330
   2.9   2.200   -113.20194160
   2.9   2.300   -113.19605870
   2.9   2.400   -113.18321070
   2.9   2.500   -113.16933980
   2.9   2.600   -113.15520190
   2.9   2.700   -113.14138350
   2.9   2.800   -113.12545110
   2.9   2.900   -113.10286406
   2.9   3.000   -113.05866940
   2.9   3.100   -113.04275780
   2.9   3.200   -113.02646150

   3.0   1.600   -112.77647813
   3.0   1.700   -112.94248374
   3.0   1.800   -113.05719801
   3.0   1.900   -113.13198237
   3.0   2.000   -113.17501227
   3.0   2.100   -113.19518340
   3.0   2.200   -113.19461200
   3.0   2.300   -113.18876950
   3.0   2.400   -113.17511780
   3.0   2.500   -113.15986080
   3.0   2.600   -113.14528460
   3.0   2.700   -113.13140800
   3.0   2.800   -113.11664210
   3.0   2.900   -113.09814350
   3.0   3.000   -113.05353060
   3.0   3.100   -113.03692050
   3.0   3.200   -113.02032520

   3.1   1.600   -112.77021640
   3.1   1.700   -112.93754192
   3.1   1.800   -113.04970593
   3.1   1.900   -113.12426067
   3.1   2.000   -113.16832590
   3.1   2.100   -113.18742580
   3.1   2.200   -113.18585130
   3.1   2.300   -113.18160710
   3.1   2.400   -113.16800720
   3.1   2.500   -113.15111340
   3.1   2.600   -113.13563570
   3.1   2.700   -113.12140720
   3.1   2.800   -113.10706560
   3.1   2.900   -113.09242420
   3.1   3.000   -113.05053650
   3.1   3.100   -113.03157530
   3.1   3.200   -113.01436520

   3.2   1.600   -112.76505630
   3.2   1.700   -112.93293990
   3.2   1.800   -113.04316327
   3.2   1.900   -113.11702817
   3.2   2.000   -113.16197947
   3.2   2.100   -113.18049361
   3.2   2.200   -113.17901540
   3.2   2.300   -113.17483190
   3.2   2.400   -113.16144810
   3.2   2.500   -113.14346590
   3.2   2.600   -113.12652780
   3.2   2.700   -113.11189700
   3.2   2.800   -113.09757760
   3.2   2.900   -113.08385760
   3.2   3.000   -113.04739399
   3.2   3.100   -113.02739910
   3.2   3.200   -113.00877820

   3.3   1.600   -112.76235960
   3.3   1.700   -112.92843040
   3.3   1.800   -113.03804280
   3.3   1.900   -113.11060046
   3.3   2.000   -113.15557164
   3.3   2.100   -113.17414190
   3.3   2.200   -113.17293790
   3.3   2.300   -113.16860780
   3.3   2.400   -113.15538880
   3.3   2.500   -113.13710720
   3.3   2.600   -113.11830580
   3.3   2.700   -113.10275850
   3.3   2.800   -113.08819560
   3.3   2.900   -113.07469080
   3.3   3.000   -113.04350582
   3.3   3.100   -113.02279076
   3.3   3.200   -113.00392310

   3.4   1.600   -112.76071120
   3.4   1.700   -112.92594410
   3.4   1.800   -113.03465760
   3.4   1.900   -113.10529310
   3.4   2.000   -113.14870110
   3.4   2.100   -113.16826470
   3.4   2.200   -113.16737520
   3.4   2.300   -113.16309990
   3.4   2.400   -113.14988300
   3.4   2.500   -113.13171080
   3.4   2.600   -113.11135860
   3.4   2.700   -113.09421840
   3.4   2.800   -113.07920480
   3.4   2.900   -113.06561740
   3.4   3.000   -113.03901801
   3.4   3.100   -113.01744482
   3.4   3.200   -113.00100420

   3.5   1.600   -112.75958480
   3.5   1.700   -112.92431700
   3.5   1.800   -113.03259870
   3.5   1.900   -113.10142860
   3.5   2.000   -113.14193490
   3.5   2.100   -113.16322190
   3.5   2.200   -113.16266540
   3.5   2.300   -113.15825170
   3.5   2.400   -113.14503950
   3.5   2.500   -113.12693150
   3.5   2.600   -113.10621180
   3.5   2.700   -113.08648770
   3.5   2.800   -113.07067410
   3.5   2.900   -113.05683810
   3.5   3.000   -113.03407658
   3.5   3.100   -113.01157308
   3.5   3.200   -112.99804314

   3.6   1.600   -112.75877790
   3.6   1.700   -112.92314300
   3.6   1.800   -113.03111570
   3.6   1.900   -113.09907720
   3.6   2.000   -113.13819190
   3.6   2.100   -113.15794410
   3.6   2.200   -113.15869900
   3.6   2.300   -113.15407710
   3.6   2.400   -113.14084950
   3.6   2.500   -113.12274860
   3.6   2.600   -113.10203680
   3.6   2.700   -113.08033300
   3.6   2.800   -113.06273900
   3.6   2.900   -113.04846340
   3.6   3.000   -113.02882753
   3.6   3.100   -113.00538734
   3.6   3.200   -112.99451484

   3.7   1.600   -112.75818840
   3.7   1.700   -112.92225980
   3.7   1.800   -113.02997100
   3.7   1.900   -113.09740560
   3.7   2.000   -113.13586790
   3.7   2.100   -113.15431620
   3.7   2.200   -113.15525930
   3.7   2.300   -113.15053600
   3.7   2.400   -113.13725280
   3.7   2.500   -113.11916410
   3.7   2.600   -113.09847160
   3.7   2.700   -113.07627850
   3.7   2.800   -113.05560730
   3.7   2.900   -113.04054610
   3.7   3.000   -113.02341688
   3.7   3.100   -112.99909943
   3.7   3.200   -112.99052759

   3.8   1.600   -112.76102700
   3.8   1.700   -112.92158280
   3.8   1.800   -113.02906300
   3.8   1.900   -113.09612180
   3.8   2.000   -113.13418530
   3.8   2.100   -113.15199040
   3.8   2.200   -113.15270000
   3.8   2.300   -113.14746630
   3.8   2.400   -113.13419900
   3.8   2.500   -113.11609200
   3.8   2.600   -113.09539500
   3.8   2.700   -113.07312410
   3.8   2.800   -113.05043230
   3.8   2.900   -113.03318050
   3.8   3.000   -113.01799064
   3.8   3.100   -112.99292114
   3.8   3.200   -112.98618970

   3.9   1.600   -112.76427400
   3.9   1.700   -112.92106510
   3.9   1.800   -113.02833560
   3.9   1.900   -113.09509950
   3.9   2.000   -113.13287300
   3.9   2.100   -113.15027890
   3.9   2.200   -113.15100490
   3.9   2.300   -113.14493580
   3.9   2.400   -113.13160650
   3.9   2.500   -113.11346930
   3.9   2.600   -113.09272690
   3.9   2.700   -113.07042680
   3.9   2.800   -113.04744720
   3.9   2.900   -113.02664850
   3.9   3.000   -113.01269482
   3.9   3.100   -112.98706428
   3.9   3.200   -112.98160946

   4.0   1.600   -112.76706760
   4.0   1.700   -112.92176730
   4.0   1.800   -113.02775160
   4.0   1.900   -113.09427490
   4.0   2.000   -113.13181250
   4.0   2.100   -113.14892960
   4.0   2.200   -113.14974540
   4.0   2.300   -113.14302830
   4.0   2.400   -113.12942470
   4.0   2.500   -113.11122030
   4.0   2.600   -113.09042400
   4.0   2.700   -113.06809320
   4.0   2.800   -113.04505000
   4.0   2.900   -113.02280070
   4.0   3.000   -113.00767544
   4.0   3.100   -112.98174066
   4.0   3.200   -112.97689519

   4.1   1.600   -112.76946650
   4.1   1.700   -112.92422280
   4.1   1.800   -113.02728750
   4.1   1.900   -113.09360490
   4.1   2.000   -113.13093760
   4.1   2.100   -113.14783610
   4.1   2.200   -113.14872490
   4.1   2.300   -113.14156140
   4.1   2.400   -113.12764820
   4.1   2.500   -113.10930700
   4.1   2.600   -113.08842640
   4.1   2.700   -113.06604380
   4.1   2.800   -113.04297920
   4.1   2.900   -113.02048730
   4.1   3.000   -113.00307850
   4.1   3.100   -112.97716208
   4.1   3.200   -112.97215518

   4.2   1.600   -112.77152220
   4.2   1.700   -112.92633130
   4.2   1.800   -113.02692230
   4.2   1.900   -113.09305430
   4.2   2.000   -113.13021110
   4.2   2.100   -113.14691440
   4.2   2.200   -113.14785570
   4.2   2.300   -113.14036740
   4.2   2.400   -113.12620700
   4.2   2.500   -113.10771700
   4.2   2.600   -113.08669770
   4.2   2.700   -113.06424060
   4.2   2.800   -113.04115810
   4.2   2.900   -113.01857620
   4.2   3.000   -112.99905003
   4.2   3.100   -112.97354036
   4.2   3.200   -112.96749773

   4.4   1.600   -112.77477980
   4.4   1.700   -112.92968120
   4.4   1.800   -113.02856290
   4.4   1.900   -113.09223110
   4.4   2.000   -113.12910580
   4.4   2.100   -113.14549320
   4.4   2.200   -113.14654370
   4.4   2.300   -113.13856440
   4.4   2.400   -113.12400650
   4.4   2.500   -113.10519140
   4.4   2.600   -113.08389580
   4.4   2.700   -113.06125370
   4.4   2.800   -113.03812140
   4.4   2.900   -113.01536800
   4.4   3.000   -112.99328250
   4.4   3.100   -112.97001470
   4.4   3.200   -112.96091133

   4.6   1.600   -112.77713600
   4.6   1.700   -112.93211350
   4.6   1.800   -113.03106860
   4.6   1.900   -113.09168330
   4.6   2.000   -113.12833260
   4.6   2.100   -113.14446360
   4.6   2.200   -113.14549060
   4.6   2.300   -113.13726010
   4.6   2.400   -113.12241540
   4.6   2.500   -113.10333870
   4.6   2.600   -113.08181400
   4.6   2.700   -113.05897500
   4.6   2.800   -113.03571420
   4.6   2.900   -113.01282550
   4.6   3.000   -112.99060030
   4.6   3.100   -112.96890792
   4.6   3.200   -112.95808362

   4.8   1.600   -112.77881610
   4.8   1.700   -112.93385420
   4.8   1.800   -113.03286760
   4.8   1.900   -113.09185550
   4.8   2.000   -113.12777980
   4.8   2.100   -113.14369830
   4.8   2.200   -113.14471560
   4.8   2.300   -113.13624970
   4.8   2.400   -113.12118810
   4.8   2.500   -113.10189970
   4.8   2.600   -113.08012620
   4.8   2.700   -113.05716160
   4.8   2.800   -113.03377830
   4.8   2.900   -113.01077570
   4.8   3.000   -112.98839890
   4.8   3.100   -112.96787730
   4.8   3.200   -112.95730140

   5.0   1.600   -112.77999310
   5.0   1.700   -112.93507830
   5.0   1.800   -113.03413720
   5.0   1.900   -113.09316410
   5.0   2.000   -113.12736640
   5.0   2.100   -113.14310800
   5.0   2.200   -113.14404610
   5.0   2.300   -113.13543520
   5.0   2.400   -113.12019740
   5.0   2.500   -113.10073490
   5.0   2.600   -113.07879970
   5.0   2.700   -113.05564650
   5.0   2.800   -113.03218500
   5.0   2.900   -113.00901560
   5.0   3.000   -112.98656430
   5.0   3.100   -112.96964060
   5.0   3.200   -112.95839780

   5.2   1.600   -112.78080000
   5.2   1.700   -112.93592150
   5.2   1.800   -113.03501560
   5.2   1.900   -113.09407280
   5.2   2.000   -113.12704000
   5.2   2.100   -113.14263190
   5.2   2.200   -113.14351400
   5.2   2.300   -113.13475520
   5.2   2.400   -113.11937100
   5.2   2.500   -113.09976530
   5.2   2.600   -113.07769280
   5.2   2.700   -113.05441410
   5.2   2.800   -113.03084210
   5.2   2.900   -113.00756400
   5.2   3.000   -112.98501230
   5.2   3.100   -112.97096740
   5.2   3.200   -112.95947220

   5.4   1.600   -112.78133850
   5.4   1.700   -112.93648790
   5.4   1.800   -113.03560940
   5.4   1.900   -113.09468980
   5.4   2.000   -113.12676950
   5.4   2.100   -113.14223320
   5.4   2.200   -113.14417097
   5.4   2.300   -113.13554721
   5.4   2.400   -113.12038647
   5.4   2.500   -113.09893480
   5.4   2.600   -113.07674850
   5.4   2.700   -113.05336400
   5.4   2.800   -113.02967510
   5.4   2.900   -113.00632280
   5.4   3.000   -112.98443630
   5.4   3.100   -112.97199570
   5.4   3.200   -112.96035820

   5.6   1.600   -112.78168510
   5.6   1.700   -112.93685630
   5.6   1.800   -113.03599920
   5.6   1.900   -113.09509750
   5.6   2.000   -113.12653730
   5.6   2.100   -113.14541350
   5.6   2.200   -113.14527474
   5.6   2.300   -113.13690862
   5.6   2.400   -113.12212030
   5.6   2.500   -113.09944859
   5.6   2.600   -113.07601317
   5.6   2.700   -113.05244340
   5.6   2.800   -113.02866690
   5.6   2.900   -113.00521560
   5.6   3.000   -112.98519920
   5.6   3.100   -112.97276550
   5.6   3.200   -112.96104440

   5.8   1.600   -112.78189740
   5.8   1.700   -112.93708570
   5.8   1.800   -113.03624560
   5.8   1.900   -113.09535780
   5.8   2.000   -113.12633300
   5.8   2.100   -113.14413070
   5.8   2.200   -113.14553470
   5.8   2.300   -113.13723650
   5.8   2.400   -113.12257340
   5.8   2.500   -113.10077689
   5.8   2.600   -113.07546527
   5.8   2.700   -113.05162740
   5.8   2.800   -113.02777390
   5.8   2.900   -113.00425050
   5.8   3.000   -112.98575900
   5.8   3.100   -112.97332720
   5.8   3.200   -112.96155560

   6.0   1.600   -112.78201750
   6.0   1.700   -112.93721940
   6.0   1.800   -113.03639290
   6.0   1.900   -113.09551600
   6.0   2.000   -113.12621860
   6.0   2.100   -113.14314190
   6.0   2.200   -113.14431080
   6.0   2.300   -113.13573130
   6.0   2.400   -113.12074320
   6.0   2.500   -113.10183480
   6.0   2.600   -113.07506025
   6.0   2.700   -113.05090853
   6.0   2.800   -113.02698130
   6.0   2.900   -113.00339450
   6.0   3.000   -112.98613830
   6.0   3.100   -112.97372850
   6.0   3.200   -112.96192570

   7.0   1.600   -112.78204260
   7.0   1.700   -112.93728040
   7.0   1.800   -113.03648960
   7.0   1.900   -113.09564140
   7.0   2.000   -113.12637410
   7.0   2.100   -113.14067200
   7.0   2.200   -113.14117950
   7.0   2.300   -113.13180870
   7.0   2.400   -113.11587620
   7.0   2.500   -113.09583370
   7.0   2.600   -113.07362020
   7.0   2.700   -113.04845074
   7.0   2.800   -113.02369200
   7.0   2.900   -113.00022410
   7.0   3.000   -112.98576850
   7.0   3.100   -112.97410000
   7.0   3.200   -112.96259500

   8.0   1.600   -112.78190180
   8.0   1.700   -112.93714960
   8.0   1.800   -113.03636870
   8.0   1.900   -113.09552850
   8.0   2.000   -113.12626900
   8.0   2.100   -113.13988760
   8.0   2.200   -113.14012910
   8.0   2.300   -113.13046320
   8.0   2.400   -113.11420670
   8.0   2.500   -113.09376450
   8.0   2.600   -113.07101500
   8.0   2.700   -113.04699460
   8.0   2.800   -113.02222320
   8.0   2.900   -112.99706550
   8.0   3.000   -112.98643590
   8.0   3.100   -112.97439340
   8.0   3.200   -112.96259350

   9.0   1.600   -112.78181300
   9.0   1.700   -112.93706390
   9.0   1.800   -113.03628590
   9.0   1.900   -113.09544810
   9.0   2.000   -113.12619080
   9.0   2.100   -113.13959970
   9.0   2.200   -113.13970120
   9.0   2.300   -113.12989180
   9.0   2.400   -113.11347680
   9.0   2.500   -113.09288720
   9.0   2.600   -113.06988150
   9.0   2.700   -113.04571980
   9.0   2.800   -113.02126870
   9.0   2.900   -112.99806330
   9.0   3.000   -112.98664270
   9.0   3.100   -112.97437120
   9.0   3.200   -112.96252160

  10.0   1.600   -112.78176500
  10.0   1.700   -112.93701700
  10.0   1.800   -113.03624010
  10.0   1.900   -113.09540320
  10.0   2.000   -113.12614670
  10.0   2.100   -113.13947710
  10.0   2.200   -113.13948970
  10.0   2.300   -113.12959210
  10.0   2.400   -113.11309010
  10.0   2.500   -113.09239340
  10.0   2.600   -113.06930670
  10.0   2.700   -113.04506350
  10.0   2.800   -113.02057270
  10.0   2.900   -112.99898280
  10.0   3.000   -112.98662740
  10.0   3.100   -112.97432330
  10.0   3.200   -112.96247040

  12.0   1.600   -112.78172260
  12.0   1.700   -112.93697560
  12.0   1.800   -113.03496490
  12.0   1.900   -113.09536340
  12.0   2.000   -113.12610740
  12.0   2.100   -113.13931020
  12.0   2.200   -113.13923180
  12.0   2.300   -113.12924100
  12.0   2.400   -113.11264300
  12.0   2.500   -113.09186170
  12.0   2.600   -113.06866990
  12.0   2.700   -113.04434020
  12.0   2.800   -113.01977150
  12.0   2.900   -112.99909520
  12.0   3.000   -112.98657970
  12.0   3.100   -112.97427210
  12.0   3.200   -112.96242000

  14.0   1.600   -112.78170590
  14.0   1.700   -112.93695940
  14.0   1.800   -113.03494860
  14.0   1.900   -113.09534800
  14.0   2.000   -113.12609240
  14.0   2.100   -113.13916630
  14.0   2.200   -113.13901070
  14.0   2.300   -113.12894490
  14.0   2.400   -113.11239360
  14.0   2.500   -113.09157260
  14.0   2.600   -113.06830120
  14.0   2.700   -113.04382050
  14.0   2.800   -113.01920210
  14.0   2.900   -112.99907380
  14.0   3.000   -112.98655750
  14.0   3.100   -112.97425020
  14.0   3.200   -112.96239860

  16.0   1.600   -112.78169820
  16.0   1.700   -112.93695190
  16.0   1.800   -113.03494110
  16.0   1.900   -113.09534100
  16.0   2.000   -113.12608550
  16.0   2.100   -113.13918550
  16.0   2.200   -113.13898940
  16.0   2.300   -113.12888390
  16.0   2.400   -113.11217870
  16.0   2.500   -113.09129920
  16.0   2.600   -113.06801750
  16.0   2.700   -113.04360790
  16.0   2.800   -113.01896870
  16.0   2.900   -112.99906240
  16.0   3.000   -112.98654630
  16.0   3.100   -112.97423930
  16.0   3.200   -112.96238790

  18.0   1.600   -112.78169420
  18.0   1.700   -112.93694800
  18.0   1.800   -113.03493720
  18.0   1.900   -113.09533750
  18.0   2.000   -113.12608210
  18.0   2.100   -113.13920580
  18.0   2.200   -113.13898240
  18.0   2.300   -113.12885010
  18.0   2.400   -113.11211890
  18.0   2.500   -113.09121460
  18.0   2.600   -113.06790950
  18.0   2.700   -113.04347790
  18.0   2.800   -113.01881830
  18.0   2.900   -112.99905620
  18.0   3.000   -112.98654010
  18.0   3.100   -112.97423320
  18.0   3.200   -112.96238190

  20.0   1.600   -112.78169200
  20.0   1.700   -112.93694600
  20.0   1.800   -113.03493510
  20.0   1.900   -113.09533560
  20.0   2.000   -113.12608030
  20.0   2.100   -113.13922380
  20.0   2.200   -113.13898100
  20.0   2.300   -113.12882980
  20.0   2.400   -113.11208030
  20.0   2.500   -113.09115840
  20.0   2.600   -113.06783670
  20.0   2.700   -113.04338950
  20.0   2.800   -113.01871560
  20.0   2.900   -112.99905240
  20.0   3.000   -112.98653630
  20.0   3.100   -112.97422950
  20.0   3.200   -112.96237840

  21.0   1.600   -112.78169170
  21.0   1.700   -112.93694645
  21.0   1.800   -113.03493503
  21.0   1.900   -113.09533548
  21.0   2.000   -113.12607985
  21.0   2.100   -113.13922421
  21.0   2.200   -113.13898063
  21.0   2.300   -113.12883020
  21.0   2.400   -113.11208001
  21.0   2.500   -113.09115818
  21.0   2.600   -113.06783682
  21.0   2.700   -113.04338906
  21.0   2.800   -113.01871605
  21.0   2.900   -112.99905193
  21.0   3.000   -112.98653588
  21.0   3.100   -112.97422906
  21.0   3.200   -112.96237866

  22.0   1.600   -112.78171520
  22.0   1.700   -112.93696437
  22.0   1.800   -113.03494704
  22.0   1.900   -113.09534132
  22.0   2.000   -113.12607935
  22.0   2.100   -113.13921728
  22.0   2.200   -113.13896727
  22.0   2.300   -113.12881048
  22.0   2.400   -113.11205409
  22.0   2.500   -113.09112630
  22.0   2.600   -113.06779930
  22.0   2.700   -113.04334629
  22.0   2.800   -113.01866851
  22.0   2.900   -112.99900017
  22.0   3.000   -112.98648053
  22.0   3.100   -112.97417082
  22.0   3.200   -112.96231832

  23.0   1.600   -112.78173640
  23.0   1.700   -112.93698072
  23.0   1.800   -113.03495823
  23.0   1.900   -113.09534713
  23.0   2.000   -113.12607964
  23.0   2.100   -113.13921197
  23.0   2.200   -113.13895636
  23.0   2.300   -113.12879403
  23.0   2.400   -113.11203225
  23.0   2.500   -113.09109926
  23.0   2.600   -113.06776734
  23.0   2.700   -113.04330977
  23.0   2.800   -113.01862783
  23.0   2.900   -112.99895583
  23.0   3.000   -112.98643306
  23.0   3.100   -112.97412084
  23.0   3.200   -112.96226651

  24.0   1.600   -112.78175557
  24.0   1.700   -112.93699563
  24.0   1.800   -113.03496862
  24.0   1.900   -113.09535281
  24.0   2.000   -113.12608047
  24.0   2.100   -113.13920789
  24.0   2.200   -113.13894736
  24.0   2.300   -113.12878019
  24.0   2.400   -113.11201367
  24.0   2.500   -113.09107613
  24.0   2.600   -113.06773991
  24.0   2.700   -113.04327834
  24.0   2.800   -113.01859276
  24.0   2.900   -112.99891753
  24.0   3.000   -112.98639202
  24.0   3.100   -112.97407760
  24.0   3.200   -112.96222166

  25.0   1.600   -112.78177293
  25.0   1.700   -112.93700923
  25.0   1.800   -113.03497824
  25.0   1.900   -113.09535827
  25.0   2.000   -113.12608166
  25.0   2.100   -113.13920475
  25.0   2.200   -113.13893989
  25.0   2.300   -113.12876844
  25.0   2.400   -113.11199775
  25.0   2.500   -113.09105620
  25.0   2.600   -113.06771618
  25.0   2.700   -113.04325108
  25.0   2.800   -113.01856229
  25.0   2.900   -112.99888423
  25.0   3.000   -112.98635630
  25.0   3.100   -112.97403994
  25.0   3.200   -112.96218258

  26.0   1.600   -112.78178869
  26.0   1.700   -112.93702166
  26.0   1.800   -113.03498713
  26.0   1.900   -113.09536348
  26.0   2.000   -113.12608309
  26.0   2.100   -113.13920234
  26.0   2.200   -113.13893364
  26.0   2.300   -113.12875839
  26.0   2.400   -113.11198401
  26.0   2.500   -113.09103891
  26.0   2.600   -113.06769552
  26.0   2.700   -113.04322729
  26.0   2.800   -113.01853566
  26.0   2.900   -112.99885507
  26.0   3.000   -112.98632501
  26.0   3.100   -112.97400692
  26.0   3.200   -112.96214830

  27.0   1.600   -112.78180303
  27.0   1.700   -112.93703303
  27.0   1.800   -113.03499535
  27.0   1.900   -113.09536842
  27.0   2.000   -113.12608465
  27.0   2.100   -113.13920049
  27.0   2.200   -113.13892837
  27.0   2.300   -113.12874974
  27.0   2.400   -113.11197207
  27.0   2.500   -113.09102380
  27.0   2.600   -113.06767742
  27.0   2.700   -113.04320640
  27.0   2.800   -113.01851223
  27.0   2.900   -112.99882941
  27.0   3.000   -112.98629743
  27.0   3.100   -112.97397781
  27.0   3.200   -112.96211806

  28.0   1.600   -112.78181610
  28.0   1.700   -112.93704344
  28.0   1.800   -113.03500295
  28.0   1.900   -113.09537308
  28.0   2.000   -113.12608630
  28.0   2.100   -113.13919908
  28.0   2.200   -113.13892390
  28.0   2.300   -113.12874225
  28.0   2.400   -113.11196163
  28.0   2.500   -113.09101053
  28.0   2.600   -113.06766147
  28.0   2.700   -113.04318796
  28.0   2.800   -113.01849152
  28.0   2.900   -112.99880669
  28.0   3.000   -112.98627300
  28.0   3.100   -112.97395200
  28.0   3.200   -112.96209124

  29.0   1.600   -112.78182804
  29.0   1.700   -112.93705300
  29.0   1.800   -113.03500998
  29.0   1.900   -113.09537747
  29.0   2.000   -113.12608798
  29.0   2.100   -113.13919801
  29.0   2.200   -113.13892009
  29.0   2.300   -113.12873573
  29.0   2.400   -113.11195246
  29.0   2.500   -113.09099881
  29.0   2.600   -113.06764734
  29.0   2.700   -113.04317159
  29.0   2.800   -113.01847312
  29.0   2.900   -112.99878648
  29.0   3.000   -112.98625126
  29.0   3.100   -112.97392902
  29.0   3.200   -112.96206734

  30.0   1.600   -112.78183898
  30.0   1.700   -112.93706179
  30.0   1.800   -113.03501649
  30.0   1.900   -113.09538160
  30.0   2.000   -113.12608966
  30.0   2.100   -113.13919722
  30.0   2.200   -113.13891682
  30.0   2.300   -113.12873001
  30.0   2.400   -113.11194435
  30.0   2.500   -113.09098841
  30.0   2.600   -113.06763477
  30.0   2.700   -113.04315700
  30.0   2.800   -113.01845669
  30.0   2.900   -112.99876843
  30.0   3.000   -112.98623181
  30.0   3.100   -112.97390845
  30.0   3.200   -112.96204595

  31.0   1.600   -112.78184901
  31.0   1.700   -112.93706988
  31.0   1.800   -113.03502251
  31.0   1.900   -113.09538547
  31.0   2.000   -113.12609133
  31.0   2.100   -113.13919664
  31.0   2.200   -113.13891400
  31.0   2.300   -113.12872497
  31.0   2.400   -113.11193716
  31.0   2.500   -113.09097914
  31.0   2.600   -113.06762354
  31.0   2.700   -113.04314394
  31.0   2.800   -113.01844196
  31.0   2.900   -112.99875222
  31.0   3.000   -112.98621435
  31.0   3.100   -112.97388997
  31.0   3.200   -112.96202673

  32.0   1.600   -112.78185824
  32.0   1.700   -112.93707734
  32.0   1.800   -113.03502810
  32.0   1.900   -113.09538911
  32.0   2.000   -113.12609296
  32.0   2.100   -113.13919624
  32.0   2.200   -113.13891155
  32.0   2.300   -113.12872052
  32.0   2.400   -113.11193074
  32.0   2.500   -113.09097084
  32.0   2.600   -113.06761345
  32.0   2.700   -113.04313219
  32.0   2.800   -113.01842870
  32.0   2.900   -112.99873763
  32.0   3.000   -112.98619861
  32.0   3.100   -112.97387331
  32.0   3.200   -112.96200938

  33.0   1.600   -112.78186674
  33.0   1.700   -112.93708423
  33.0   1.800   -113.03503329
  33.0   1.900   -113.09539252
  33.0   2.000   -113.12609454
  33.0   2.100   -113.13919596
  33.0   2.200   -113.13890943
  33.0   2.300   -113.12871656
  33.0   2.400   -113.11192500
  33.0   2.500   -113.09096338
  33.0   2.600   -113.06760436
  33.0   2.700   -113.04312159
  33.0   2.800   -113.01841672
  33.0   2.900   -112.99872443
  33.0   3.000   -112.98618437
  33.0   3.100   -112.97385823
  33.0   3.200   -112.96199368

  34.0   1.600   -112.78187459
  34.0   1.700   -112.93709061
  34.0   1.800   -113.03503811
  34.0   1.900   -113.09539572
  34.0   2.000   -113.12609606
  34.0   2.100   -113.13919580
  34.0   2.200   -113.13890757
  34.0   2.300   -113.12871303
  34.0   2.400   -113.11191984
  34.0   2.500   -113.09095665
  34.0   2.600   -113.06759615
  34.0   2.700   -113.04311199
  34.0   2.800   -113.01840587
  34.0   2.900   -112.99871246
  34.0   3.000   -112.98617144
  34.0   3.100   -112.97384453
  34.0   3.200   -112.96197941

  35.0   1.600   -112.78188185
  35.0   1.700   -112.93709653
  35.0   1.800   -113.03504260
  35.0   1.900   -113.09539872
  35.0   2.000   -113.12609754
  35.0   2.100   -113.13919572
  35.0   2.200   -113.13890594
  35.0   2.300   -113.12870987
  35.0   2.400   -113.11191518
  35.0   2.500   -113.09095056
  35.0   2.600   -113.06758870
  35.0   2.700   -113.04310327
  35.0   2.800   -113.01839599
  35.0   2.900   -112.99870156
  35.0   3.000   -112.98615967
  35.0   3.100   -112.97383205
  35.0   3.200   -112.96196640

  36.0   1.600   -112.78188858
  36.0   1.700   -112.93710202
  36.0   1.800   -113.03504678
  36.0   1.900   -113.09540153
  36.0   2.000   -113.12609895
  36.0   2.100   -113.13919571
  36.0   2.200   -113.13890451
  36.0   2.300   -113.12870703
  36.0   2.400   -113.11191097
  36.0   2.500   -113.09094503
  36.0   2.600   -113.06758191
  36.0   2.700   -113.04309533
  36.0   2.800   -113.01838699
  36.0   2.900   -112.99869161
  36.0   3.000   -112.98614893
  36.0   3.100   -112.97382065
  36.0   3.200   -112.96195452

  37.0   1.600   -112.78189482
  37.0   1.700   -112.93710713
  37.0   1.800   -113.03505069
  37.0   1.900   -113.09540418
  37.0   2.000   -113.12610030
  37.0   2.100   -113.13919576
  37.0   2.200   -113.13890324
  37.0   2.300   -113.12870447
  37.0   2.400   -113.11190715
  37.0   2.500   -113.09093999
  37.0   2.600   -113.06757572
  37.0   2.700   -113.04308807
  37.0   2.800   -113.01837875
  37.0   2.900   -112.99868251
  37.0   3.000   -112.98613908
  37.0   3.100   -112.97381021
  37.0   3.200   -112.96194363

  38.0   1.600   -112.78190063
  38.0   1.700   -112.93711189
  38.0   1.800   -113.03505433
  38.0   1.900   -113.09540666
  38.0   2.000   -113.12610160
  38.0   2.100   -113.13919584
  38.0   2.200   -113.13890212
  38.0   2.300   -113.12870215
  38.0   2.400   -113.11190366
  38.0   2.500   -113.09093539
  38.0   2.600   -113.06757006
  38.0   2.700   -113.04308141
  38.0   2.800   -113.01837120
  38.0   2.900   -112.99867416
  38.0   3.000   -112.98613004
  38.0   3.100   -112.97380061
  38.0   3.200   -112.96193363

  39.0   1.600   -112.78190604
  39.0   1.700   -112.93711633
  39.0   1.800   -113.03505774
  39.0   1.900   -113.09540900
  39.0   2.000   -113.12610283
  39.0   2.100   -113.13919596
  39.0   2.200   -113.13890112
  39.0   2.300   -113.12870005
  39.0   2.400   -113.11190049
  39.0   2.500   -113.09093117
  39.0   2.600   -113.06756486
  39.0   2.700   -113.04307530
  39.0   2.800   -113.01836425
  39.0   2.900   -112.99866647
  39.0   3.000   -112.98612173
  39.0   3.100   -112.97379178
  39.0   3.200   -112.96192441

  40.0   1.600   -112.78191108
  40.0   1.700   -112.93712047
  40.0   1.800   -113.03506094
  40.0   1.900   -113.09541120
  40.0   2.000   -113.12610401
  40.0   2.100   -113.13919611
  40.0   2.200   -113.13890023
  40.0   2.300   -113.12869814
  40.0   2.400   -113.11189757
  40.0   2.500   -113.09092730
  40.0   2.600   -113.06756008
  40.0   2.700   -113.04306968
  40.0   2.800   -113.01835785
  40.0   2.900   -112.99865939
  40.0   3.000   -112.98611405
  40.0   3.100   -112.97378363
  40.0   3.200   -112.96191590

  41.0   1.600   -112.78191579
  41.0   1.700   -112.93712435
  41.0   1.800   -113.03506393
  41.0   1.900   -113.09541328
  41.0   2.000   -113.12610514
  41.0   2.100   -113.13919627
  41.0   2.200   -113.13889944
  41.0   2.300   -113.12869639
  41.0   2.400   -113.11189490
  41.0   2.500   -113.09092374
  41.0   2.600   -113.06755567
  41.0   2.700   -113.04306448
  41.0   2.800   -113.01835194
  41.0   2.900   -112.99865284
  41.0   3.000   -112.98610696
  41.0   3.100   -112.97377609
  41.0   3.200   -112.96190804

  42.0   1.600   -112.78192020
  42.0   1.700   -112.93712798
  42.0   1.800   -113.03506674
  42.0   1.900   -113.09541523
  42.0   2.000   -113.12610621
  42.0   2.100   -113.13919645
  42.0   2.200   -113.13889872
  42.0   2.300   -113.12869480
  42.0   2.400   -113.11189245
  42.0   2.500   -113.09092045
  42.0   2.600   -113.06755160
  42.0   2.700   -113.04305968
  42.0   2.800   -113.01834647
  42.0   2.900   -112.99864678
  42.0   3.000   -112.98610039
  42.0   3.100   -112.97376911
  42.0   3.200   -112.96190074

  43.0   1.600   -112.78192432
  43.0   1.700   -112.93713139
  43.0   1.800   -113.03506938
  43.0   1.900   -113.09541707
  43.0   2.000   -113.12610723
  43.0   2.100   -113.13919664
  43.0   2.200   -113.13889808
  43.0   2.300   -113.12869333
  43.0   2.400   -113.11189018
  43.0   2.500   -113.09091742
  43.0   2.600   -113.06754783
  43.0   2.700   -113.04305523
  43.0   2.800   -113.01834140
  43.0   2.900   -112.99864115
  43.0   3.000   -112.98609429
  43.0   3.100   -112.97376262
  43.0   3.200   -112.96189397

  44.0   1.600   -112.78192819
  44.0   1.700   -112.93713459
  44.0   1.800   -113.03507187
  44.0   1.900   -113.09541881
  44.0   2.000   -113.12610821
  44.0   2.100   -113.13919684
  44.0   2.200   -113.13889751
  44.0   2.300   -113.12869199
  44.0   2.400   -113.11188809
  44.0   2.500   -113.09091460
  44.0   2.600   -113.06754434
  44.0   2.700   -113.04305109
  44.0   2.800   -113.01833669
  44.0   2.900   -112.99863592
  44.0   3.000   -112.98608862
  44.0   3.100   -112.97375659
  44.0   3.200   -112.96188767

  45.0   1.600   -112.78193183
  45.0   1.700   -112.93713759
  45.0   1.800   -113.03507421
  45.0   1.900   -113.09542046
  45.0   2.000   -113.12610914
  45.0   2.100   -113.13919705
  45.0   2.200   -113.13889699
  45.0   2.300   -113.12869075
  45.0   2.400   -113.11188615
  45.0   2.500   -113.09091199
  45.0   2.600   -113.06754109
  45.0   2.700   -113.04304725
  45.0   2.800   -113.01833230
  45.0   2.900   -112.99863105
  45.0   3.000   -112.98608333
  45.0   3.100   -112.97375097
  45.0   3.200   -112.96188179

  46.0   1.600   -112.78193525
  46.0   1.700   -112.93714042
  46.0   1.800   -113.03507641
  46.0   1.900   -113.09542201
  46.0   2.000   -113.12611003
  46.0   2.100   -113.13919726
  46.0   2.200   -113.13889651
  46.0   2.300   -113.12868961
  46.0   2.400   -113.11188435
  46.0   2.500   -113.09090956
  46.0   2.600   -113.06753806
  46.0   2.700   -113.04304367
  46.0   2.800   -113.01832821
  46.0   2.900   -112.99862651
  46.0   3.000   -112.98607840
  46.0   3.100   -112.97374572
  46.0   3.200   -112.96187631

  47.0   1.600   -112.78193847
  47.0   1.700   -112.93714309
  47.0   1.800   -113.03507849
  47.0   1.900   -113.09542348
  47.0   2.000   -113.12611087
  47.0   2.100   -113.13919747
  47.0   2.200   -113.13889609
  47.0   2.300   -113.12868855
  47.0   2.400   -113.11188268
  47.0   2.500   -113.09090730
  47.0   2.600   -113.06753524
  47.0   2.700   -113.04304032
  47.0   2.800   -113.01832439
  47.0   2.900   -112.99862226
  47.0   3.000   -112.98607379
  47.0   3.100   -112.97374082
  47.0   3.200   -112.96187118

  48.0   1.600   -112.78194150
  48.0   1.700   -112.93714561
  48.0   1.800   -113.03508046
  48.0   1.900   -113.09542488
  48.0   2.000   -113.12611168
  48.0   2.100   -113.13919768
  48.0   2.200   -113.13889570
  48.0   2.300   -113.12868757
  48.0   2.400   -113.11188113
  48.0   2.500   -113.09090519
  48.0   2.600   -113.06753260
  48.0   2.700   -113.04303720
  48.0   2.800   -113.01832081
  48.0   2.900   -112.99861829
  48.0   3.000   -112.98606948
  48.0   3.100   -112.97373623
  48.0   3.200   -112.96186638

  49.0   1.600   -112.78194436
  49.0   1.700   -112.93714798
  49.0   1.800   -113.03508232
  49.0   1.900   -113.09542620
  49.0   2.000   -113.12611245
  49.0   2.100   -113.13919788
  49.0   2.200   -113.13889535
  49.0   2.300   -113.12868667
  49.0   2.400   -113.11187968
  49.0   2.500   -113.09090322
  49.0   2.600   -113.06753014
  49.0   2.700   -113.04303427
  49.0   2.800   -113.01831747
  49.0   2.900   -112.99861457
  49.0   3.000   -112.98606544
  49.0   3.100   -112.97373192
  49.0   3.200   -112.96186187

  50.0   1.600   -112.78194706
  50.0   1.700   -112.93715023
  50.0   1.800   -113.03508408
  50.0   1.900   -113.09542746
  50.0   2.000   -113.12611318
  50.0   2.100   -113.13919809
  50.0   2.200   -113.13889502
  50.0   2.300   -113.12868582
  50.0   2.400   -113.11187832
  50.0   2.500   -113.09090138
  50.0   2.600   -113.06752783
  50.0   2.700   -113.04303153
  50.0   2.800   -113.01831433
  50.0   2.900   -112.99861108
  50.0   3.000   -112.98606164
  50.0   3.100   -112.97372788
  50.0   3.200   -112.96185764

