   0.8   1.600   -110.31144830
   0.8   1.700   -110.54538640
   0.8   1.800   -110.81698210
   0.8   1.900   -111.05210580
   0.8   2.000   -111.37020029
   0.8   2.100   -111.63914040
   0.8   2.200   -111.76079098
   0.8   2.300   -111.88202029
   0.8   2.400   -111.99466148
   0.8   2.500   -112.08161763
   0.8   2.600   -112.18544396
   0.8   2.700   -112.26497120
   0.8   2.800   -112.34802710
   0.8   2.900   -112.42154320
   0.8   3.000   -112.48727470
   0.8   3.100   -112.54770436
   0.8   3.200   -112.59752160

   1.0   1.600   -111.13521970
   1.0   1.700   -111.29441590
   1.0   1.800   -111.48955530
   1.0   1.900   -111.73189770
   1.0   2.000   -111.99104760
   1.0   2.100   -111.97598070
   1.0   2.200   -112.17283970
   1.0   2.300   -112.20434170
   1.0   2.400   -112.28423780
   1.0   2.500   -112.31406179
   1.0   2.600   -112.37302517
   1.0   2.700   -112.44588740
   1.0   2.800   -112.50259270
   1.0   2.900   -112.55271790
   1.0   3.000   -112.59798950
   1.0   3.100   -112.63977664
   1.0   3.200   -112.67453420

   1.2   1.600   -111.67760770
   1.2   1.700   -111.79805010
   1.2   1.800   -112.01375396
   1.2   1.900   -112.20377898
   1.2   2.000   -112.36231915
   1.2   2.100   -112.38525909
   1.2   2.200   -112.53526530
   1.2   2.300   -112.48846712
   1.2   2.400   -112.54492833
   1.2   2.500   -112.55862263
   1.2   2.600   -112.57891550
   1.2   2.700   -112.63259560
   1.2   2.800   -112.66929590
   1.2   2.900   -112.69962140
   1.2   3.000   -112.72643060
   1.2   3.100   -112.74993253
   1.2   3.200   -112.77867801

   1.4   1.600   -112.00513930
   1.4   1.700   -112.21712460
   1.4   1.800   -112.36792990
   1.4   1.900   -112.47649070
   1.4   2.000   -112.55680270
   1.4   2.100   -112.64307876
   1.4   2.200   -112.74861060
   1.4   2.300   -112.72739050
   1.4   2.400   -112.74725520
   1.4   2.500   -112.76248050
   1.4   2.600   -112.75984440
   1.4   2.700   -112.79022450
   1.4   2.800   -112.81223910
   1.4   2.900   -112.82876020
   1.4   3.000   -112.84261570
   1.4   3.100   -112.85477860
   1.4   3.200   -112.87857180

   1.6   1.600   -112.19337592
   1.6   1.700   -112.41484395
   1.6   1.800   -112.54913263
   1.6   1.900   -112.64166820
   1.6   2.000   -112.70681497
   1.6   2.100   -112.77206194
   1.6   2.200   -112.85124103
   1.6   2.300   -112.87352563
   1.6   2.400   -112.88293705
   1.6   2.500   -112.88785518
   1.6   2.600   -112.88316991
   1.6   2.700   -112.90161235
   1.6   2.800   -112.91541249
   1.6   2.900   -112.92389217
   1.6   3.000   -112.93001395
   1.6   3.100   -112.93511931
   1.6   3.200   -112.94646644

   1.8   1.600   -112.29853940
   1.8   1.700   -112.46831580
   1.8   1.800   -112.62520420
   1.8   1.900   -112.73485130
   1.8   2.000   -112.81301220
   1.8   2.100   -112.86901870
   1.8   2.200   -112.90720420
   1.8   2.300   -112.94554060
   1.8   2.400   -112.96314892
   1.8   2.500   -112.95712410
   1.8   2.600   -112.95876440
   1.8   2.700   -112.97284250
   1.8   2.800   -112.98096000
   1.8   2.900   -112.98531610
   1.8   3.000   -112.98750090
   1.8   3.100   -112.98855060
   1.8   3.200   -112.98880910

   2.0   1.600   -112.36277660
   2.0   1.700   -112.50302090
   2.0   1.800   -112.66423970
   2.0   1.900   -112.77788280
   2.0   2.000   -112.85827710
   2.0   2.100   -112.91545790
   2.0   2.200   -112.95679470
   2.0   2.300   -112.98297850
   2.0   2.400   -113.00392999
   2.0   2.500   -113.00141637
   2.0   2.600   -113.00448137
   2.0   2.700   -113.01425710
   2.0   2.800   -113.01575880
   2.0   2.900   -113.01807000
   2.0   3.000   -113.01837560
   2.0   3.100   -113.01774220
   2.0   3.200   -113.01628900

   2.1   1.600   -112.38243060
   2.1   1.700   -112.51482980
   2.1   1.800   -112.67210920
   2.1   1.900   -112.78745250
   2.1   2.000   -112.86916200
   2.1   2.100   -112.92720900
   2.1   2.200   -112.96925320
   2.1   2.300   -112.99726210
   2.1   2.400   -113.01454621
   2.1   2.500   -113.01645744
   2.1   2.600   -113.01857116
   2.1   2.700   -113.02592496
   2.1   2.800   -113.02506656
   2.1   2.900   -113.02672147
   2.1   3.000   -113.02613840
   2.1   3.100   -113.02508990
   2.1   3.200   -113.02324220

   2.2   1.600   -112.39721810
   2.2   1.700   -112.52949670
   2.2   1.800   -112.67757660
   2.2   1.900   -112.79135340
   2.2   2.000   -112.87444030
   2.2   2.100   -112.93344060
   2.2   2.200   -112.97591980
   2.2   2.300   -113.00470140
   2.2   2.400   -113.02131940
   2.2   2.500   -113.02671021
   2.2   2.600   -113.02758454
   2.2   2.700   -113.03252495
   2.2   2.800   -113.03018152
   2.2   2.900   -113.03131551
   2.2   3.000   -113.02987260
   2.2   3.100   -113.02860690
   2.2   3.200   -113.02655820

   2.3   1.600   -112.40842880
   2.3   1.700   -112.54545850
   2.3   1.800   -112.68531980
   2.3   1.900   -112.79228760
   2.3   2.000   -112.87514830
   2.3   2.100   -112.93529870
   2.3   2.200   -112.97815900
   2.3   2.300   -113.00718100
   2.3   2.400   -113.02519490
   2.3   2.500   -113.03213599
   2.3   2.600   -113.03209853
   2.3   2.700   -113.03477587
   2.3   2.800   -113.03163794
   2.3   2.900   -113.03234133
   2.3   3.000   -113.03035060
   2.3   3.100   -113.02896930
   2.3   3.200   -113.02684360

   2.4   1.600   -112.41687160
   2.4   1.700   -112.56087710
   2.4   1.800   -112.69527700
   2.4   1.900   -112.79465050
   2.4   2.000   -112.87274030
   2.4   2.100   -112.93361830
   2.4   2.200   -112.97686010
   2.4   2.300   -113.00623540
   2.4   2.400   -113.02429030
   2.4   2.500   -113.03269610
   2.4   2.600   -113.03269017
   2.4   2.700   -113.03339652
   2.4   2.800   -113.02997008
   2.4   2.900   -113.03028811
   2.4   3.000   -113.02820450
   2.4   3.100   -113.02679010
   2.4   3.200   -113.02469020

   2.5   1.600   -112.42313850
   2.5   1.700   -112.57485740
   2.5   1.800   -112.70574520
   2.5   1.900   -112.79969210
   2.5   2.000   -112.87066720
   2.5   2.100   -112.92899830
   2.5   2.200   -112.97316420
   2.5   2.300   -113.00260690
   2.5   2.400   -113.02061000
   2.5   2.500   -113.02889050
   2.5   2.600   -113.02993650
   2.5   2.700   -113.02910572
   2.5   2.800   -113.02571219
   2.5   2.900   -113.02564507
   2.5   3.000   -113.02398220
   2.5   3.100   -113.02260340
   2.5   3.200   -113.02058410

   2.6   1.600   -112.42766630
   2.6   1.700   -112.58706730
   2.6   1.800   -112.71557940
   2.6   1.900   -112.80599520
   2.6   2.000   -112.87149460
   2.6   2.100   -112.92331570
   2.6   2.200   -112.96715750
   2.6   2.300   -112.99726750
   2.6   2.400   -113.01501370
   2.6   2.500   -113.02293650
   2.6   2.600   -113.02440080
   2.6   2.700   -113.02262228
   2.6   2.800   -113.01939854
   2.6   2.900   -113.01890140
   2.6   3.000   -113.01822320
   2.6   3.100   -113.01686140
   2.6   3.200   -113.01495740

   2.7   1.600   -112.43080770
   2.7   1.700   -112.59745260
   2.7   1.800   -112.72420300
   2.7   1.900   -112.81228360
   2.7   2.000   -112.87428580
   2.7   2.100   -112.92023200
   2.7   2.200   -112.95936730
   2.7   2.300   -112.99035610
   2.7   2.400   -113.00835680
   2.7   2.500   -113.01584460
   2.7   2.600   -113.01681070
   2.7   2.700   -113.01466500
   2.7   2.800   -113.01156336
   2.7   2.900   -113.01054630
   2.7   3.000   -113.01122600
   2.7   3.100   -113.00994130
   2.7   3.200   -113.00817960

   2.8   1.600   -112.43387420
   2.8   1.700   -112.61096890
   2.8   1.800   -112.73140760
   2.8   1.900   -112.81783470
   2.8   2.000   -112.87763050
   2.8   2.100   -112.91978060
   2.8   2.200   -112.95257070
   2.8   2.300   -112.98202380
   2.8   2.400   -113.00082730
   2.8   2.500   -113.00811920
   2.8   2.600   -113.00853510
   2.8   2.700   -113.00594470
   2.8   2.800   -113.00274093
   2.8   2.900   -113.00106896
   2.8   3.000   -113.00329940
   2.8   3.100   -113.00214220
   2.8   3.200   -113.00054800

   2.9   1.600   -112.42740475
   2.9   1.700   -112.61677508
   2.9   1.800   -112.73454614
   2.9   1.900   -112.82226700
   2.9   2.000   -112.88061570
   2.9   2.100   -112.92044140
   2.9   2.200   -112.94894970
   2.9   2.300   -112.97247770
   2.9   2.400   -112.99240810
   2.9   2.500   -113.00000820
   2.9   2.600   -113.00016250
   2.9   2.700   -112.99705530
   2.9   2.800   -112.99346550
   2.9   2.900   -112.99095860
   2.9   3.000   -112.99466280
   2.9   3.100   -112.99369800
   2.9   3.200   -112.99230210

   3.0   1.600   -112.41720416
   3.0   1.700   -112.61581551
   3.0   1.800   -112.73447894
   3.0   1.900   -112.82275246
   3.0   2.000   -112.88491116
   3.0   2.100   -112.92112980
   3.0   2.200   -112.94697430
   3.0   2.300   -112.96558770
   3.0   2.400   -112.98317690
   3.0   2.500   -112.99187370
   3.0   2.600   -112.99173210
   3.0   2.700   -112.98825710
   3.0   2.800   -112.98423100
   3.0   2.900   -112.98070440
   3.0   3.000   -112.98537420
   3.0   3.100   -112.98476990
   3.0   3.200   -112.98363780

   3.1   1.600   -112.41395990
   3.1   1.700   -112.61342228
   3.1   1.800   -112.73318630
   3.1   1.900   -112.82013252
   3.1   2.000   -112.88916810
   3.1   2.100   -112.92122610
   3.1   2.200   -112.94597920
   3.1   2.300   -112.96128670
   3.1   2.400   -112.97365780
   3.1   2.500   -112.98364590
   3.1   2.600   -112.98353120
   3.1   2.700   -112.97973770
   3.1   2.800   -112.97533130
   3.1   2.900   -112.97085910
   3.1   3.000   -112.97499390
   3.1   3.100   -112.97539320
   3.1   3.200   -112.97467190

   3.2   1.600   -112.42316290
   3.2   1.700   -112.61492750
   3.2   1.800   -112.73264855
   3.2   1.900   -112.81641207
   3.2   2.000   -112.89105118
   3.2   2.100   -112.91870448
   3.2   2.200   -112.94425590
   3.2   2.300   -112.95787410
   3.2   2.400   -112.96696380
   3.2   2.500   -112.97490300
   3.2   2.600   -112.97559620
   3.2   2.700   -112.97152100
   3.2   2.800   -112.96682740
   3.2   2.900   -112.96193250
   3.2   3.000   -112.96487183
   3.2   3.100   -112.96535850
   3.2   3.200   -112.96544060

   3.3   1.600   -112.43337330
   3.3   1.700   -112.62295100
   3.3   1.800   -112.73484600
   3.3   1.900   -112.81359597
   3.3   2.000   -112.88822509
   3.3   2.100   -112.91606640
   3.3   2.200   -112.94177973
   3.3   2.300   -112.95437050
   3.3   2.400   -112.96170300
   3.3   2.500   -112.96622880
   3.3   2.600   -112.96801730
   3.3   2.700   -112.96362410
   3.3   2.800   -112.95864030
   3.3   2.900   -112.95348950
   3.3   3.000   -112.95537379
   3.3   3.100   -112.95522769
   3.3   3.200   -112.95582290

   3.4   1.600   -112.44275640
   3.4   1.700   -112.63130680
   3.4   1.800   -112.74069800
   3.4   1.900   -112.81368910
   3.4   2.000   -112.87835450
   3.4   2.100   -112.91520550
   3.4   2.200   -112.93839640
   3.4   2.300   -112.95035610
   3.4   2.400   -112.95672440
   3.4   2.500   -112.95947690
   3.4   2.600   -112.96053500
   3.4   2.700   -112.95617550
   3.4   2.800   -112.95081830
   3.4   2.900   -112.94547110
   3.4   3.000   -112.94646453
   3.4   3.100   -112.94523914
   3.4   3.200   -112.94510530

   3.5   1.600   -112.45108520
   3.5   1.700   -112.63895120
   3.5   1.800   -112.74747180
   3.5   1.900   -112.81771600
   3.5   2.000   -112.86517520
   3.5   2.100   -112.91000200
   3.5   2.200   -112.93395940
   3.5   2.300   -112.94569350
   3.5   2.400   -112.95153670
   3.5   2.500   -112.95338510
   3.5   2.600   -112.95292620
   3.5   2.700   -112.94937420
   3.5   2.800   -112.94340020
   3.5   2.900   -112.93783690
   3.5   3.000   -112.93810879
   3.5   3.100   -112.93548502
   3.5   3.200   -112.93483469

   3.6   1.600   -112.45839100
   3.6   1.700   -112.64573950
   3.6   1.800   -112.75385160
   3.6   1.900   -112.82318910
   3.6   2.000   -112.86647580
   3.6   2.100   -112.89796640
   3.6   2.200   -112.92792260
   3.6   2.300   -112.94028330
   3.6   2.400   -112.94598690
   3.6   2.500   -112.94740080
   3.6   2.600   -112.94616830
   3.6   2.700   -112.94351190
   3.6   2.800   -112.93647020
   3.6   2.900   -112.93057290
   3.6   3.000   -112.93027131
   3.6   3.100   -112.92605750
   3.6   3.200   -112.92542424

   3.7   1.600   -112.46476250
   3.7   1.700   -112.65169920
   3.7   1.800   -112.75958460
   3.7   1.900   -112.82849570
   3.7   2.000   -112.87036720
   3.7   2.100   -112.89561730
   3.7   2.200   -112.91839830
   3.7   2.300   -112.93387480
   3.7   2.400   -112.94001790
   3.7   2.500   -112.94132380
   3.7   2.600   -112.93973100
   3.7   2.700   -112.93670660
   3.7   2.800   -112.93030770
   3.7   2.900   -112.92369610
   3.7   3.000   -112.92291682
   3.7   3.100   -112.91704874
   3.7   3.200   -112.91681041

   3.8   1.600   -112.47029440
   3.8   1.700   -112.65689900
   3.8   1.800   -112.76464820
   3.8   1.900   -112.83331350
   3.8   2.000   -112.87451580
   3.8   2.100   -112.89762470
   3.8   2.200   -112.91280260
   3.8   2.300   -112.92619120
   3.8   2.400   -112.93358760
   3.8   2.500   -112.93511550
   3.8   2.600   -112.93341980
   3.8   2.700   -112.93016890
   3.8   2.800   -112.92600270
   3.8   2.900   -112.91725670
   3.8   3.000   -112.91601007
   3.8   3.100   -112.90855093
   3.8   3.200   -112.90892964

   3.9   1.600   -112.47508160
   3.9   1.700   -112.66141760
   3.9   1.800   -112.76908170
   3.9   1.900   -112.83758820
   3.9   2.000   -112.87840970
   3.9   2.100   -112.90051240
   3.9   2.200   -112.91239300
   3.9   2.300   -112.92016810
   3.9   2.400   -112.92692960
   3.9   2.500   -112.92884980
   3.9   2.600   -112.92721330
   3.9   2.700   -112.92386140
   3.9   2.800   -112.91972960
   3.9   2.900   -112.91159760
   3.9   3.000   -112.90951578
   3.9   3.100   -112.90065623
   3.9   3.200   -112.90171837

   4.0   1.600   -112.47921330
   4.0   1.700   -112.66533070
   4.0   1.800   -112.77294300
   4.0   1.900   -112.84133780
   4.0   2.000   -112.88191850
   4.0   2.100   -112.90345900
   4.0   2.200   -112.91368530
   4.0   2.300   -112.91790000
   4.0   2.400   -112.92139470
   4.0   2.500   -112.92284250
   4.0   2.600   -112.92119510
   4.0   2.700   -112.91777070
   4.0   2.800   -112.91357790
   4.0   2.900   -112.90869190
   4.0   3.000   -112.90339871
   4.0   3.100   -112.89345681
   4.0   3.200   -112.89511305

   4.1   1.600   -112.48277250
   4.1   1.700   -112.66870890
   4.1   1.800   -112.77629150
   4.1   1.900   -112.84460330
   4.1   2.000   -112.88502370
   4.1   2.100   -112.90621560
   4.1   2.200   -112.91548670
   4.1   2.300   -112.91772280
   4.1   2.400   -112.91814230
   4.1   2.500   -112.91780930
   4.1   2.600   -112.91564400
   4.1   2.700   -112.91200240
   4.1   2.800   -112.90767450
   4.1   2.900   -112.90294230
   4.1   3.000   -112.89762359
   4.1   3.100   -112.88704483
   4.1   3.200   -112.88905012

   4.2   1.600   -112.48583100
   4.2   1.700   -112.67161850
   4.2   1.800   -112.77918130
   4.2   1.900   -112.84743570
   4.2   2.000   -112.88773800
   4.2   2.100   -112.90870440
   4.2   2.200   -112.91734840
   4.2   2.300   -112.91843440
   4.2   2.400   -112.91672680
   4.2   2.500   -112.91429220
   4.2   2.600   -112.91097280
   4.2   2.700   -112.90676640
   4.2   2.800   -112.90212240
   4.2   2.900   -112.89727240
   4.2   3.000   -112.89215515
   4.2   3.100   -112.88151248
   4.2   3.200   -112.88346604

   4.4   1.600   -112.49067970
   4.4   1.700   -112.67625130
   4.4   1.800   -112.78379660
   4.4   1.900   -112.85198680
   4.4   2.000   -112.89213660
   4.4   2.100   -112.91281210
   4.4   2.200   -112.92075070
   4.4   2.300   -112.92061240
   4.4   2.400   -112.91656480
   4.4   2.500   -112.91104710
   4.4   2.600   -112.90504620
   4.4   2.700   -112.89885920
   4.4   2.800   -112.89280070
   4.4   2.900   -112.88706900
   4.4   3.000   -112.88199730
   4.4   3.100   -112.87345530
   4.4   3.200   -112.87348017

   4.6   1.600   -112.49416560
   4.6   1.700   -112.67960920
   4.6   1.800   -112.78716210
   4.6   1.900   -112.85532150
   4.6   2.000   -112.89538400
   4.6   2.100   -112.91589880
   4.6   2.200   -112.92347460
   4.6   2.300   -112.92271780
   4.6   2.400   -112.91755470
   4.6   2.500   -112.91040530
   4.6   2.600   -112.90252680
   4.6   2.700   -112.89449090
   4.6   2.800   -112.88668880
   4.6   2.900   -112.87940340
   4.6   3.000   -112.87307240
   4.6   3.100   -112.86659786
   4.6   3.200   -112.86464700

   4.8   1.600   -112.49663520
   4.8   1.700   -112.68200320
   4.8   1.800   -112.78957660
   4.8   1.900   -112.85771980
   4.8   2.000   -112.89773120
   4.8   2.100   -112.91815200
   4.8   2.200   -112.92549840
   4.8   2.300   -112.92440980
   4.8   2.400   -112.91864430
   4.8   2.500   -112.91060690
   4.8   2.600   -112.90163830
   4.8   2.700   -112.89238690
   4.8   2.800   -112.88327920
   4.8   2.900   -112.87459430
   4.8   3.000   -112.86676190
   4.8   3.100   -112.86026820
   4.8   3.200   -112.85645810

   5.0   1.600   -112.49835650
   5.0   1.700   -112.68367730
   5.0   1.800   -112.79127460
   5.0   1.900   -112.85940840
   5.0   2.000   -112.89939250
   5.0   2.100   -112.91975680
   5.0   2.200   -112.92696830
   5.0   2.300   -112.92567020
   5.0   2.400   -112.91955110
   5.0   2.500   -112.91099770
   5.0   2.600   -112.90138050
   5.0   2.700   -112.89139760
   5.0   2.800   -112.88146380
   5.0   2.900   -112.87185050
   5.0   3.000   -112.86289130
   5.0   3.100   -112.85496390
   5.0   3.200   -112.84903760

   5.2   1.600   -112.49953130
   5.2   1.700   -112.68481940
   5.2   1.800   -112.79244030
   5.2   1.900   -112.86057010
   5.2   2.000   -112.90054200
   5.2   2.100   -112.92087190
   5.2   2.200   -112.92799140
   5.2   2.300   -112.92657240
   5.2   2.400   -112.92023370
   5.2   2.500   -112.91135530
   5.2   2.600   -112.90134080
   5.2   2.700   -112.89090650
   5.2   2.800   -112.88046740
   5.2   2.900   -112.87028500
   5.2   3.000   -112.86062700
   5.2   3.100   -112.85175590
   5.2   3.200   -112.84422900

   5.4   1.600   -112.50031130
   5.4   1.700   -112.68557450
   5.4   1.800   -112.79321760
   5.4   1.900   -112.86134730
   5.4   2.000   -112.90131590
   5.4   2.100   -112.92162600
   5.4   2.200   -112.92868055
   5.4   2.300   -112.92717922
   5.4   2.400   -112.92069588
   5.4   2.500   -112.91162170
   5.4   2.600   -112.90135820
   5.4   2.700   -112.89063780
   5.4   2.800   -112.87987510
   5.4   2.900   -112.86935260
   5.4   3.000   -112.85927800
   5.4   3.100   -112.84985630
   5.4   3.200   -112.84141000

   5.6   1.600   -112.50081050
   5.6   1.700   -112.68605370
   5.6   1.800   -112.79371700
   5.6   1.900   -112.86184960
   5.6   2.000   -112.90182000
   5.6   2.100   -112.92209790
   5.6   2.200   -112.92912298
   5.6   2.300   -112.92756279
   5.6   2.400   -112.92098598
   5.6   2.500   -112.91179025
   5.6   2.600   -112.90136547
   5.6   2.700   -112.89046120
   5.6   2.800   -112.87949990
   5.6   2.900   -112.86875380
   5.6   3.000   -112.85843500
   5.6   3.100   -112.84869800
   5.6   3.200   -112.83975610

   5.8   1.600   -112.50111360
   5.8   1.700   -112.68634020
   5.8   1.800   -112.79402170
   5.8   1.900   -112.86215910
   5.8   2.000   -112.90213440
   5.8   2.100   -112.92241660
   5.8   2.200   -112.92939740
   5.8   2.300   -112.92779960
   5.8   2.400   -112.92116380
   5.8   2.500   -112.91188154
   5.8   2.600   -112.90135411
   5.8   2.700   -112.89032930
   5.8   2.800   -112.87923820
   5.8   2.900   -112.86835390
   5.8   3.000   -112.85787670
   5.8   3.100   -112.84795930
   5.8   3.200   -112.83874830

   6.0   1.600   -112.50128300
   6.0   1.700   -112.68649570
   6.0   1.800   -112.79419320
   6.0   1.900   -112.86233660
   6.0   2.000   -112.90231840
   6.0   2.100   -112.92260560
   6.0   2.200   -112.92957250
   6.0   2.300   -112.92795430
   6.0   2.400   -112.92127910
   6.0   2.500   -112.91192180
   6.0   2.600   -112.90132759
   6.0   2.700   -112.89021621
   6.0   2.800   -112.87904260
   6.0   2.900   -112.86806820
   6.0   3.000   -112.85749400
   6.0   3.100   -112.84746590
   6.0   3.200   -112.83810500

   7.0   1.600   -112.50130600
   7.0   1.700   -112.68647570
   7.0   1.800   -112.79422380
   7.0   1.900   -112.86239470
   7.0   2.000   -112.90240710
   7.0   2.100   -112.92271820
   7.0   2.200   -112.92967260
   7.0   2.300   -112.92802950
   7.0   2.400   -112.92129150
   7.0   2.500   -112.91183440
   7.0   2.600   -112.90108780
   7.0   2.700   -112.88982398
   7.0   2.800   -112.87850560
   7.0   2.900   -112.86737650
   7.0   3.000   -112.85664110
   7.0   3.100   -112.84644430
   7.0   3.200   -112.83688410

   8.0   1.600   -112.50109940
   8.0   1.700   -112.68625120
   8.0   1.800   -112.79401650
   8.0   1.900   -112.86220010
   8.0   2.000   -112.90222680
   8.0   2.100   -112.92255050
   8.0   2.200   -112.92951190
   8.0   2.300   -112.92787330
   8.0   2.400   -112.92113290
   8.0   2.500   -112.91166590
   8.0   2.600   -112.90090350
   8.0   2.700   -112.88963010
   8.0   2.800   -112.87828080
   8.0   2.900   -112.86713000
   8.0   3.000   -112.85637350
   8.0   3.100   -112.84615580
   8.0   3.200   -112.83657500

   9.0   1.600   -112.50096990
   9.0   1.700   -112.68611400
   9.0   1.800   -112.79388500
   9.0   1.900   -112.86207350
   9.0   2.000   -112.90210570
   9.0   2.100   -112.92243490
   9.0   2.200   -112.92940130
   9.0   2.300   -112.92776710
   9.0   2.400   -112.92102970
   9.0   2.500   -112.91156410
   9.0   2.600   -112.90080190
   9.0   2.700   -112.88952760
   9.0   2.800   -112.87817670
   9.0   2.900   -112.86702370
   9.0   3.000   -112.85626510
   9.0   3.100   -112.84604460
   9.0   3.200   -112.83646080

  10.0   1.600   -112.50089970
  10.0   1.700   -112.68603980
  10.0   1.800   -112.79381280
  10.0   1.900   -112.86200350
  10.0   2.000   -112.90203800
  10.0   2.100   -112.92236970
  10.0   2.200   -112.92933860
  10.0   2.300   -112.92770690
  10.0   2.400   -112.92097170
  10.0   2.500   -112.91150800
  10.0   2.600   -112.90074710
  10.0   2.700   -112.88947380
  10.0   2.800   -112.87812360
  10.0   2.900   -112.86697100
  10.0   3.000   -112.85621240
  10.0   3.100   -112.84599170
  10.0   3.200   -112.83640720

  12.0   1.600   -112.50083750
  12.0   1.700   -112.68597350
  12.0   1.800   -112.79267410
  12.0   1.900   -112.86194010
  12.0   2.000   -112.90197630
  12.0   2.100   -112.92231000
  12.0   2.200   -112.92928120
  12.0   2.300   -112.92765190
  12.0   2.400   -112.92091890
  12.0   2.500   -112.91145720
  12.0   2.600   -112.90069800
  12.0   2.700   -112.88942610
  12.0   2.800   -112.87807700
  12.0   2.900   -112.86692520
  12.0   3.000   -112.85616710
  12.0   3.100   -112.84594630
  12.0   3.200   -112.83636120

  14.0   1.600   -112.50081270
  14.0   1.700   -112.68594710
  14.0   1.800   -112.79264630
  14.0   1.900   -112.86191450
  14.0   2.000   -112.90195150
  14.0   2.100   -112.92228590
  14.0   2.200   -112.92925800
  14.0   2.300   -112.92762960
  14.0   2.400   -112.92089770
  14.0   2.500   -112.91143680
  14.0   2.600   -112.90067840
  14.0   2.700   -112.88940720
  14.0   2.800   -112.87805860
  14.0   2.900   -112.86690720
  14.0   3.000   -112.85614930
  14.0   3.100   -112.84592840
  14.0   3.200   -112.83634280

  16.0   1.600   -112.50080080
  16.0   1.700   -112.68593450
  16.0   1.800   -112.79263280
  16.0   1.900   -112.86190230
  16.0   2.000   -112.90193950
  16.0   2.100   -112.92227430
  16.0   2.200   -112.92924690
  16.0   2.300   -112.92761900
  16.0   2.400   -112.92088750
  16.0   2.500   -112.91142710
  16.0   2.600   -112.90066910
  16.0   2.700   -112.88939820
  16.0   2.800   -112.87805000
  16.0   2.900   -112.86689880
  16.0   3.000   -112.85614100
  16.0   3.100   -112.84592000
  16.0   3.200   -112.83633410

  18.0   1.600   -112.50079460
  18.0   1.700   -112.68592780
  18.0   1.800   -112.79262540
  18.0   1.900   -112.86189580
  18.0   2.000   -112.90193310
  18.0   2.100   -112.92226810
  18.0   2.200   -112.92924090
  18.0   2.300   -112.92761330
  18.0   2.400   -112.92088210
  18.0   2.500   -112.91142200
  18.0   2.600   -112.90066430
  18.0   2.700   -112.88939360
  18.0   2.800   -112.87804550
  18.0   2.900   -112.86689450
  18.0   3.000   -112.85613670
  18.0   3.100   -112.84591550
  18.0   3.200   -112.83632930

  20.0   1.600   -112.50079100
  20.0   1.700   -112.68592390
  20.0   1.800   -112.79262100
  20.0   1.900   -112.86189200
  20.0   2.000   -112.90192940
  20.0   2.100   -112.92226450
  20.0   2.200   -112.92923750
  20.0   2.300   -112.92761010
  20.0   2.400   -112.92087910
  20.0   2.500   -112.91141920
  20.0   2.600   -112.90066160
  20.0   2.700   -112.88939100
  20.0   2.800   -112.87804300
  20.0   2.900   -112.86689210
  20.0   3.000   -112.85613430
  20.0   3.100   -112.84591320
  20.0   3.200   -112.83632670

  21.0   1.600   -112.50079070
  21.0   1.700   -112.68592345
  21.0   1.800   -112.79262103
  21.0   1.900   -112.86189248
  21.0   2.000   -112.90192985
  21.0   2.100   -112.92226421
  21.0   2.200   -112.92923763
  21.0   2.300   -112.92761020
  21.0   2.400   -112.92087901
  21.0   2.500   -112.91141918
  21.0   2.600   -112.90066182
  21.0   2.700   -112.88939106
  21.0   2.800   -112.87804305
  21.0   2.900   -112.86689193
  21.0   3.000   -112.85613388
  21.0   3.100   -112.84591306
  21.0   3.200   -112.83632666

  22.0   1.600   -112.50081420
  22.0   1.700   -112.68594137
  22.0   1.800   -112.79263304
  22.0   1.900   -112.86189832
  22.0   2.000   -112.90192935
  22.0   2.100   -112.92225728
  22.0   2.200   -112.92922427
  22.0   2.300   -112.92759048
  22.0   2.400   -112.92085309
  22.0   2.500   -112.91138730
  22.0   2.600   -112.90062430
  22.0   2.700   -112.88934829
  22.0   2.800   -112.87799551
  22.0   2.900   -112.86684017
  22.0   3.000   -112.85607853
  22.0   3.100   -112.84585482
  22.0   3.200   -112.83626632

  23.0   1.600   -112.50083540
  23.0   1.700   -112.68595772
  23.0   1.800   -112.79264423
  23.0   1.900   -112.86190413
  23.0   2.000   -112.90192964
  23.0   2.100   -112.92225197
  23.0   2.200   -112.92921336
  23.0   2.300   -112.92757403
  23.0   2.400   -112.92083125
  23.0   2.500   -112.91136026
  23.0   2.600   -112.90059234
  23.0   2.700   -112.88931177
  23.0   2.800   -112.87795483
  23.0   2.900   -112.86679583
  23.0   3.000   -112.85603106
  23.0   3.100   -112.84580484
  23.0   3.200   -112.83621451

  24.0   1.600   -112.50085457
  24.0   1.700   -112.68597263
  24.0   1.800   -112.79265462
  24.0   1.900   -112.86190981
  24.0   2.000   -112.90193047
  24.0   2.100   -112.92224789
  24.0   2.200   -112.92920436
  24.0   2.300   -112.92756019
  24.0   2.400   -112.92081267
  24.0   2.500   -112.91133713
  24.0   2.600   -112.90056491
  24.0   2.700   -112.88928034
  24.0   2.800   -112.87791976
  24.0   2.900   -112.86675753
  24.0   3.000   -112.85599002
  24.0   3.100   -112.84576160
  24.0   3.200   -112.83616966

  25.0   1.600   -112.50087193
  25.0   1.700   -112.68598623
  25.0   1.800   -112.79266424
  25.0   1.900   -112.86191527
  25.0   2.000   -112.90193166
  25.0   2.100   -112.92224475
  25.0   2.200   -112.92919689
  25.0   2.300   -112.92754844
  25.0   2.400   -112.92079675
  25.0   2.500   -112.91131720
  25.0   2.600   -112.90054118
  25.0   2.700   -112.88925308
  25.0   2.800   -112.87788929
  25.0   2.900   -112.86672423
  25.0   3.000   -112.85595430
  25.0   3.100   -112.84572394
  25.0   3.200   -112.83613058

  26.0   1.600   -112.50088769
  26.0   1.700   -112.68599866
  26.0   1.800   -112.79267313
  26.0   1.900   -112.86192048
  26.0   2.000   -112.90193309
  26.0   2.100   -112.92224234
  26.0   2.200   -112.92919064
  26.0   2.300   -112.92753839
  26.0   2.400   -112.92078301
  26.0   2.500   -112.91129991
  26.0   2.600   -112.90052052
  26.0   2.700   -112.88922929
  26.0   2.800   -112.87786266
  26.0   2.900   -112.86669507
  26.0   3.000   -112.85592301
  26.0   3.100   -112.84569092
  26.0   3.200   -112.83609630

  27.0   1.600   -112.50090203
  27.0   1.700   -112.68601003
  27.0   1.800   -112.79268135
  27.0   1.900   -112.86192542
  27.0   2.000   -112.90193465
  27.0   2.100   -112.92224049
  27.0   2.200   -112.92918537
  27.0   2.300   -112.92752974
  27.0   2.400   -112.92077107
  27.0   2.500   -112.91128480
  27.0   2.600   -112.90050242
  27.0   2.700   -112.88920840
  27.0   2.800   -112.87783923
  27.0   2.900   -112.86666941
  27.0   3.000   -112.85589543
  27.0   3.100   -112.84566181
  27.0   3.200   -112.83606606

  28.0   1.600   -112.50091510
  28.0   1.700   -112.68602044
  28.0   1.800   -112.79268895
  28.0   1.900   -112.86193008
  28.0   2.000   -112.90193630
  28.0   2.100   -112.92223908
  28.0   2.200   -112.92918090
  28.0   2.300   -112.92752225
  28.0   2.400   -112.92076063
  28.0   2.500   -112.91127153
  28.0   2.600   -112.90048647
  28.0   2.700   -112.88918996
  28.0   2.800   -112.87781852
  28.0   2.900   -112.86664669
  28.0   3.000   -112.85587100
  28.0   3.100   -112.84563600
  28.0   3.200   -112.83603924

  29.0   1.600   -112.50092704
  29.0   1.700   -112.68603000
  29.0   1.800   -112.79269598
  29.0   1.900   -112.86193447
  29.0   2.000   -112.90193798
  29.0   2.100   -112.92223801
  29.0   2.200   -112.92917709
  29.0   2.300   -112.92751573
  29.0   2.400   -112.92075146
  29.0   2.500   -112.91125981
  29.0   2.600   -112.90047234
  29.0   2.700   -112.88917359
  29.0   2.800   -112.87780012
  29.0   2.900   -112.86662648
  29.0   3.000   -112.85584926
  29.0   3.100   -112.84561302
  29.0   3.200   -112.83601534

  30.0   1.600   -112.50093798
  30.0   1.700   -112.68603879
  30.0   1.800   -112.79270249
  30.0   1.900   -112.86193860
  30.0   2.000   -112.90193966
  30.0   2.100   -112.92223722
  30.0   2.200   -112.92917382
  30.0   2.300   -112.92751001
  30.0   2.400   -112.92074335
  30.0   2.500   -112.91124941
  30.0   2.600   -112.90045977
  30.0   2.700   -112.88915900
  30.0   2.800   -112.87778369
  30.0   2.900   -112.86660843
  30.0   3.000   -112.85582981
  30.0   3.100   -112.84559245
  30.0   3.200   -112.83599395

  31.0   1.600   -112.50094801
  31.0   1.700   -112.68604688
  31.0   1.800   -112.79270851
  31.0   1.900   -112.86194247
  31.0   2.000   -112.90194133
  31.0   2.100   -112.92223664
  31.0   2.200   -112.92917100
  31.0   2.300   -112.92750497
  31.0   2.400   -112.92073616
  31.0   2.500   -112.91124014
  31.0   2.600   -112.90044854
  31.0   2.700   -112.88914594
  31.0   2.800   -112.87776896
  31.0   2.900   -112.86659222
  31.0   3.000   -112.85581235
  31.0   3.100   -112.84557397
  31.0   3.200   -112.83597473

  32.0   1.600   -112.50095724
  32.0   1.700   -112.68605434
  32.0   1.800   -112.79271410
  32.0   1.900   -112.86194611
  32.0   2.000   -112.90194296
  32.0   2.100   -112.92223624
  32.0   2.200   -112.92916855
  32.0   2.300   -112.92750052
  32.0   2.400   -112.92072974
  32.0   2.500   -112.91123184
  32.0   2.600   -112.90043845
  32.0   2.700   -112.88913419
  32.0   2.800   -112.87775570
  32.0   2.900   -112.86657763
  32.0   3.000   -112.85579661
  32.0   3.100   -112.84555731
  32.0   3.200   -112.83595738

  33.0   1.600   -112.50096574
  33.0   1.700   -112.68606123
  33.0   1.800   -112.79271929
  33.0   1.900   -112.86194952
  33.0   2.000   -112.90194454
  33.0   2.100   -112.92223596
  33.0   2.200   -112.92916643
  33.0   2.300   -112.92749656
  33.0   2.400   -112.92072400
  33.0   2.500   -112.91122438
  33.0   2.600   -112.90042936
  33.0   2.700   -112.88912359
  33.0   2.800   -112.87774372
  33.0   2.900   -112.86656443
  33.0   3.000   -112.85578237
  33.0   3.100   -112.84554223
  33.0   3.200   -112.83594168

  34.0   1.600   -112.50097359
  34.0   1.700   -112.68606761
  34.0   1.800   -112.79272411
  34.0   1.900   -112.86195272
  34.0   2.000   -112.90194606
  34.0   2.100   -112.92223580
  34.0   2.200   -112.92916457
  34.0   2.300   -112.92749303
  34.0   2.400   -112.92071884
  34.0   2.500   -112.91121765
  34.0   2.600   -112.90042115
  34.0   2.700   -112.88911399
  34.0   2.800   -112.87773287
  34.0   2.900   -112.86655246
  34.0   3.000   -112.85576944
  34.0   3.100   -112.84552853
  34.0   3.200   -112.83592741

  35.0   1.600   -112.50098085
  35.0   1.700   -112.68607353
  35.0   1.800   -112.79272860
  35.0   1.900   -112.86195572
  35.0   2.000   -112.90194754
  35.0   2.100   -112.92223572
  35.0   2.200   -112.92916294
  35.0   2.300   -112.92748987
  35.0   2.400   -112.92071418
  35.0   2.500   -112.91121156
  35.0   2.600   -112.90041370
  35.0   2.700   -112.88910527
  35.0   2.800   -112.87772299
  35.0   2.900   -112.86654156
  35.0   3.000   -112.85575767
  35.0   3.100   -112.84551605
  35.0   3.200   -112.83591440

  36.0   1.600   -112.50098758
  36.0   1.700   -112.68607902
  36.0   1.800   -112.79273278
  36.0   1.900   -112.86195853
  36.0   2.000   -112.90194895
  36.0   2.100   -112.92223571
  36.0   2.200   -112.92916151
  36.0   2.300   -112.92748703
  36.0   2.400   -112.92070997
  36.0   2.500   -112.91120603
  36.0   2.600   -112.90040691
  36.0   2.700   -112.88909733
  36.0   2.800   -112.87771399
  36.0   2.900   -112.86653161
  36.0   3.000   -112.85574693
  36.0   3.100   -112.84550465
  36.0   3.200   -112.83590252

  37.0   1.600   -112.50099382
  37.0   1.700   -112.68608413
  37.0   1.800   -112.79273669
  37.0   1.900   -112.86196118
  37.0   2.000   -112.90195030
  37.0   2.100   -112.92223576
  37.0   2.200   -112.92916024
  37.0   2.300   -112.92748447
  37.0   2.400   -112.92070615
  37.0   2.500   -112.91120099
  37.0   2.600   -112.90040072
  37.0   2.700   -112.88909007
  37.0   2.800   -112.87770575
  37.0   2.900   -112.86652251
  37.0   3.000   -112.85573708
  37.0   3.100   -112.84549421
  37.0   3.200   -112.83589163

  38.0   1.600   -112.50099963
  38.0   1.700   -112.68608889
  38.0   1.800   -112.79274033
  38.0   1.900   -112.86196366
  38.0   2.000   -112.90195160
  38.0   2.100   -112.92223584
  38.0   2.200   -112.92915912
  38.0   2.300   -112.92748215
  38.0   2.400   -112.92070266
  38.0   2.500   -112.91119639
  38.0   2.600   -112.90039506
  38.0   2.700   -112.88908341
  38.0   2.800   -112.87769820
  38.0   2.900   -112.86651416
  38.0   3.000   -112.85572804
  38.0   3.100   -112.84548461
  38.0   3.200   -112.83588163

  39.0   1.600   -112.50100504
  39.0   1.700   -112.68609333
  39.0   1.800   -112.79274374
  39.0   1.900   -112.86196600
  39.0   2.000   -112.90195283
  39.0   2.100   -112.92223596
  39.0   2.200   -112.92915812
  39.0   2.300   -112.92748005
  39.0   2.400   -112.92069949
  39.0   2.500   -112.91119217
  39.0   2.600   -112.90038986
  39.0   2.700   -112.88907730
  39.0   2.800   -112.87769125
  39.0   2.900   -112.86650647
  39.0   3.000   -112.85571973
  39.0   3.100   -112.84547578
  39.0   3.200   -112.83587241

  40.0   1.600   -112.50101008
  40.0   1.700   -112.68609747
  40.0   1.800   -112.79274694
  40.0   1.900   -112.86196820
  40.0   2.000   -112.90195401
  40.0   2.100   -112.92223611
  40.0   2.200   -112.92915723
  40.0   2.300   -112.92747814
  40.0   2.400   -112.92069657
  40.0   2.500   -112.91118830
  40.0   2.600   -112.90038508
  40.0   2.700   -112.88907168
  40.0   2.800   -112.87768485
  40.0   2.900   -112.86649939
  40.0   3.000   -112.85571205
  40.0   3.100   -112.84546763
  40.0   3.200   -112.83586390

  41.0   1.600   -112.50101479
  41.0   1.700   -112.68610135
  41.0   1.800   -112.79274993
  41.0   1.900   -112.86197028
  41.0   2.000   -112.90195514
  41.0   2.100   -112.92223627
  41.0   2.200   -112.92915644
  41.0   2.300   -112.92747639
  41.0   2.400   -112.92069390
  41.0   2.500   -112.91118474
  41.0   2.600   -112.90038067
  41.0   2.700   -112.88906648
  41.0   2.800   -112.87767894
  41.0   2.900   -112.86649284
  41.0   3.000   -112.85570496
  41.0   3.100   -112.84546009
  41.0   3.200   -112.83585604

  42.0   1.600   -112.50101920
  42.0   1.700   -112.68610498
  42.0   1.800   -112.79275274
  42.0   1.900   -112.86197223
  42.0   2.000   -112.90195621
  42.0   2.100   -112.92223645
  42.0   2.200   -112.92915572
  42.0   2.300   -112.92747480
  42.0   2.400   -112.92069145
  42.0   2.500   -112.91118145
  42.0   2.600   -112.90037660
  42.0   2.700   -112.88906168
  42.0   2.800   -112.87767347
  42.0   2.900   -112.86648678
  42.0   3.000   -112.85569839
  42.0   3.100   -112.84545311
  42.0   3.200   -112.83584874

  43.0   1.600   -112.50102332
  43.0   1.700   -112.68610839
  43.0   1.800   -112.79275538
  43.0   1.900   -112.86197407
  43.0   2.000   -112.90195723
  43.0   2.100   -112.92223664
  43.0   2.200   -112.92915508
  43.0   2.300   -112.92747333
  43.0   2.400   -112.92068918
  43.0   2.500   -112.91117842
  43.0   2.600   -112.90037283
  43.0   2.700   -112.88905723
  43.0   2.800   -112.87766840
  43.0   2.900   -112.86648115
  43.0   3.000   -112.85569229
  43.0   3.100   -112.84544662
  43.0   3.200   -112.83584197

  44.0   1.600   -112.50102719
  44.0   1.700   -112.68611159
  44.0   1.800   -112.79275787
  44.0   1.900   -112.86197581
  44.0   2.000   -112.90195821
  44.0   2.100   -112.92223684
  44.0   2.200   -112.92915451
  44.0   2.300   -112.92747199
  44.0   2.400   -112.92068709
  44.0   2.500   -112.91117560
  44.0   2.600   -112.90036934
  44.0   2.700   -112.88905309
  44.0   2.800   -112.87766369
  44.0   2.900   -112.86647592
  44.0   3.000   -112.85568662
  44.0   3.100   -112.84544059
  44.0   3.200   -112.83583567

  45.0   1.600   -112.50103083
  45.0   1.700   -112.68611459
  45.0   1.800   -112.79276021
  45.0   1.900   -112.86197746
  45.0   2.000   -112.90195914
  45.0   2.100   -112.92223705
  45.0   2.200   -112.92915399
  45.0   2.300   -112.92747075
  45.0   2.400   -112.92068515
  45.0   2.500   -112.91117299
  45.0   2.600   -112.90036609
  45.0   2.700   -112.88904925
  45.0   2.800   -112.87765930
  45.0   2.900   -112.86647105
  45.0   3.000   -112.85568133
  45.0   3.100   -112.84543497
  45.0   3.200   -112.83582979

  46.0   1.600   -112.50103425
  46.0   1.700   -112.68611742
  46.0   1.800   -112.79276241
  46.0   1.900   -112.86197901
  46.0   2.000   -112.90196003
  46.0   2.100   -112.92223726
  46.0   2.200   -112.92915351
  46.0   2.300   -112.92746961
  46.0   2.400   -112.92068335
  46.0   2.500   -112.91117056
  46.0   2.600   -112.90036306
  46.0   2.700   -112.88904567
  46.0   2.800   -112.87765521
  46.0   2.900   -112.86646651
  46.0   3.000   -112.85567640
  46.0   3.100   -112.84542972
  46.0   3.200   -112.83582431

  47.0   1.600   -112.50103747
  47.0   1.700   -112.68612009
  47.0   1.800   -112.79276449
  47.0   1.900   -112.86198048
  47.0   2.000   -112.90196087
  47.0   2.100   -112.92223747
  47.0   2.200   -112.92915309
  47.0   2.300   -112.92746855
  47.0   2.400   -112.92068168
  47.0   2.500   -112.91116830
  47.0   2.600   -112.90036024
  47.0   2.700   -112.88904232
  47.0   2.800   -112.87765139
  47.0   2.900   -112.86646226
  47.0   3.000   -112.85567179
  47.0   3.100   -112.84542482
  47.0   3.200   -112.83581918

  48.0   1.600   -112.50104050
  48.0   1.700   -112.68612261
  48.0   1.800   -112.79276646
  48.0   1.900   -112.86198188
  48.0   2.000   -112.90196168
  48.0   2.100   -112.92223768
  48.0   2.200   -112.92915270
  48.0   2.300   -112.92746757
  48.0   2.400   -112.92068013
  48.0   2.500   -112.91116619
  48.0   2.600   -112.90035760
  48.0   2.700   -112.88903920
  48.0   2.800   -112.87764781
  48.0   2.900   -112.86645829
  48.0   3.000   -112.85566748
  48.0   3.100   -112.84542023
  48.0   3.200   -112.83581438

  49.0   1.600   -112.50104336
  49.0   1.700   -112.68612498
  49.0   1.800   -112.79276832
  49.0   1.900   -112.86198320
  49.0   2.000   -112.90196245
  49.0   2.100   -112.92223788
  49.0   2.200   -112.92915235
  49.0   2.300   -112.92746667
  49.0   2.400   -112.92067868
  49.0   2.500   -112.91116422
  49.0   2.600   -112.90035514
  49.0   2.700   -112.88903627
  49.0   2.800   -112.87764447
  49.0   2.900   -112.86645457
  49.0   3.000   -112.85566344
  49.0   3.100   -112.84541592
  49.0   3.200   -112.83580987

  50.0   1.600   -112.50104606
  50.0   1.700   -112.68612723
  50.0   1.800   -112.79277008
  50.0   1.900   -112.86198446
  50.0   2.000   -112.90196318
  50.0   2.100   -112.92223809
  50.0   2.200   -112.92915202
  50.0   2.300   -112.92746582
  50.0   2.400   -112.92067732
  50.0   2.500   -112.91116238
  50.0   2.600   -112.90035283
  50.0   2.700   -112.88903353
  50.0   2.800   -112.87764133
  50.0   2.900   -112.86645108
  50.0   3.000   -112.85565964
  50.0   3.100   -112.84541188
  50.0   3.200   -112.83580564

