   0.6   1.600   -110.74894730
   0.6   1.700   -111.06742160
   0.6   1.800   -111.32210060
   0.6   1.900   -111.52374610
   0.6   2.000   -111.95158120
   0.6   2.100   -112.09778800
   0.6   2.200   -112.21734590
   0.6   2.300   -112.31805650
   0.6   2.400   -112.40421650
   0.6   2.500   -112.47350080
   0.6   2.600   -112.52780700
   0.6   2.700   -112.54709880
   0.6   2.800   -112.61048450
   0.6   2.900   -112.67138000
   0.6   3.000   -112.72666350
   0.6   3.100   -112.72523800
   0.6   3.200   -112.76643690

   0.8   1.600   -111.32247528
   0.8   1.700   -111.62564958
   0.8   1.800   -111.76061631
   0.8   1.900   -111.90575158
   0.8   2.000   -112.13763407
   0.8   2.100   -112.45381822
   0.8   2.200   -112.52775852
   0.8   2.300   -112.58833748
   0.8   2.400   -112.60699618
   0.8   2.500   -112.62076085
   0.8   2.600   -112.65864791
   0.8   2.700   -112.65487740
   0.8   2.800   -112.70154144
   0.8   2.900   -112.74559291
   0.8   3.000   -112.79132945
   0.8   3.100   -112.78130543
   0.8   3.200   -112.81870366

   1.0   1.600   -111.71598230
   1.0   1.700   -111.97742330
   1.0   1.800   -112.07380230
   1.0   1.900   -112.18416730
   1.0   2.000   -112.32074420
   1.0   2.100   -112.61453010
   1.0   2.200   -112.67269320
   1.0   2.300   -112.71274590
   1.0   2.400   -112.70998450
   1.0   2.500   -112.70676490
   1.0   2.600   -112.74061590
   1.0   2.700   -112.74040540
   1.0   2.800   -112.78054520
   1.0   2.900   -112.81905640
   1.0   3.000   -112.85386450
   1.0   3.100   -112.83833920
   1.0   3.200   -112.86047240

   1.2   1.600   -111.97608505
   1.2   1.700   -112.18854729
   1.2   1.800   -112.29205154
   1.2   1.900   -112.38308439
   1.2   2.000   -112.49122271
   1.2   2.100   -112.66157935
   1.2   2.200   -112.71704783
   1.2   2.300   -112.74893427
   1.2   2.400   -112.75058570
   1.2   2.500   -112.75234380
   1.2   2.600   -112.78624954
   1.2   2.700   -112.79662700
   1.2   2.800   -112.83792509
   1.2   2.900   -112.87635992
   1.2   3.000   -112.90324730
   1.2   3.100   -112.88350982
   1.2   3.200   -112.89191369

   1.4   1.600   -112.14940020
   1.4   1.700   -112.32482610
   1.4   1.800   -112.44575700
   1.4   1.900   -112.52659400
   1.4   2.000   -112.63938070
   1.4   2.100   -112.67662170
   1.4   2.200   -112.72572030
   1.4   2.300   -112.75455510
   1.4   2.400   -112.76620400
   1.4   2.500   -112.77832840
   1.4   2.600   -112.80808740
   1.4   2.700   -112.82100050
   1.4   2.800   -112.86411040
   1.4   2.900   -112.90209290
   1.4   3.000   -112.92845650
   1.4   3.100   -112.90398780
   1.4   3.200   -112.91319810

   1.6   1.600   -112.27671724
   1.6   1.700   -112.44032056
   1.6   1.800   -112.56175423
   1.6   1.900   -112.63627449
   1.6   2.000   -112.75786703
   1.6   2.100   -112.72292240
   1.6   2.200   -112.75223084
   1.6   2.300   -112.77635949
   1.6   2.400   -112.78786299
   1.6   2.500   -112.80214679
   1.6   2.600   -112.81867948
   1.6   2.700   -112.82798562
   1.6   2.800   -112.85679637
   1.6   2.900   -112.88860561
   1.6   3.000   -112.92292037
   1.6   3.100   -112.90376465
   1.6   3.200   -112.92500351

   1.8   1.600   -112.37551680
   1.8   1.700   -112.54211670
   1.8   1.800   -112.65264910
   1.8   1.900   -112.72365310
   1.8   2.000   -112.84868153
   1.8   2.100   -112.79018480
   1.8   2.200   -112.80458900
   1.8   2.300   -112.81749283
   1.8   2.400   -112.82106367
   1.8   2.500   -112.82761600
   1.8   2.600   -112.83062160
   1.8   2.700   -112.83422310
   1.8   2.800   -112.84274190
   1.8   2.900   -112.85929166
   1.8   3.000   -112.89786556
   1.8   3.100   -112.89088214
   1.8   3.200   -112.93003710

   2.0   1.600   -112.45599728
   2.0   1.700   -112.62674162
   2.0   1.800   -112.72648154
   2.0   1.900   -112.79592000
   2.0   2.000   -112.91616173
   2.0   2.100   -112.85453226
   2.0   2.200   -112.87247120
   2.0   2.300   -112.87019910
   2.0   2.400   -112.86492640
   2.0   2.500   -112.85862200
   2.0   2.600   -112.85403890
   2.0   2.700   -112.85126810
   2.0   2.800   -112.84791950
   2.0   2.900   -112.84530550
   2.0   3.000   -112.86896836
   2.0   3.100   -112.87326542
   2.0   3.200   -112.93243260

   2.1   1.600   -112.49082700
   2.1   1.700   -112.66293656
   2.1   1.800   -112.75831419
   2.1   1.900   -112.82658340
   2.1   2.000   -112.94250697
   2.1   2.100   -112.88386386
   2.1   2.200   -112.90231380
   2.1   2.300   -112.89794220
   2.1   2.400   -112.88979890
   2.1   2.500   -112.87980230
   2.1   2.600   -112.87006650
   2.1   2.700   -112.86255400
   2.1   2.800   -112.85621640
   2.1   2.900   -112.85100320
   2.1   3.000   -112.85797770
   2.1   3.100   -112.86515835
   2.1   3.200   -112.93522590

   2.2   1.600   -112.52253691
   2.2   1.700   -112.69546167
   2.2   1.800   -112.78725733
   2.2   1.900   -112.85386830
   2.2   2.000   -112.96464522
   2.2   2.100   -112.91133001
   2.2   2.200   -112.92949300
   2.2   2.300   -112.92338650
   2.2   2.400   -112.91323210
   2.2   2.500   -112.90055500
   2.2   2.600   -112.88748600
   2.2   2.700   -112.87586320
   2.2   2.800   -112.86603560
   2.2   2.900   -112.85806040
   2.2   3.000   -112.85301940
   2.2   3.100   -112.85883966
   2.2   3.200   -112.92609140

   2.3   1.600   -112.55149242
   2.3   1.700   -112.72462335
   2.3   1.800   -112.81368564
   2.3   1.900   -112.87810590
   2.3   2.000   -112.98311867
   2.3   2.100   -112.93695265
   2.3   2.200   -112.95425500
   2.3   2.300   -112.94654940
   2.3   2.400   -112.93484130
   2.3   2.500   -112.92028120
   2.3   2.600   -112.90480710
   2.3   2.700   -112.89013760
   2.3   2.800   -112.87711900
   2.3   2.900   -112.86608800
   2.3   3.000   -112.85764550
   2.3   3.100   -112.85530000
   2.3   3.200   -112.90677190

   2.4   1.600   -112.57805891
   2.4   1.700   -112.75072799
   2.4   1.800   -112.83797376
   2.4   1.900   -112.89968910
   2.4   2.000   -112.99846953
   2.4   2.100   -112.96075376
   2.4   2.200   -112.97706140
   2.4   2.300   -112.96751580
   2.4   2.400   -112.95454350
   2.4   2.500   -112.93858780
   2.4   2.600   -112.92140370
   2.4   2.700   -112.90449970
   2.4   2.800   -112.88896830
   2.4   2.900   -112.87519750
   2.4   3.000   -112.86378990
   2.4   3.100   -112.85554830
   2.4   3.200   -112.88367471

   2.5   1.600   -112.60260179
   2.5   1.700   -112.77408198
   2.5   1.800   -112.86049635
   2.5   1.900   -112.91900530
   2.5   2.000   -113.01123999
   2.5   2.100   -112.98275530
   2.5   2.200   -112.99770601
   2.5   2.300   -112.98654170
   2.5   2.400   -112.97238760
   2.5   2.500   -112.95535500
   2.5   2.600   -112.93692310
   2.5   2.700   -112.91839520
   2.5   2.800   -112.90099950
   2.5   2.900   -112.88507440
   2.5   3.000   -112.87124060
   2.5   3.100   -112.85988330
   2.5   3.200   -112.86320710

   2.6   1.600   -112.62548647
   2.6   1.700   -112.79499171
   2.6   1.800   -112.88162807
   2.6   1.900   -112.93641480
   2.6   2.000   -113.02197224
   2.6   2.100   -113.00297923
   2.6   2.200   -113.01618310
   2.6   2.300   -113.00405590
   2.6   2.400   -112.98850780
   2.6   2.500   -112.97058960
   2.6   2.600   -112.95120890
   2.6   2.700   -112.93148530
   2.6   2.800   -112.91273590
   2.6   2.900   -112.89521870
   2.6   3.000   -112.87955930
   2.6   3.100   -112.86606130
   2.6   3.200   -112.85177637

   2.7   1.600   -112.64707834
   2.7   1.700   -112.81376358
   2.7   1.800   -112.90174358
   2.7   1.900   -112.95226730
   2.7   2.000   -113.03120848
   2.7   2.100   -113.02144751
   2.7   2.200   -113.03260584
   2.7   2.300   -113.02002926
   2.7   2.400   -113.00311310
   2.7   2.500   -112.98434420
   2.7   2.600   -112.96778720
   2.7   2.700   -112.94359660
   2.7   2.800   -112.92386600
   2.7   2.900   -112.90519310
   2.7   3.000   -112.88820830
   2.7   3.100   -112.87322940
   2.7   3.200   -112.85246441

   2.8   1.600   -112.66774280
   2.8   1.700   -112.83070398
   2.8   1.800   -112.92121754
   2.8   1.900   -112.96749185
   2.8   2.000   -113.03949090
   2.8   2.100   -113.03818212
   2.8   2.200   -113.04708739
   2.8   2.300   -113.03444842
   2.8   2.400   -113.01660350
   2.8   2.500   -112.99674870
   2.8   2.600   -112.97600950
   2.8   2.700   -112.96252960
   2.8   2.800   -112.93420580
   2.8   2.900   -112.91469560
   2.8   3.000   -112.89675570
   2.8   3.100   -112.88072470
   2.8   3.200   -112.85759003

   2.9   1.600   -112.68656380
   2.9   1.700   -112.84611930
   2.9   1.800   -112.94042460
   2.9   1.900   -112.98222090
   2.9   2.000   -113.04736170
   2.9   2.100   -113.05320501
   2.9   2.200   -113.05974091
   2.9   2.300   -113.04733853
   2.9   2.400   -113.03063431
   2.9   2.500   -113.00799780
   2.9   2.600   -112.98661430
   2.9   2.700   -112.96779120
   2.9   2.800   -112.94369310
   2.9   2.900   -112.92355970
   2.9   3.000   -112.90491940
   2.9   3.100   -112.88811970
   2.9   3.200   -112.86562055

   3.0   1.600   -112.69984150
   3.0   1.700   -112.85978250
   3.0   1.800   -112.95805170
   3.0   1.900   -112.99633174
   3.0   2.000   -113.05536306
   3.0   2.100   -113.06653815
   3.0   2.200   -113.07067958
   3.0   2.300   -113.05872475
   3.0   2.400   -113.04390397
   3.0   2.500   -113.01850040
   3.0   2.600   -112.99616630
   3.0   2.700   -112.97408500
   3.0   2.800   -112.95231010
   3.0   2.900   -112.93171120
   3.0   3.000   -112.91253880
   3.0   3.100   -112.89516410
   3.0   3.200   -112.87502327

   3.1   1.600   -112.71074550
   3.1   1.700   -112.87031370
   3.1   1.800   -112.96920010
   3.1   1.900   -113.00970168
   3.1   2.000   -113.06403720
   3.1   2.100   -113.07820350
   3.1   2.200   -113.08001655
   3.1   2.300   -113.06863223
   3.1   2.400   -113.05423180
   3.1   2.500   -113.03038140
   3.1   2.600   -113.00485270
   3.1   2.700   -112.98187060
   3.1   2.800   -112.96273780
   3.1   2.900   -112.93912190
   3.1   3.000   -112.91955190
   3.1   3.100   -112.90172270
   3.1   3.200   -112.88426552

   3.2   1.600   -112.72011330
   3.2   1.700   -112.87920460
   3.2   1.800   -112.97820090
   3.2   1.900   -113.02220802
   3.2   2.000   -113.07313970
   3.2   2.100   -113.08783490
   3.2   2.200   -113.08786500
   3.2   2.300   -113.07708613
   3.2   2.400   -113.06048150
   3.2   2.500   -113.04038880
   3.2   2.600   -113.01520277
   3.2   2.700   -112.98918640
   3.2   2.800   -112.96785880
   3.2   2.900   -112.94581110
   3.2   3.000   -112.92593270
   3.2   3.100   -112.90775210
   3.2   3.200   -112.89181460

   3.3   1.600   -112.72826500
   3.3   1.700   -112.88691930
   3.3   1.800   -112.98590470
   3.3   1.900   -113.03372807
   3.3   2.000   -113.08033520
   3.3   2.100   -113.09443500
   3.3   2.200   -113.09435030
   3.3   2.300   -113.08411160
   3.3   2.400   -113.06561230
   3.3   2.500   -113.04575490
   3.3   2.600   -113.02407830
   3.3   2.700   -113.00101330
   3.3   2.800   -112.97330950
   3.3   2.900   -112.95182830
   3.3   3.000   -112.93170040
   3.3   3.100   -112.91323470
   3.3   3.200   -112.89697510

   3.4   1.600   -112.73540410
   3.4   1.700   -112.89364380
   3.4   1.800   -112.99260880
   3.4   1.900   -113.04413911
   3.4   2.000   -113.08632420
   3.4   2.100   -113.09995540
   3.4   2.200   -113.09970670
   3.4   2.300   -113.08973380
   3.4   2.400   -113.07203410
   3.4   2.500   -113.05065510
   3.4   2.600   -113.02882290
   3.4   2.700   -113.00585170
   3.4   2.800   -112.97983416
   3.4   2.900   -112.95724800
   3.4   3.000   -112.93690140
   3.4   3.100   -112.91819680
   3.4   3.200   -112.90166740

   3.5   1.600   -112.74166400
   3.5   1.700   -112.89953240
   3.5   1.800   -112.99847650
   3.5   1.900   -113.05331845
   3.5   2.000   -113.09151830
   3.5   2.100   -113.10534560
   3.5   2.200   -113.10433980
   3.5   2.300   -113.09413810
   3.5   2.400   -113.07757660
   3.5   2.500   -113.05607300
   3.5   2.600   -113.03331190
   3.5   2.700   -113.01005760
   3.5   2.800   -112.98621331
   3.5   2.900   -112.96218240
   3.5   3.000   -112.94160960
   3.5   3.100   -112.92267960
   3.5   3.200   -112.90591440

   3.6   1.600   -112.74715210
   3.6   1.700   -112.90469180
   3.6   1.800   -113.00362190
   3.6   1.900   -113.06114340
   3.6   2.000   -113.09647790
   3.6   2.100   -113.10966170
   3.6   2.200   -113.10839740
   3.6   2.300   -113.09796660
   3.6   2.400   -113.08145970
   3.6   2.500   -113.06076380
   3.6   2.600   -113.03779540
   3.6   2.700   -113.01406900
   3.6   2.800   -112.99135210
   3.6   2.900   -112.96679690
   3.6   3.000   -112.94592520
   3.6   3.100   -112.92674810
   3.6   3.200   -112.90974900

   3.7   1.600   -112.75196000
   3.7   1.700   -112.90921380
   3.7   1.800   -113.00813450
   3.7   1.900   -113.06749125
   3.7   2.000   -113.10057520
   3.7   2.100   -113.11345260
   3.7   2.200   -113.11196230
   3.7   2.300   -113.10132340
   3.7   2.400   -113.08472010
   3.7   2.500   -113.06423920
   3.7   2.600   -113.04160090
   3.7   2.700   -113.01785510
   3.7   2.800   -112.99478650
   3.7   2.900   -112.97104260
   3.7   3.000   -112.94997750
   3.7   3.100   -112.93060552
   3.7   3.200   -112.91321620

   3.8   1.600   -112.75616710
   3.8   1.700   -112.91316930
   3.8   1.800   -113.01208870
   3.8   1.900   -113.07223930
   3.8   2.000   -113.10416850
   3.8   2.100   -113.11677840
   3.8   2.200   -113.11509470
   3.8   2.300   -113.10426980
   3.8   2.400   -113.08753590
   3.8   2.500   -113.06706670
   3.8   2.600   -113.04457760
   3.8   2.700   -113.02104300
   3.8   2.800   -112.99794710
   3.8   2.900   -112.97481282
   3.8   3.000   -112.95357592
   3.8   3.100   -112.93418583
   3.8   3.200   -112.91635850

   3.9   1.600   -112.75984450
   3.9   1.700   -112.91662150
   3.9   1.800   -113.01554830
   3.9   1.900   -113.07555880
   3.9   2.000   -113.10731570
   3.9   2.100   -113.11969830
   3.9   2.200   -113.11784530
   3.9   2.300   -113.10685690
   3.9   2.400   -113.08998790
   3.9   2.500   -113.06946270
   3.9   2.600   -113.04700140
   3.9   2.700   -113.02359330
   3.9   2.800   -113.00060160
   3.9   2.900   -112.97800166
   3.9   3.000   -112.95665879
   3.9   3.100   -112.93734137
   3.9   3.200   -112.91920700

   4.0   1.600   -112.75989380
   4.0   1.700   -112.91963180
   4.0   1.800   -113.01857040
   4.0   1.900   -113.07845970
   4.0   2.000   -113.11006820
   4.0   2.100   -113.12224920
   4.0   2.200   -113.12025430
   4.0   2.300   -113.10912170
   4.0   2.400   -113.09212890
   4.0   2.500   -113.07152560
   4.0   2.600   -113.04903790
   4.0   2.700   -113.02567770
   4.0   2.800   -113.00274670
   4.0   2.900   -112.98050320
   4.0   3.000   -112.95922239
   4.0   3.100   -112.93992450
   4.0   3.200   -112.92172630

   4.1   1.600   -112.75984370
   4.1   1.700   -112.92007810
   4.1   1.800   -113.02120440
   4.1   1.900   -113.08098900
   4.1   2.000   -113.11246980
   4.1   2.100   -113.12447670
   4.1   2.200   -113.12235760
   4.1   2.300   -113.11110120
   4.1   2.400   -113.09399420
   4.1   2.500   -113.07330900
   4.1   2.600   -113.05077270
   4.1   2.700   -113.02742020
   4.1   2.800   -113.00450270
   4.1   2.900   -112.98232560
   4.1   3.000   -112.96126300
   4.1   3.100   -112.94187340
   4.1   3.200   -112.92383200

   4.2   1.600   -112.75983250
   4.2   1.700   -112.92021180
   4.2   1.800   -113.02349530
   4.2   1.900   -113.08318950
   4.2   2.000   -113.11456020
   4.2   2.100   -113.12641590
   4.2   2.200   -113.12419020
   4.2   2.300   -113.11282630
   4.2   2.400   -113.09561730
   4.2   2.500   -113.07485420
   4.2   2.600   -113.05226190
   4.2   2.700   -113.02889580
   4.2   2.800   -113.00596650
   4.2   2.900   -112.98381600
   4.2   3.000   -112.96282380
   4.2   3.100   -112.94340560
   4.2   3.200   -112.92552030

   4.4   1.600   -112.75988490
   4.4   1.700   -112.92050070
   4.4   1.800   -113.02639180
   4.4   1.900   -113.08675240
   4.4   2.000   -113.11794420
   4.4   2.100   -113.12955790
   4.4   2.200   -113.12715930
   4.4   2.300   -113.11562350
   4.4   2.400   -113.09825400
   4.4   2.500   -113.07735230
   4.4   2.600   -113.05464930
   4.4   2.700   -113.03122940
   4.4   2.800   -113.00824510
   4.4   2.900   -112.98608920
   4.4   3.000   -112.96515370
   4.4   3.100   -112.94560000
   4.4   3.200   -112.92797760

   4.6   1.600   -112.76000400
   4.6   1.700   -112.92078030
   4.6   1.800   -113.02629820
   4.6   1.900   -113.08942150
   4.6   2.000   -113.12046900
   4.6   2.100   -113.13189840
   4.6   2.200   -113.12937450
   4.6   2.300   -113.11770400
   4.6   2.400   -113.10019650
   4.6   2.500   -113.07918560
   4.6   2.600   -113.05639100
   4.6   2.700   -113.03293020
   4.6   2.800   -113.00988460
   4.6   2.900   -112.98850360
   4.6   3.000   -112.96676960
   4.6   3.100   -112.94735770
   4.6   3.200   -112.92955260

   4.8   1.600   -112.76015660
   4.8   1.700   -112.92103020
   4.8   1.800   -113.02630110
   4.8   1.900   -113.09051240
   4.8   2.000   -113.12232470
   4.8   2.100   -113.13360900
   4.8   2.200   -113.13099040
   4.8   2.300   -113.11922620
   4.8   2.400   -113.10161760
   4.8   2.500   -113.08052090
   4.8   2.600   -113.05765330
   4.8   2.700   -113.03415780
   4.8   2.800   -113.01105950
   4.8   2.900   -112.99151640
   4.8   3.000   -112.96790690
   4.8   3.100   -112.94851090
   4.8   3.200   -112.93059930

   5.0   1.600   -112.76031980
   5.0   1.700   -112.92116000
   5.0   1.800   -113.02633840
   5.0   1.900   -113.09048670
   5.0   2.000   -113.12367390
   5.0   2.100   -113.13484150
   5.0   2.200   -113.13215340
   5.0   2.300   -113.12031770
   5.0   2.400   -113.10263730
   5.0   2.500   -113.08148000
   5.0   2.600   -113.05855560
   5.0   2.700   -113.03503010
   5.0   2.800   -113.01189210
   5.0   2.900   -112.99377760
   5.0   3.000   -112.96870420
   5.0   3.100   -112.94931390
   5.0   3.200   -112.93164670

   5.2   1.600   -112.76048110
   5.2   1.700   -112.92136600
   5.2   1.800   -113.02638080
   5.2   1.900   -113.09047580
   5.2   2.000   -113.12464280
   5.2   2.100   -113.13571320
   5.2   2.200   -113.13297520
   5.2   2.300   -113.12108760
   5.2   2.400   -113.10335650
   5.2   2.500   -113.08215140
   5.2   2.600   -113.05918470
   5.2   2.700   -113.03563790
   5.2   2.800   -113.01247070
   5.2   2.900   -112.99545450
   5.2   3.000   -112.96925450
   5.2   3.100   -112.94986670
   5.2   3.200   -112.93222030

   5.4   1.600   -112.76062140
   5.4   1.700   -112.92154300
   5.4   1.800   -113.02643330
   5.4   1.900   -113.09047720
   5.4   2.000   -113.12532000
   5.4   2.100   -113.13632300
   5.4   2.200   -113.13354390
   5.4   2.300   -113.12161850
   5.4   2.400   -113.10385140
   5.4   2.500   -113.08261100
   5.4   2.600   -113.05961290
   5.4   2.700   -113.03605080
   5.4   2.800   -113.01286230
   5.4   2.900   -112.99668060
   5.4   3.000   -112.96962480
   5.4   3.100   -112.95023870
   5.4   3.200   -112.93260120

   5.6   1.600   -112.76073890
   5.6   1.700   -112.92171280
   5.6   1.800   -113.02647670
   5.6   1.900   -113.09048110
   5.6   2.000   -113.12548370
   5.6   2.100   -113.13674160
   5.6   2.200   -113.13393530
   5.6   2.300   -113.12197540
   5.6   2.400   -113.10418100
   5.6   2.500   -113.08291480
   5.6   2.600   -113.05989490
   5.6   2.700   -113.03632170
   5.6   2.800   -113.01311750
   5.6   2.900   -112.99750700
   5.6   3.000   -112.96986500
   5.6   3.100   -112.95048050
   5.6   3.200   -112.93284960

   5.8   1.600   -112.76083520
   5.8   1.700   -112.92182170
   5.8   1.800   -113.02651040
   5.8   1.900   -113.09048180
   5.8   2.000   -113.12544770
   5.8   2.100   -113.13700940
   5.8   2.200   -113.13418440
   5.8   2.300   -113.12221080
   5.8   2.400   -113.10436002
   5.8   2.500   -113.08305868
   5.8   2.600   -113.05985361
   5.8   2.700   -113.03646056
   5.8   2.800   -113.01327460
   5.8   2.900   -112.99712390
   5.8   3.000   -112.97001220
   5.8   3.100   -112.95062940
   5.8   3.200   -112.93300390

   6.0   1.600   -112.76091290
   6.0   1.700   -112.92190580
   6.0   1.800   -113.02653500
   6.0   1.900   -113.09047820
   6.0   2.000   -113.12541380
   6.0   2.100   -113.13717500
   6.0   2.200   -113.13433610
   6.0   2.300   -113.12234850
   6.0   2.400   -113.10441550
   6.0   2.500   -113.08306936
   6.0   2.600   -113.05952130
   6.0   2.700   -113.03648895
   6.0   2.800   -113.01336290
   6.0   2.900   -112.99679020
   6.0   3.000   -112.97009400
   6.0   3.100   -112.95071310
   6.0   3.200   -112.93309180

   7.0   1.600   -112.76113230
   7.0   1.700   -112.92210990
   7.0   1.800   -113.02658040
   7.0   1.900   -113.09043130
   7.0   2.000   -113.12526380
   7.0   2.100   -113.13704710
   7.0   2.200   -113.13411150
   7.0   2.300   -113.12200050
   7.0   2.400   -113.10400540
   7.0   2.500   -113.08248870
   7.0   2.600   -113.05716010
   7.0   2.700   -113.03593790
   7.0   2.800   -113.01387995
   7.0   2.900   -112.99561860
   7.0   3.000   -112.97007460
   7.0   3.100   -112.95070160
   7.0   3.200   -112.93309390

   8.0   1.600   -112.76124270
   8.0   1.700   -112.92218930
   8.0   1.800   -113.02660090
   8.0   1.900   -113.09040360
   8.0   2.000   -113.12518480
   8.0   2.100   -113.13711370
   8.0   2.200   -113.13423600
   8.0   2.300   -113.12220370
   8.0   2.400   -113.10431830
   8.0   2.500   -113.08296000
   8.0   2.600   -113.05900730
   8.0   2.700   -113.03597050
   8.0   2.800   -113.01395500
   8.0   2.900   -112.99333320
   8.0   3.000   -112.97063310
   8.0   3.100   -112.95055920
   8.0   3.200   -112.93295670

   9.0   1.600   -112.76134330
   9.0   1.700   -112.92226660
   9.0   1.800   -113.02665030
   9.0   1.900   -113.09042560
   9.0   2.000   -113.12517730
   9.0   2.100   -113.13704810
   9.0   2.200   -113.13418110
   9.0   2.300   -113.12216330
   9.0   2.400   -113.10429810
   9.0   2.500   -113.08296950
   9.0   2.600   -113.05972300
   9.0   2.700   -113.03623440
   9.0   2.800   -113.01321220
   9.0   2.900   -112.99431390
   9.0   3.000   -112.97108870
   9.0   3.100   -112.95046610
   9.0   3.200   -112.93286540

  10.0   1.600   -112.76143300
  10.0   1.700   -112.92234080
  10.0   1.800   -113.02670830
  10.0   1.900   -113.09046670
  10.0   2.000   -113.12520050
  10.0   2.100   -113.13699740
  10.0   2.200   -113.13413250
  10.0   2.300   -113.12211730
  10.0   2.400   -113.10425560
  10.0   2.500   -113.08293210
  10.0   2.600   -113.05983810
  10.0   2.700   -113.03627000
  10.0   2.800   -113.01306340
  10.0   2.900   -112.99441250
  10.0   3.000   -112.97097890
  10.0   3.100   -112.95041360
  10.0   3.200   -112.93281330

  12.0   1.600   -112.76149280
  12.0   1.700   -112.92238560
  12.0   1.800   -113.02673790
  12.0   1.900   -113.09047640
  12.0   2.000   -113.12519800
  12.0   2.100   -113.13694780
  12.0   2.200   -113.13408340
  12.0   2.300   -113.12206890
  12.0   2.400   -113.10420800
  12.0   2.500   -113.08288550
  12.0   2.600   -113.05981970
  12.0   2.700   -113.03623790
  12.0   2.800   -113.01300030
  12.0   2.900   -112.99427220
  12.0   3.000   -112.97078030
  12.0   3.100   -112.95036510
  12.0   3.200   -112.93276510

  14.0   1.600   -112.76141880
  14.0   1.700   -112.92230060
  14.0   1.800   -113.02664090
  14.0   1.900   -113.09037080
  14.0   2.000   -113.12507420
  14.0   2.100   -113.13692800
  14.0   2.200   -113.13406370
  14.0   2.300   -113.12204920
  14.0   2.400   -113.10418830
  14.0   2.500   -113.08286580
  14.0   2.600   -113.05980040
  14.0   2.700   -113.03621840
  14.0   2.800   -113.01298030
  14.0   2.900   -112.99402460
  14.0   3.000   -112.97052520
  14.0   3.100   -112.95034530
  14.0   3.200   -112.93274530

  16.0   1.600   -112.76148080
  16.0   1.700   -112.92235810
  16.0   1.800   -113.02669380
  16.0   1.900   -113.09041870
  16.0   2.000   -113.12511680
  16.0   2.100   -113.13691860
  16.0   2.200   -113.13405430
  16.0   2.300   -113.12203980
  16.0   2.400   -113.10417890
  16.0   2.500   -113.08285640
  16.0   2.600   -113.05979100
  16.0   2.700   -113.03620890
  16.0   2.800   -113.01297080
  16.0   2.900   -112.99399770
  16.0   3.000   -112.97049640
  16.0   3.100   -112.95033570
  16.0   3.200   -112.93273570

  18.0   1.600   -112.76152170
  18.0   1.700   -112.92239640
  18.0   1.800   -113.02672940
  18.0   1.900   -113.09045140
  18.0   2.000   -113.12514620
  18.0   2.100   -113.13691370
  18.0   2.200   -113.13404940
  18.0   2.300   -113.12203490
  18.0   2.400   -113.10417400
  18.0   2.500   -113.08285140
  18.0   2.600   -113.05978600
  18.0   2.700   -113.03620390
  18.0   2.800   -113.01296570
  18.0   2.900   -112.99398900
  18.0   3.000   -112.97048300
  18.0   3.100   -112.95033050
  18.0   3.200   -112.93273060

  20.0   1.600   -112.76154960
  20.0   1.700   -112.92242270
  20.0   1.800   -113.02675400
  20.0   1.900   -113.09047410
  20.0   2.000   -113.12516700
  20.0   2.100   -113.13691090
  20.0   2.200   -113.13404670
  20.0   2.300   -113.12203210
  20.0   2.400   -113.10417120
  20.0   2.500   -113.08284860
  20.0   2.600   -113.05978320
  20.0   2.700   -113.03620100
  20.0   2.800   -113.01296280
  20.0   2.900   -112.99398540
  20.0   3.000   -112.97047640
  20.0   3.100   -112.95032760
  20.0   3.200   -112.93272760

  21.0   1.600   -112.76154950
  21.0   1.700   -112.92242282
  21.0   1.800   -113.02675429
  21.0   1.900   -113.09047393
  21.0   2.000   -113.12516675
  21.0   2.100   -113.13691073
  21.0   2.200   -113.13404689
  21.0   2.300   -113.12203222
  21.0   2.400   -113.10417071
  21.0   2.500   -113.08284834
  21.0   2.600   -113.05978312
  21.0   2.700   -113.03620102
  21.0   2.800   -113.01296303
  21.0   2.900   -112.99398513
  21.0   3.000   -112.97047630
  21.0   3.100   -112.95032750
  21.0   3.200   -112.93272772

  22.0   1.600   -112.76154942
  22.0   1.700   -112.92242251
  22.0   1.800   -113.02675373
  22.0   1.900   -113.09047309
  22.0   2.000   -113.12516560
  22.0   2.100   -113.13690925
  22.0   2.200   -113.13404504
  22.0   2.300   -113.12202997
  22.0   2.400   -113.10416804
  22.0   2.500   -113.08284523
  22.0   2.600   -113.05977953
  22.0   2.700   -113.03619694
  22.0   2.800   -113.01295844
  22.0   2.900   -112.99398002
  22.0   3.000   -112.97047064
  22.0   3.100   -112.95032130
  22.0   3.200   -112.93272097

  23.0   1.600   -112.76154935
  23.0   1.700   -112.92242226
  23.0   1.800   -113.02675329
  23.0   1.900   -113.09047243
  23.0   2.000   -113.12516469
  23.0   2.100   -113.13690807
  23.0   2.200   -113.13404357
  23.0   2.300   -113.12202819
  23.0   2.400   -113.10416591
  23.0   2.500   -113.08284275
  23.0   2.600   -113.05977668
  23.0   2.700   -113.03619370
  23.0   2.800   -113.01295479
  23.0   2.900   -112.99397594
  23.0   3.000   -112.97046614
  23.0   3.100   -112.95031637
  23.0   3.200   -112.93271560

  24.0   1.600   -112.76154930
  24.0   1.700   -112.92242206
  24.0   1.800   -113.02675293
  24.0   1.900   -113.09047189
  24.0   2.000   -113.12516395
  24.0   2.100   -113.13690712
  24.0   2.200   -113.13404238
  24.0   2.300   -113.12202675
  24.0   2.400   -113.10416421
  24.0   2.500   -113.08284075
  24.0   2.600   -113.05977438
  24.0   2.700   -113.03619108
  24.0   2.800   -113.01295185
  24.0   2.900   -112.99397266
  24.0   3.000   -112.97046252
  24.0   3.100   -112.95031240
  24.0   3.200   -112.93271128

  25.0   1.600   -112.76154925
  25.0   1.700   -112.92242190
  25.0   1.800   -113.02675264
  25.0   1.900   -113.09047146
  25.0   2.000   -113.12516336
  25.0   2.100   -113.13690635
  25.0   2.200   -113.13404142
  25.0   2.300   -113.12202558
  25.0   2.400   -113.10416282
  25.0   2.500   -113.08283913
  25.0   2.600   -113.05977252
  25.0   2.700   -113.03618896
  25.0   2.800   -113.01294946
  25.0   2.900   -112.99397000
  25.0   3.000   -112.97045958
  25.0   3.100   -112.95030917
  25.0   3.200   -112.93270777

  26.0   1.600   -112.76154921
  26.0   1.700   -112.92242177
  26.0   1.800   -113.02675240
  26.0   1.900   -113.09047110
  26.0   2.000   -113.12516287
  26.0   2.100   -113.13690572
  26.0   2.200   -113.13404064
  26.0   2.300   -113.12202463
  26.0   2.400   -113.10416168
  26.0   2.500   -113.08283781
  26.0   2.600   -113.05977099
  26.0   2.700   -113.03618722
  26.0   2.800   -113.01294750
  26.0   2.900   -112.99396782
  26.0   3.000   -112.97045717
  26.0   3.100   -112.95030653
  26.0   3.200   -112.93270490

  27.0   1.600   -112.76154918
  27.0   1.700   -112.92242166
  27.0   1.800   -113.02675220
  27.0   1.900   -113.09047080
  27.0   2.000   -113.12516247
  27.0   2.100   -113.13690520
  27.0   2.200   -113.13403999
  27.0   2.300   -113.12202384
  27.0   2.400   -113.10416075
  27.0   2.500   -113.08283671
  27.0   2.600   -113.05976973
  27.0   2.700   -113.03618579
  27.0   2.800   -113.01294589
  27.0   2.900   -112.99396603
  27.0   3.000   -112.97045518
  27.0   3.100   -112.95030436
  27.0   3.200   -112.93270253

  28.0   1.600   -112.76154916
  28.0   1.700   -112.92242157
  28.0   1.800   -113.02675204
  28.0   1.900   -113.09047056
  28.0   2.000   -113.12516213
  28.0   2.100   -113.13690476
  28.0   2.200   -113.13403945
  28.0   2.300   -113.12202318
  28.0   2.400   -113.10415997
  28.0   2.500   -113.08283580
  28.0   2.600   -113.05976868
  28.0   2.700   -113.03618460
  28.0   2.800   -113.01294455
  28.0   2.900   -112.99396453
  28.0   3.000   -112.97045353
  28.0   3.100   -112.95030255
  28.0   3.200   -112.93270057

  29.0   1.600   -112.76154914
  29.0   1.700   -112.92242150
  29.0   1.800   -113.02675190
  29.0   1.900   -113.09047036
  29.0   2.000   -113.12516185
  29.0   2.100   -113.13690440
  29.0   2.200   -113.13403899
  29.0   2.300   -113.12202263
  29.0   2.400   -113.10415932
  29.0   2.500   -113.08283504
  29.0   2.600   -113.05976781
  29.0   2.700   -113.03618361
  29.0   2.800   -113.01294343
  29.0   2.900   -112.99396329
  29.0   3.000   -112.97045216
  29.0   3.100   -112.95030104
  29.0   3.200   -112.93269892

  30.0   1.600   -112.76154912
  30.0   1.700   -112.92242144
  30.0   1.800   -113.02675179
  30.0   1.900   -113.09047018
  30.0   2.000   -113.12516162
  30.0   2.100   -113.13690410
  30.0   2.200   -113.13403862
  30.0   2.300   -113.12202217
  30.0   2.400   -113.10415877
  30.0   2.500   -113.08283440
  30.0   2.600   -113.05976707
  30.0   2.700   -113.03618277
  30.0   2.800   -113.01294249
  30.0   2.900   -112.99396223
  30.0   3.000   -112.97045099
  30.0   3.100   -112.95029976
  30.0   3.200   -112.93269754

  31.0   1.600   -112.76154911
  31.0   1.700   -112.92242138
  31.0   1.800   -113.02675169
  31.0   1.900   -113.09047004
  31.0   2.000   -113.12516142
  31.0   2.100   -113.13690384
  31.0   2.200   -113.13403829
  31.0   2.300   -113.12202178
  31.0   2.400   -113.10415831
  31.0   2.500   -113.08283386
  31.0   2.600   -113.05976645
  31.0   2.700   -113.03618206
  31.0   2.800   -113.01294169
  31.0   2.900   -112.99396135
  31.0   3.000   -112.97045001
  31.0   3.100   -112.95029869
  31.0   3.200   -112.93269636

  32.0   1.600   -112.76154909
  32.0   1.700   -112.92242134
  32.0   1.800   -113.02675161
  32.0   1.900   -113.09046991
  32.0   2.000   -113.12516125
  32.0   2.100   -113.13690362
  32.0   2.200   -113.13403802
  32.0   2.300   -113.12202145
  32.0   2.400   -113.10415791
  32.0   2.500   -113.08283340
  32.0   2.600   -113.05976592
  32.0   2.700   -113.03618146
  32.0   2.800   -113.01294101
  32.0   2.900   -112.99396059
  32.0   3.000   -112.97044918
  32.0   3.100   -112.95029777
  32.0   3.200   -112.93269537

  33.0   1.600   -112.76154908
  33.0   1.700   -112.92242130
  33.0   1.800   -113.02675154
  33.0   1.900   -113.09046981
  33.0   2.000   -113.12516111
  33.0   2.100   -113.13690343
  33.0   2.200   -113.13403779
  33.0   2.300   -113.12202117
  33.0   2.400   -113.10415758
  33.0   2.500   -113.08283301
  33.0   2.600   -113.05976546
  33.0   2.700   -113.03618094
  33.0   2.800   -113.01294043
  33.0   2.900   -112.99395994
  33.0   3.000   -112.97044846
  33.0   3.100   -112.95029699
  33.0   3.200   -112.93269451

  34.0   1.600   -112.76154907
  34.0   1.700   -112.92242126
  34.0   1.800   -113.02675148
  34.0   1.900   -113.09046972
  34.0   2.000   -113.12516098
  34.0   2.100   -113.13690327
  34.0   2.200   -113.13403759
  34.0   2.300   -113.12202092
  34.0   2.400   -113.10415729
  34.0   2.500   -113.08283267
  34.0   2.600   -113.05976507
  34.0   2.700   -113.03618050
  34.0   2.800   -113.01293993
  34.0   2.900   -112.99395939
  34.0   3.000   -112.97044785
  34.0   3.100   -112.95029631
  34.0   3.200   -112.93269378

  35.0   1.600   -112.76154907
  35.0   1.700   -112.92242124
  35.0   1.800   -113.02675143
  35.0   1.900   -113.09046964
  35.0   2.000   -113.12516087
  35.0   2.100   -113.13690313
  35.0   2.200   -113.13403741
  35.0   2.300   -113.12202071
  35.0   2.400   -113.10415704
  35.0   2.500   -113.08283238
  35.0   2.600   -113.05976474
  35.0   2.700   -113.03618011
  35.0   2.800   -113.01293950
  35.0   2.900   -112.99395891
  35.0   3.000   -112.97044732
  35.0   3.100   -112.95029573
  35.0   3.200   -112.93269315

  36.0   1.600   -112.76154906
  36.0   1.700   -112.92242121
  36.0   1.800   -113.02675138
  36.0   1.900   -113.09046957
  36.0   2.000   -113.12516078
  36.0   2.100   -113.13690301
  36.0   2.200   -113.13403726
  36.0   2.300   -113.12202053
  36.0   2.400   -113.10415682
  36.0   2.500   -113.08283212
  36.0   2.600   -113.05976445
  36.0   2.700   -113.03617978
  36.0   2.800   -113.01293913
  36.0   2.900   -112.99395849
  36.0   3.000   -112.97044686
  36.0   3.100   -112.95029523
  36.0   3.200   -112.93269260

  37.0   1.600   -112.76154905
  37.0   1.700   -112.92242119
  37.0   1.800   -113.02675134
  37.0   1.900   -113.09046951
  37.0   2.000   -113.12516070
  37.0   2.100   -113.13690291
  37.0   2.200   -113.13403713
  37.0   2.300   -113.12202037
  37.0   2.400   -113.10415663
  37.0   2.500   -113.08283190
  37.0   2.600   -113.05976419
  37.0   2.700   -113.03617949
  37.0   2.800   -113.01293881
  37.0   2.900   -112.99395813
  37.0   3.000   -112.97044646
  37.0   3.100   -112.95029479
  37.0   3.200   -112.93269212

  38.0   1.600   -112.76154905
  38.0   1.700   -112.92242117
  38.0   1.800   -113.02675131
  38.0   1.900   -113.09046946
  38.0   2.000   -113.12516063
  38.0   2.100   -113.13690281
  38.0   2.200   -113.13403702
  38.0   2.300   -113.12202023
  38.0   2.400   -113.10415646
  38.0   2.500   -113.08283171
  38.0   2.600   -113.05976397
  38.0   2.700   -113.03617924
  38.0   2.800   -113.01293852
  38.0   2.900   -112.99395781
  38.0   3.000   -112.97044611
  38.0   3.100   -112.95029440
  38.0   3.200   -112.93269170

  39.0   1.600   -112.76154904
  39.0   1.700   -112.92242115
  39.0   1.800   -113.02675128
  39.0   1.900   -113.09046941
  39.0   2.000   -113.12516057
  39.0   2.100   -113.13690273
  39.0   2.200   -113.13403692
  39.0   2.300   -113.12202011
  39.0   2.400   -113.10415632
  39.0   2.500   -113.08283154
  39.0   2.600   -113.05976378
  39.0   2.700   -113.03617902
  39.0   2.800   -113.01293827
  39.0   2.900   -112.99395753
  39.0   3.000   -112.97044580
  39.0   3.100   -112.95029407
  39.0   3.200   -112.93269134

  40.0   1.600   -112.76154904
  40.0   1.700   -112.92242114
  40.0   1.800   -113.02675125
  40.0   1.900   -113.09046937
  40.0   2.000   -113.12516051
  40.0   2.100   -113.13690266
  40.0   2.200   -113.13403683
  40.0   2.300   -113.12202000
  40.0   2.400   -113.10415619
  40.0   2.500   -113.08283139
  40.0   2.600   -113.05976360
  40.0   2.700   -113.03617883
  40.0   2.800   -113.01293805
  40.0   2.900   -112.99395729
  40.0   3.000   -112.97044553
  40.0   3.100   -112.95029377
  40.0   3.200   -112.93269102

  41.0   1.600   -112.76154903
  41.0   1.700   -112.92242112
  41.0   1.800   -113.02675123
  41.0   1.900   -113.09046934
  41.0   2.000   -113.12516046
  41.0   2.100   -113.13690260
  41.0   2.200   -113.13403675
  41.0   2.300   -113.12201991
  41.0   2.400   -113.10415608
  41.0   2.500   -113.08283126
  41.0   2.600   -113.05976345
  41.0   2.700   -113.03617865
  41.0   2.800   -113.01293786
  41.0   2.900   -112.99395707
  41.0   3.000   -112.97044529
  41.0   3.100   -112.95029351
  41.0   3.200   -112.93269073

  42.0   1.600   -112.76154903
  42.0   1.700   -112.92242111
  42.0   1.800   -113.02675121
  42.0   1.900   -113.09046931
  42.0   2.000   -113.12516042
  42.0   2.100   -113.13690255
  42.0   2.200   -113.13403668
  42.0   2.300   -113.12201983
  42.0   2.400   -113.10415598
  42.0   2.500   -113.08283115
  42.0   2.600   -113.05976332
  42.0   2.700   -113.03617850
  42.0   2.800   -113.01293769
  42.0   2.900   -112.99395688
  42.0   3.000   -112.97044508
  42.0   3.100   -112.95029328
  42.0   3.200   -112.93269048

  43.0   1.600   -112.76154903
  43.0   1.700   -112.92242110
  43.0   1.800   -113.02675119
  43.0   1.900   -113.09046928
  43.0   2.000   -113.12516038
  43.0   2.100   -113.13690250
  43.0   2.200   -113.13403662
  43.0   2.300   -113.12201975
  43.0   2.400   -113.10415589
  43.0   2.500   -113.08283104
  43.0   2.600   -113.05976320
  43.0   2.700   -113.03617837
  43.0   2.800   -113.01293754
  43.0   2.900   -112.99395671
  43.0   3.000   -112.97044489
  43.0   3.100   -112.95029308
  43.0   3.200   -112.93269026

  44.0   1.600   -112.76154903
  44.0   1.700   -112.92242109
  44.0   1.800   -113.02675117
  44.0   1.900   -113.09046926
  44.0   2.000   -113.12516035
  44.0   2.100   -113.13690245
  44.0   2.200   -113.13403657
  44.0   2.300   -113.12201969
  44.0   2.400   -113.10415581
  44.0   2.500   -113.08283095
  44.0   2.600   -113.05976310
  44.0   2.700   -113.03617825
  44.0   2.800   -113.01293740
  44.0   2.900   -112.99395656
  44.0   3.000   -112.97044473
  44.0   3.100   -112.95029289
  44.0   3.200   -112.93269006

  45.0   1.600   -112.76154902
  45.0   1.700   -112.92242109
  45.0   1.800   -113.02675116
  45.0   1.900   -113.09046923
  45.0   2.000   -113.12516032
  45.0   2.100   -113.13690241
  45.0   2.200   -113.13403652
  45.0   2.300   -113.12201963
  45.0   2.400   -113.10415574
  45.0   2.500   -113.08283087
  45.0   2.600   -113.05976300
  45.0   2.700   -113.03617814
  45.0   2.800   -113.01293728
  45.0   2.900   -112.99395643
  45.0   3.000   -112.97044458
  45.0   3.100   -112.95029273
  45.0   3.200   -112.93268988

  46.0   1.600   -112.76154902
  46.0   1.700   -112.92242108
  46.0   1.800   -113.02675114
  46.0   1.900   -113.09046921
  46.0   2.000   -113.12516029
  46.0   2.100   -113.13690238
  46.0   2.200   -113.13403647
  46.0   2.300   -113.12201957
  46.0   2.400   -113.10415568
  46.0   2.500   -113.08283080
  46.0   2.600   -113.05976292
  46.0   2.700   -113.03617804
  46.0   2.800   -113.01293717
  46.0   2.900   -112.99395631
  46.0   3.000   -112.97044445
  46.0   3.100   -112.95029259
  46.0   3.200   -112.93268973

  47.0   1.600   -112.76154902
  47.0   1.700   -112.92242107
  47.0   1.800   -113.02675113
  47.0   1.900   -113.09046920
  47.0   2.000   -113.12516027
  47.0   2.100   -113.13690235
  47.0   2.200   -113.13403643
  47.0   2.300   -113.12201953
  47.0   2.400   -113.10415563
  47.0   2.500   -113.08283073
  47.0   2.600   -113.05976284
  47.0   2.700   -113.03617796
  47.0   2.800   -113.01293708
  47.0   2.900   -112.99395620
  47.0   3.000   -112.97044433
  47.0   3.100   -112.95029245
  47.0   3.200   -112.93268958

  48.0   1.600   -112.76154902
  48.0   1.700   -112.92242107
  48.0   1.800   -113.02675112
  48.0   1.900   -113.09046918
  48.0   2.000   -113.12516025
  48.0   2.100   -113.13690232
  48.0   2.200   -113.13403640
  48.0   2.300   -113.12201948
  48.0   2.400   -113.10415558
  48.0   2.500   -113.08283067
  48.0   2.600   -113.05976277
  48.0   2.700   -113.03617788
  48.0   2.800   -113.01293699
  48.0   2.900   -112.99395610
  48.0   3.000   -112.97044422
  48.0   3.100   -112.95029234
  48.0   3.200   -112.93268946

  49.0   1.600   -112.76154902
  49.0   1.700   -112.92242106
  49.0   1.800   -113.02675111
  49.0   1.900   -113.09046917
  49.0   2.000   -113.12516023
  49.0   2.100   -113.13690229
  49.0   2.200   -113.13403637
  49.0   2.300   -113.12201945
  49.0   2.400   -113.10415553
  49.0   2.500   -113.08283062
  49.0   2.600   -113.05976271
  49.0   2.700   -113.03617781
  49.0   2.800   -113.01293691
  49.0   2.900   -112.99395602
  49.0   3.000   -112.97044412
  49.0   3.100   -112.95029223
  49.0   3.200   -112.93268934

  50.0   1.600   -112.76154902
  50.0   1.700   -112.92242106
  50.0   1.800   -113.02675110
  50.0   1.900   -113.09046915
  50.0   2.000   -113.12516021
  50.0   2.100   -113.13690227
  50.0   2.200   -113.13403634
  50.0   2.300   -113.12201941
  50.0   2.400   -113.10415549
  50.0   2.500   -113.08283057
  50.0   2.600   -113.05976266
  50.0   2.700   -113.03617775
  50.0   2.800   -113.01293684
  50.0   2.900   -112.99395594
  50.0   3.000   -112.97044404
  50.0   3.100   -112.95029214
  50.0   3.200   -112.93268924

