   0.6   1.600      0.00561055
   0.6   1.700      0.09892382
   0.6   1.800      0.03685176
   0.6   1.900      0.03216179
   0.6   2.000     -0.02796974
   0.6   2.100     -0.02402213
   0.6   2.200     -0.02208620
   0.6   2.300     -0.01842462
   0.6   2.400     -0.01619461
   0.6   2.500     -0.02160794
   0.6   2.600     -0.02865381
   0.6   2.700      0.02127135
   0.6   2.800      0.01683497
   0.6   2.900      0.00148650
   0.6   3.000      0.00850051
   0.6   3.100      0.01283418
   0.6   3.200      0.01493023

   0.8   1.600      0.02059561
   0.8   1.700     -0.11162555
   0.8   1.800      0.04285439
   0.8   1.900      0.03250199
   0.8   2.000      0.00880162
   0.8   2.100      0.01027047
   0.8   2.200      0.00367150
   0.8   2.300      0.00877389
   0.8   2.400      0.01808958
   0.8   2.500     -0.00620544
   0.8   2.600     -0.00934506
   0.8   2.700      0.03148349
   0.8   2.800      0.02355407
   0.8   2.900     -0.00179074
   0.8   3.000      0.00897343
   0.8   3.100      0.01832240
   0.8   3.200      0.01506600

   1.0   1.600      0.02184873
   1.0   1.700     -0.12851930
   1.0   1.800      0.03916521
   1.0   1.900      0.02773053
   1.0   2.000      0.01796627
   1.0   2.100      0.00727724
   1.0   2.200      0.00184259
   1.0   2.300      0.00535334
   1.0   2.400      0.01232154
   1.0   2.500      0.01689363
   1.0   2.600      0.01825789
   1.0   2.700      0.03980421
   1.0   2.800      0.03449996
   1.0   2.900     -0.00344574
   1.0   3.000      0.00568507
   1.0   3.100      0.01139539
   1.0   3.200      0.01490048

   1.2   1.600      0.01503620
   1.2   1.700     -0.05138167
   1.2   1.800      0.02785332
   1.2   1.900      0.01781162
   1.2   2.000      0.00849799
   1.2   2.100     -0.01072470
   1.2   2.200     -0.01178469
   1.2   2.300     -0.01210313
   1.2   2.400     -0.01186507
   1.2   2.500      0.03466247
   1.2   2.600      0.04048347
   1.2   2.700      0.04485172
   1.2   2.800      0.04406730
   1.2   2.900     -0.00519033
   1.2   3.000      0.00260380
   1.2   3.100      0.00470679
   1.2   3.200      0.01484629

   1.4   1.600      0.00582434
   1.4   1.700      0.02016309
   1.4   1.800      0.01098781
   1.4   1.900      0.00270946
   1.4   2.000     -0.01062944
   1.4   2.100     -0.02145824
   1.4   2.200     -0.02142207
   1.4   2.300     -0.02701237
   1.4   2.400     -0.03283661
   1.4   2.500      0.03407427
   1.4   2.600      0.04366012
   1.4   2.700      0.04296309
   1.4   2.800      0.04665076
   1.4   2.900     -0.00873635
   1.4   3.000      0.00369799
   1.4   3.100      0.01091024
   1.4   3.200      0.01531605

   1.6   1.600     -0.00129681
   1.6   1.700      0.01342181
   1.6   1.800     -0.00925828
   1.6   1.900     -0.01654596
   1.6   2.000     -0.03177908
   1.6   2.100     -0.00948100
   1.6   2.200     -0.01702385
   1.6   2.300     -0.02739630
   1.6   2.400     -0.03476399
   1.6   2.500      0.00932414
   1.6   2.600      0.02076438
   1.6   2.700      0.02173087
   1.6   2.800      0.03724211
   1.6   2.900     -0.01469468
   1.6   3.000      0.01075381
   1.6   3.100      0.03664642
   1.6   3.200      0.01681883

   1.8   1.600     -0.00654224
   1.8   1.700     -0.03657444
   1.8   1.800     -0.03029616
   1.8   1.900     -0.03466147
   1.8   2.000     -0.05266124
   1.8   2.100      0.01331052
   1.8   2.200     -0.01151449
   1.8   2.300     -0.01969714
   1.8   2.400     -0.02503640
   1.8   2.500     -0.01650516
   1.8   2.600     -0.00863481
   1.8   2.700     -0.00542819
   1.8   2.800      0.01322162
   1.8   2.900     -0.01927242
   1.8   3.000      0.01682863
   1.8   3.100      0.06450404
   1.8   3.200      0.02024939

   2.0   1.600     -0.01105463
   2.0   1.700     -0.07872249
   2.0   1.800     -0.04987504
   2.0   1.900     -0.04759610
   2.0   2.000     -0.07232309
   2.0   2.100      0.03142542
   2.0   2.200     -0.01643896
   2.0   2.300     -0.01496220
   2.0   2.400     -0.01684756
   2.0   2.500     -0.02060669
   2.0   2.600     -0.02095536
   2.0   2.700     -0.01919841
   2.0   2.800     -0.01510712
   2.0   2.900     -0.01757575
   2.0   3.000      0.01279765
   2.0   3.100      0.07105884
   2.0   3.200      0.02655234

   2.1   1.600     -0.01309788
   2.1   1.700     -0.09377872
   2.1   1.800     -0.05893878
   2.1   1.900     -0.05336755
   2.1   2.000     -0.08139862
   2.1   2.100      0.03773614
   2.1   2.200     -0.01875881
   2.1   2.300     -0.01612884
   2.1   2.400     -0.01653779
   2.1   2.500     -0.01734652
   2.1   2.600     -0.01837266
   2.1   2.700     -0.01817469
   2.1   2.800     -0.01675895
   2.1   2.900     -0.01425930
   2.1   3.000      0.00414097
   2.1   3.100      0.05902761
   2.1   3.200      0.03078451

   2.2   1.600     -0.01498249
   2.2   1.700     -0.10535500
   2.2   1.800     -0.06751186
   2.2   1.900     -0.05873039
   2.2   2.000     -0.08981176
   2.2   2.100      0.04233418
   2.2   2.200     -0.02078813
   2.2   2.300     -0.01700295
   2.2   2.400     -0.01668974
   2.2   2.500     -0.01641899
   2.2   2.600     -0.01637273
   2.2   2.700     -0.01585332
   2.2   2.800     -0.01566499
   2.2   2.900     -0.01372409
   2.2   3.000     -0.00665144
   2.2   3.100      0.03288657
   2.2   3.200      0.03039664

   2.3   1.600     -0.01669594
   2.3   1.700     -0.11385031
   2.3   1.800     -0.07558915
   2.3   1.900     -0.06362481
   2.3   2.000     -0.09744338
   2.3   2.100      0.04530839
   2.3   2.200     -0.02286004
   2.3   2.300     -0.01754319
   2.3   2.400     -0.01658418
   2.3   2.500     -0.01587310
   2.3   2.600     -0.01528704
   2.3   2.700     -0.01410271
   2.3   2.800     -0.01399398
   2.3   2.900     -0.01350494
   2.3   3.000     -0.00834548
   2.3   3.100      0.00093794
   2.3   3.200      0.02549767

   2.4   1.600     -0.01822575
   2.4   1.700     -0.11966359
   2.4   1.800     -0.08316551
   2.4   1.900     -0.06805628
   2.4   2.000     -0.10417439
   2.4   2.100      0.04674763
   2.4   2.200     -0.02581920
   2.4   2.300     -0.01774572
   2.4   2.400     -0.01617885
   2.4   2.500     -0.01528908
   2.4   2.600     -0.01446168
   2.4   2.700     -0.01290037
   2.4   2.800     -0.01255818
   2.4   2.900     -0.01326958
   2.4   3.000     -0.00892986
   2.4   3.100     -0.00357443
   2.4   3.200      0.01787462

   2.5   1.600     -0.01955939
   2.5   1.700     -0.12319379
   2.5   1.800     -0.09023580
   2.5   1.900     -0.07204583
   2.5   2.000     -0.10988569
   2.5   2.100      0.04674075
   2.5   2.200     -0.02540687
   2.5   2.300     -0.01792604
   2.5   2.400     -0.01544561
   2.5   2.500     -0.01443115
   2.5   2.600     -0.01360052
   2.5   2.700     -0.01192272
   2.5   2.800     -0.01141931
   2.5   2.900     -0.01307511
   2.5   3.000     -0.00910931
   2.5   3.100     -0.00495213
   2.5   3.200      0.00931446

   2.6   1.600     -0.02068436
   2.6   1.700     -0.12483986
   2.6   1.800     -0.09679487
   2.6   1.900     -0.07564857
   2.6   2.000     -0.11445815
   2.6   2.100      0.04537659
   2.6   2.200     -0.02135521
   2.6   2.300     -0.01879843
   2.6   2.400     -0.01449128
   2.6   2.500     -0.01331830
   2.6   2.600     -0.01258283
   2.6   2.700     -0.01094369
   2.6   2.800     -0.01042587
   2.6   2.900     -0.01299755
   2.6   3.000     -0.00917396
   2.6   3.100     -0.00549209
   2.6   3.200      0.00160421

   2.7   1.600     -0.02158816
   2.7   1.700     -0.12500076
   2.7   1.800     -0.10283760
   2.7   1.900     -0.07893270
   2.7   2.000     -0.11777268
   2.7   2.100      0.04274403
   2.7   2.200     -0.01484659
   2.7   2.300     -0.01792272
   2.7   2.400     -0.01354431
   2.7   2.500     -0.01195963
   2.7   2.600     -0.01433690
   2.7   2.700     -0.00984762
   2.7   2.800     -0.00945557
   2.7   2.900     -0.01308690
   2.7   3.000     -0.00927092
   2.7   3.100     -0.00583243
   2.7   3.200     -0.00361104

   2.8   1.600     -0.02225827
   2.8   1.700     -0.12407544
   2.8   1.800     -0.10835883
   2.8   1.900     -0.08171187
   2.8   2.000     -0.11971017
   2.8   2.100      0.03893190
   2.8   2.200     -0.00706340
   2.8   2.300     -0.01509381
   2.8   2.400     -0.01322776
   2.8   2.500     -0.01044658
   2.8   2.600     -0.00991784
   2.8   2.700     -0.00906402
   2.8   2.800     -0.00838820
   2.8   2.900     -0.01331763
   2.8   3.000     -0.00945613
   2.8   3.100     -0.00606246
   2.8   3.200     -0.00566135

   2.9   1.600     -0.02257179
   2.9   1.700     -0.12246284
   2.9   1.800     -0.11335343
   2.9   1.900     -0.08390605
   2.9   2.000     -0.12015151
   2.9   2.100      0.03402907
   2.9   2.200      0.00081200
   2.9   2.300     -0.01093674
   2.9   2.400     -0.01749368
   2.9   2.500     -0.00899166
   2.9   2.600     -0.00828126
   2.9   2.700     -0.00741564
   2.9   2.800     -0.00721118
   2.9   2.900     -0.01370875
   2.9   3.000     -0.00975101
   2.9   3.100     -0.00634222
   2.9   3.200     -0.00553979

   3.0   1.600     -0.02221231
   3.0   1.700     -0.11969023
   3.0   1.800     -0.11603862
   3.0   1.900     -0.08548208
   3.0   2.000     -0.11897759
   3.0   2.100      0.02812438
   3.0   2.200      0.00759725
   3.0   2.300     -0.00607654
   3.0   2.400     -0.02284613
   3.0   2.500     -0.01517922
   3.0   2.600     -0.00653958
   3.0   2.700     -0.00545267
   3.0   2.800     -0.00588239
   3.0   2.900     -0.01425029
   3.0   3.000     -0.01018025
   3.0   3.100     -0.00669689
   3.0   3.200     -0.00423944

   3.1   1.600     -0.02160275
   3.1   1.700     -0.11348018
   3.1   1.800     -0.11130591
   3.1   1.900     -0.08640678
   3.1   2.000     -0.11606932
   3.1   2.100      0.02130669
   3.1   2.200      0.01210996
   3.1   2.300     -0.00113826
   3.1   2.400     -0.02356166
   3.1   2.500     -0.02011330
   3.1   2.600     -0.00487232
   3.1   2.700     -0.00375727
   3.1   2.800     -0.00279682
   3.1   2.900     -0.01494197
   3.1   3.000     -0.01073682
   3.1   3.100     -0.00714647
   3.1   3.200     -0.00275337

   3.2   1.600     -0.02086422
   3.2   1.700     -0.10648016
   3.2   1.800     -0.10514138
   3.2   1.900     -0.08664701
   3.2   2.000     -0.11127501
   3.2   2.100      0.01496591
   3.2   2.200      0.01316777
   3.2   2.300      0.00325306
   3.2   2.400     -0.01667332
   3.2   2.500     -0.01517217
   3.2   2.600     -0.00828933
   3.2   2.700     -0.00185745
   3.2   2.800     -0.00087497
   3.2   2.900     -0.01576832
   3.2   3.000     -0.01142945
   3.2   3.100     -0.00770064
   3.2   3.200     -0.00207464

   3.3   1.600     -0.02004956
   3.3   1.700     -0.09941627
   3.3   1.800     -0.09866205
   3.3   1.900     -0.08616960
   3.3   2.000     -0.10511621
   3.3   2.100      0.01339770
   3.3   2.200      0.01097195
   3.3   2.300      0.00647239
   3.3   2.400     -0.00764596
   3.3   2.500     -0.00909440
   3.3   2.600     -0.01039265
   3.3   2.700     -0.01063538
   3.3   2.800     -0.00076792
   3.3   2.900     -0.01673744
   3.3   3.000     -0.01226254
   3.3   3.100     -0.00836605
   3.3   3.200     -0.00265021

   3.4   1.600     -0.01919142
   3.4   1.700     -0.09251767
   3.4   1.800     -0.09221728
   3.4   1.900     -0.08494139
   3.4   2.000     -0.10069310
   3.4   2.100      0.01276823
   3.4   2.200      0.00961793
   3.4   2.300      0.00789468
   3.4   2.400      0.00230438
   3.4   2.500     -0.00293067
   3.4   2.600     -0.00556055
   3.4   2.700     -0.00704840
   3.4   2.800     -0.00194447
   3.4   2.900     -0.01785410
   3.4   3.000     -0.01323294
   3.4   3.100     -0.00914627
   3.4   3.200     -0.00322880

   3.5   1.600     -0.01831034
   3.5   1.700     -0.08589887
   3.5   1.800     -0.08595512
   3.5   1.900     -0.08292920
   3.5   2.000     -0.09663268
   3.5   2.100      0.00919581
   3.5   2.200      0.00856462
   3.5   2.300      0.00747014
   3.5   2.400      0.00530706
   3.5   2.500      0.00161599
   3.5   2.600     -0.00141706
   3.5   2.700     -0.00319886
   3.5   2.800     -0.00309101
   3.5   2.900     -0.01913023
   3.5   3.000     -0.01434067
   3.5   3.100     -0.01003937
   3.5   3.200     -0.00382669

   3.6   1.600     -0.01742193
   3.6   1.700     -0.07961376
   3.6   1.800     -0.07995081
   3.6   1.900     -0.08009989
   3.6   2.000     -0.08617781
   3.6   2.100      0.00819003
   3.6   2.200      0.00767164
   3.6   2.300      0.00688594
   3.6   2.400      0.00556003
   3.6   2.500      0.00363221
   3.6   2.600      0.00129188
   3.6   2.700     -0.00021146
   3.6   2.800     -0.00270005
   3.6   2.900     -0.02058456
   3.6   3.000     -0.01558679
   3.6   3.100     -0.01104487
   3.6   3.200     -0.00445387

   3.7   1.600     -0.01653968
   3.7   1.700     -0.07368121
   3.7   1.800     -0.07424157
   3.7   1.900     -0.07642029
   3.7   2.000     -0.08026265
   3.7   2.100      0.00731075
   3.7   2.200      0.00688285
   3.7   2.300      0.00627830
   3.7   2.400      0.00534536
   3.7   2.500      0.00412326
   3.7   2.600      0.00261037
   3.7   2.700      0.00163008
   3.7   2.800     -0.00036540
   3.7   2.900     -0.02031953
   3.7   3.000     -0.01691820
   3.7   3.100     -0.01142738
   3.7   3.200     -0.00510968

   3.8   1.600     -0.01566788
   3.8   1.700     -0.06811782
   3.8   1.800     -0.06884225
   3.8   1.900     -0.07185723
   3.8   2.000     -0.07463120
   3.8   2.100      0.00653100
   3.8   2.200      0.00617296
   3.8   2.300      0.00569137
   3.8   2.400      0.00498550
   3.8   2.500      0.00411672
   3.8   2.600      0.00306528
   3.8   2.700      0.00253309
   3.8   2.800      0.00103989
   3.8   2.900     -0.01866236
   3.8   3.000     -0.01658345
   3.8   3.100     -0.01123294
   3.8   3.200     -0.00578181

   3.9   1.600     -0.01481437
   3.9   1.700     -0.06289975
   3.9   1.800     -0.06375637
   3.9   1.900     -0.06664207
   3.9   2.000     -0.06929778
   3.9   2.100      0.00581825
   3.9   2.200      0.00551662
   3.9   2.300      0.00512837
   3.9   2.400      0.00457973
   3.9   2.500      0.00392063
   3.9   2.600      0.00313530
   3.9   2.700      0.00286031
   3.9   2.800      0.00175523
   3.9   2.900     -0.01667408
   3.9   3.000     -0.01493450
   3.9   3.100     -0.01076977
   3.9   3.200     -0.00642398

   4.0   1.600     -0.01398623
   4.0   1.700     -0.05802959
   4.0   1.800     -0.05898461
   4.0   1.900     -0.06173494
   4.0   2.000     -0.06427022
   4.0   2.100      0.00518127
   4.0   2.200      0.00493043
   4.0   2.300      0.00460991
   4.0   2.400      0.00415977
   4.0   2.500      0.00363903
   4.0   2.600      0.00303034
   4.0   2.700      0.00289823
   4.0   2.800      0.00204863
   4.0   2.900     -0.01541569
   4.0   3.000     -0.01300779
   4.0   3.100     -0.01034611
   4.0   3.200     -0.00691008

   4.1   1.600     -0.01318568
   4.1   1.700     -0.05349508
   4.1   1.800     -0.05451924
   4.1   1.900     -0.05713181
   4.1   2.000     -0.05954099
   4.1   2.100      0.00459118
   4.1   2.200      0.00439271
   4.1   2.300      0.00412708
   4.1   2.400      0.00375896
   4.1   2.500      0.00334103
   4.1   2.600      0.00284946
   4.1   2.700      0.00279348
   4.1   2.800      0.00211677
   4.1   2.900     -0.01534751
   4.1   3.000     -0.01183978
   4.1   3.100     -0.01010731
   4.1   3.200     -0.00712139

   4.2   1.600     -0.01241345
   4.2   1.700     -0.04927564
   4.2   1.800     -0.05035147
   4.2   1.900     -0.05282665
   4.2   2.000     -0.05510605
   4.2   2.100      0.00406930
   4.2   2.200      0.00390125
   4.2   2.300      0.00368068
   4.2   2.400      0.00337547
   4.2   2.500      0.00303539
   4.2   2.600      0.00263167
   4.2   2.700      0.00261935
   4.2   2.800      0.00206772
   4.2   2.900     -0.01507268
   4.2   3.000     -0.01190216
   4.2   3.100     -0.00972155
   4.2   3.200     -0.00710643

   4.4   1.600     -0.01096101
   4.4   1.700     -0.04172480
   4.4   1.800     -0.04286285
   4.4   1.900     -0.04506830
   4.4   2.000     -0.04707914
   4.4   2.100      0.00315519
   4.4   2.200      0.00305298
   4.4   2.300      0.00287659
   4.4   2.400      0.00263222
   4.4   2.500      0.00240479
   4.4   2.600      0.00214145
   4.4   2.700      0.00219596
   4.4   2.800      0.00181791
   4.4   2.900     -0.01418048
   4.4   3.000     -0.01153136
   4.4   3.100     -0.00900592
   4.4   3.200     -0.00676169

   4.6   1.600     -0.00963935
   4.6   1.700     -0.03528503
   4.6   1.800     -0.03645423
   4.6   1.900     -0.03840358
   4.6   2.000     -0.04012349
   4.6   2.100      0.00237276
   4.6   2.200      0.00228765
   4.6   2.300      0.00221289
   4.6   2.400      0.00205508
   4.6   2.500      0.00190173
   4.6   2.600      0.00172143
   4.6   2.700      0.00177246
   4.6   2.800      0.00151349
   4.6   2.900     -0.01307341
   4.6   3.000     -0.01082908
   4.6   3.100     -0.00852370
   4.6   3.200     -0.00629030

   4.8   1.600     -0.00845232
   4.8   1.700     -0.02995159
   4.8   1.800     -0.03088778
   4.8   1.900     -0.03260398
   4.8   2.000     -0.03410788
   4.8   2.100      0.00180053
   4.8   2.200      0.00173647
   4.8   2.300      0.00167102
   4.8   2.400      0.00156195
   4.8   2.500      0.00147602
   4.8   2.600      0.00135471
   4.8   2.700      0.00139967
   4.8   2.800      0.00122222
   4.8   2.900     -0.01189316
   4.8   3.000     -0.00998291
   4.8   3.100     -0.00802421
   4.8   3.200     -0.00593306

   5.0   1.600     -0.00738563
   5.0   1.700     -0.02568584
   5.0   1.800     -0.02612176
   5.0   1.900     -0.02761842
   5.0   2.000     -0.02894681
   5.0   2.100      0.00135425
   5.0   2.200      0.00129900
   5.0   2.300      0.00126191
   5.0   2.400      0.00118081
   5.0   2.500      0.00110711
   5.0   2.600      0.00103572
   5.0   2.700      0.00108727
   5.0   2.800      0.00096359
   5.0   2.900     -0.01071059
   5.0   3.000     -0.00908302
   5.0   3.100     -0.00741499
   5.0   3.200     -0.00572646

   5.2   1.600     -0.00643105
   5.2   1.700     -0.02177033
   5.2   1.800     -0.02207210
   5.2   1.900     -0.02336792
   5.2   2.000     -0.02456673
   5.2   2.100      0.00100428
   5.2   2.200      0.00096249
   5.2   2.300      0.00093633
   5.2   2.400      0.00087551
   5.2   2.500      0.00082847
   5.2   2.600      0.00078618
   5.2   2.700      0.00083232
   5.2   2.800      0.00074434
   5.2   2.900     -0.00956733
   5.2   3.000     -0.00818062
   5.2   3.100     -0.00675924
   5.2   3.200     -0.00532380

   5.4   1.600     -0.00558323
   5.4   1.700     -0.01839934
   5.4   1.800     -0.01860569
   5.4   1.900     -0.01973963
   5.4   2.000     -0.02081195
   5.4   2.100      0.00070205
   5.4   2.200      0.00070323
   5.4   2.300      0.00068820
   5.4   2.400      0.00062591
   5.4   2.500      0.00059828
   5.4   2.600      0.00058044
   5.4   2.700      0.00062834
   5.4   2.800      0.00056472
   5.4   2.900     -0.00848837
   5.4   3.000     -0.00730728
   5.4   3.100     -0.00609630
   5.4   3.200     -0.00487390

   5.6   1.600     -0.00483269
   5.6   1.700     -0.01508899
   5.6   1.800     -0.01566660
   5.6   1.900     -0.01664682
   5.6   2.000     -0.01757872
   5.6   2.100      0.00046374
   5.6   2.200      0.00046443
   5.6   2.300      0.00049290
   5.6   2.400      0.00044750
   5.6   2.500      0.00043381
   5.6   2.600      0.00042657
   5.6   2.700      0.00046812
   5.6   2.800      0.00042193
   5.6   2.900     -0.00748824
   5.6   3.000     -0.00648330
   5.6   3.100     -0.00545123
   5.6   3.200     -0.00440996

   5.8   1.600     -0.00417043
   5.8   1.700     -0.01267034
   5.8   1.800     -0.01317633
   5.8   1.900     -0.01401961
   5.8   2.000     -0.01482384
   5.8   2.100      0.00031956
   5.8   2.200      0.00032211
   5.8   2.300      0.00032211
   5.8   2.400      0.00038227
   5.8   2.500      0.00040144
   5.8   2.600      0.00011389
   5.8   2.700      0.00011489
   5.8   2.800      0.00031063
   5.8   2.900     -0.00657105
   5.8   3.000     -0.00571914
   5.8   3.100     -0.00484233
   5.8   3.200     -0.00395303

   6.0   1.600     -0.00358826
   6.0   1.700     -0.01062732
   6.0   1.800     -0.01106880
   6.0   1.900     -0.01179185
   6.0   2.000     -0.01247899
   6.0   2.100      0.00020854
   6.0   2.200      0.00021737
   6.0   2.300      0.00022051
   6.0   2.400      0.00041395
   6.0   2.500      0.00048365
   6.0   2.600     -0.00035552
   6.0   2.700     -0.00042443
   6.0   2.800      0.00022483
   6.0   2.900     -0.00573722
   6.0   3.000     -0.00501639
   6.0   3.100     -0.00427473
   6.0   3.200     -0.00351405

   7.0   1.600     -0.00161422
   7.0   1.700     -0.00433343
   7.0   1.800     -0.00454611
   7.0   1.900     -0.00486709
   7.0   2.000     -0.00518728
   7.0   2.100      0.00042063
   7.0   2.200      0.00052991
   7.0   2.300      0.00066898
   7.0   2.400      0.00085913
   7.0   2.500      0.00114499
   7.0   2.600     -0.00240399
   7.0   2.700     -0.00280831
   7.0   2.800     -0.00101869
   7.0   2.900     -0.00273317
   7.0   3.000     -0.00242648
   7.0   3.100     -0.00210987
   7.0   3.200     -0.00178487

   8.0   1.600     -0.00068579
   8.0   1.700     -0.00172144
   8.0   1.800     -0.00182116
   8.0   1.900     -0.00195666
   8.0   2.000     -0.00209319
   8.0   2.100      0.00003630
   8.0   2.200      0.00005798
   8.0   2.300      0.00008474
   8.0   2.400      0.00012217
   8.0   2.500      0.00017897
   8.0   2.600     -0.00052228
   8.0   2.700     -0.00062828
   8.0   2.800     -0.00170987
   8.0   2.900      0.00072446
   8.0   3.000      0.00099177
   8.0   3.100     -0.00094633
   8.0   3.200     -0.00081269

   9.0   1.600     -0.00027504
   9.0   1.700     -0.00066801
   9.0   1.800     -0.00071345
   9.0   1.900     -0.00076836
   9.0   2.000     -0.00082400
   9.0   2.100     -0.00001722
   9.0   2.200     -0.00001341
   9.0   2.300     -0.00000818
   9.0   2.400     -0.00000090
   9.0   2.500      0.00000960
   9.0   2.600     -0.00007440
   9.0   2.700     -0.00009816
   9.0   2.800     -0.00037839
   9.0   2.900      0.00044398
   9.0   3.000      0.00044036
   9.0   3.100     -0.00039509
   9.0   3.200     -0.00034172

  10.0   1.600     -0.00010242
  10.0   1.700     -0.00025026
  10.0   1.800     -0.00027041
  10.0   1.900     -0.00029159
  10.0   2.000     -0.00031312
  10.0   2.100     -0.00001592
  10.0   2.200     -0.00001589
  10.0   2.300     -0.00001524
  10.0   2.400     -0.00001396
  10.0   2.500     -0.00001229
  10.0   2.600      0.00000170
  10.0   2.700     -0.00000516
  10.0   2.800     -0.00003086
  10.0   2.900      0.00018940
  10.0   3.000      0.00017342
  10.0   3.100     -0.00015393
  10.0   3.200     -0.00013331

  12.0   1.600     -0.00000998
  12.0   1.700     -0.00002897
  12.0   1.800     -0.00003174
  12.0   1.900     -0.00003428
  12.0   2.000     -0.00003689
  12.0   2.100     -0.00000636
  12.0   2.200     -0.00000689
  12.0   2.300     -0.00000713
  12.0   2.400     -0.00000711
  12.0   2.500     -0.00000716
  12.0   2.600      0.00000683
  12.0   2.700      0.00000647
  12.0   2.800      0.00001818
  12.0   2.900      0.00002270
  12.0   3.000      0.00002036
  12.0   3.100     -0.00001794
  12.0   3.200     -0.00001545

  14.0   1.600     -0.00000062
  14.0   1.700     -0.00000235
  14.0   1.800     -0.00000260
  14.0   1.900     -0.00000281
  14.0   2.000     -0.00000303
  14.0   2.100     -0.00000343
  14.0   2.200     -0.00000375
  14.0   2.300     -0.00000390
  14.0   2.400     -0.00000390
  14.0   2.500     -0.00000393
  14.0   2.600      0.00000379
  14.0   2.700      0.00000391
  14.0   2.800      0.00001005
  14.0   2.900      0.00000171
  14.0   3.000      0.00000152
  14.0   3.100     -0.00000133
  14.0   3.200     -0.00000113

  16.0   1.600     -0.00000002
  16.0   1.700     -0.00000013
  16.0   1.800     -0.00000014
  16.0   1.900     -0.00000015
  16.0   2.000     -0.00000016
  16.0   2.100     -0.00000186
  16.0   2.200     -0.00000204
  16.0   2.300     -0.00000213
  16.0   2.400     -0.00000212
  16.0   2.500     -0.00000213
  16.0   2.600      0.00000205
  16.0   2.700      0.00000210
  16.0   2.800      0.00000539
  16.0   2.900      0.00000008
  16.0   3.000      0.00000007
  16.0   3.100     -0.00000006
  16.0   3.200     -0.00000005

  18.0   1.600      0.00000000
  18.0   1.700     -0.00000001
  18.0   1.800     -0.00000001
  18.0   1.900     -0.00000001
  18.0   2.000     -0.00000001
  18.0   2.100     -0.00000089
  18.0   2.200     -0.00000098
  18.0   2.300     -0.00000102
  18.0   2.400     -0.00000102
  18.0   2.500     -0.00000102
  18.0   2.600      0.00000098
  18.0   2.700      0.00000099
  18.0   2.800      0.00000252
  18.0   2.900      0.00000000
  18.0   3.000      0.00000000
  18.0   3.100      0.00000000
  18.0   3.200      0.00000000

  20.0   1.600      0.00000000
  20.0   1.700      0.00000000
  20.0   1.800      0.00000000
  20.0   1.900      0.00000000
  20.0   2.000      0.00000000
  20.0   2.100     -0.00000025
  20.0   2.200     -0.00000027
  20.0   2.300     -0.00000028
  20.0   2.400     -0.00000028
  20.0   2.500     -0.00000027
  20.0   2.600      0.00000027
  20.0   2.700      0.00000027
  20.0   2.800      0.00000068
  20.0   2.900      0.00000000
  20.0   3.000      0.00000000
  20.0   3.100      0.00000000
  20.0   3.200      0.00000000

