   0.6   1.600   -110.62303950
   0.6   1.700   -111.08786920
   0.6   1.800   -111.54319010
   0.6   1.900   -111.76760210
   0.6   2.000   -111.76378190
   0.6   2.100   -111.95169540
   0.6   2.200   -112.10057240
   0.6   2.300   -112.22078100
   0.6   2.400   -112.30926250
   0.6   2.500   -112.36725210
   0.6   2.600   -112.42744320
   0.6   2.700   -112.49957780
   0.6   2.800   -112.56199830
   0.6   2.900   -112.62132630
   0.6   3.000   -112.67667850
   0.6   3.100   -112.77195680
   0.6   3.200   -112.80924690

   0.8   1.600   -111.19523605
   0.8   1.700   -111.58286337
   0.8   1.800   -111.98596452
   0.8   1.900   -112.16127774
   0.8   2.000   -112.22953765
   0.8   2.100   -112.21990545
   0.8   2.200   -112.33031050
   0.8   2.300   -112.43310793
   0.8   2.400   -112.48238693
   0.8   2.500   -112.49761319
   0.8   2.600   -112.55148929
   0.8   2.700   -112.62669720
   0.8   2.800   -112.67307581
   0.8   2.900   -112.71701119
   0.8   3.000   -112.75660676
   0.8   3.100   -112.83687825
   0.8   3.200   -112.86048178

   1.0   1.600   -111.59193800
   1.0   1.700   -111.97050610
   1.0   1.800   -112.27943030
   1.0   1.900   -112.41863810
   1.0   2.000   -112.50145720
   1.0   2.100   -112.44425350
   1.0   2.200   -112.53147830
   1.0   2.300   -112.60094750
   1.0   2.400   -112.63066810
   1.0   2.500   -112.63840260
   1.0   2.600   -112.67675840
   1.0   2.700   -112.73778640
   1.0   2.800   -112.76029810
   1.0   2.900   -112.78684170
   1.0   3.000   -112.81326390
   1.0   3.100   -112.88049510
   1.0   3.200   -112.90178870

   1.2   1.600   -111.85159598
   1.2   1.700   -112.25691381
   1.2   1.800   -112.46540368
   1.2   1.900   -112.57912848
   1.2   2.000   -112.64006540
   1.2   2.100   -112.62752200
   1.2   2.200   -112.69264297
   1.2   2.300   -112.72901087
   1.2   2.400   -112.75236494
   1.2   2.500   -112.77043723
   1.2   2.600   -112.79178113
   1.2   2.700   -112.82890400
   1.2   2.800   -112.83122754
   1.2   2.900   -112.84107279
   1.2   3.000   -112.85608596
   1.2   3.100   -112.91284658
   1.2   3.200   -112.93324672

   1.4   1.600   -112.01266060
   1.4   1.700   -112.44820290
   1.4   1.800   -112.58570090
   1.4   1.900   -112.68219420
   1.4   2.000   -112.70588710
   1.4   2.100   -112.77249340
   1.4   2.200   -112.80237170
   1.4   2.300   -112.82200920
   1.4   2.400   -112.84573640
   1.4   2.500   -112.87453400
   1.4   2.600   -112.88508810
   1.4   2.700   -112.89736980
   1.4   2.800   -112.89342650
   1.4   2.900   -112.88995940
   1.4   3.000   -112.89450900
   1.4   3.100   -112.94397190
   1.4   3.200   -112.95493490

   1.6   1.600   -112.11211080
   1.6   1.700   -112.55443156
   1.6   1.800   -112.67426427
   1.6   1.900   -112.76053954
   1.6   2.000   -112.74969557
   1.6   2.100   -112.88129441
   1.6   2.200   -112.85769127
   1.6   2.300   -112.88520716
   1.6   2.400   -112.91042426
   1.6   2.500   -112.93774652
   1.6   2.600   -112.94815744
   1.6   2.700   -112.95036215
   1.6   2.800   -112.95042862
   1.6   2.900   -112.94000779
   1.6   3.000   -112.93507719
   1.6   3.100   -112.96923238
   1.6   3.200   -112.96709637

   1.8   1.600   -112.18103870
   1.8   1.700   -112.60142510
   1.8   1.800   -112.73354030
   1.8   1.900   -112.81990470
   1.8   2.000   -112.78325786
   1.8   2.100   -112.95342880
   1.8   2.200   -112.88946690
   1.8   2.300   -112.92608336
   1.8   2.400   -112.95160174
   1.8   2.500   -112.97207520
   1.8   2.600   -112.98425740
   1.8   2.700   -112.98420150
   1.8   2.800   -112.98965270
   1.8   2.900   -112.98272943
   1.8   3.000   -112.97276718
   1.8   3.100   -112.98736141
   1.8   3.200   -112.97063060

   2.0   1.600   -112.24370916
   2.0   1.700   -112.61568660
   2.0   1.800   -112.76069045
   2.0   1.900   -112.85889380
   2.0   2.000   -112.80858944
   2.0   2.100   -112.98951655
   2.0   2.200   -112.92397520
   2.0   2.300   -112.95266990
   2.0   2.400   -112.97582490
   2.0   2.500   -112.99221550
   2.0   2.600   -113.00145340
   2.0   2.700   -112.99762650
   2.0   2.800   -113.00291000
   2.0   2.900   -113.00588710
   2.0   3.000   -112.99966375
   2.0   3.100   -112.99904405
   2.0   3.200   -112.96474500

   2.1   1.600   -112.27392087
   2.1   1.700   -112.61494900
   2.1   1.800   -112.76440558
   2.1   1.900   -112.87009420
   2.1   2.000   -112.81879856
   2.1   2.100   -112.99634086
   2.1   2.200   -112.93637360
   2.1   2.300   -112.96270640
   2.1   2.400   -112.98364280
   2.1   2.500   -112.99791770
   2.1   2.600   -113.00705210
   2.1   2.700   -113.00241250
   2.1   2.800   -113.00638530
   2.1   2.900   -113.00814930
   2.1   3.000   -113.00659100
   2.1   3.100   -113.00268206
   2.1   3.200   -112.95543720

   2.2   1.600   -112.30296472
   2.2   1.700   -112.61066299
   2.2   1.800   -112.76323176
   2.2   1.900   -112.87658810
   2.2   2.000   -112.82770581
   2.2   2.100   -112.99726540
   2.2   2.200   -112.94586980
   2.2   2.300   -112.97013030
   2.2   2.400   -112.98957960
   2.2   2.500   -113.00249620
   2.2   2.600   -113.01067980
   2.2   2.700   -113.00584740
   2.2   2.800   -113.00896890
   2.2   2.900   -113.00988780
   2.2   3.000   -113.00879950
   2.2   3.100   -113.00496536
   2.2   3.200   -112.95307775

   2.3   1.600   -112.33052658
   2.3   1.700   -112.60410142
   2.3   1.800   -112.75843221
   2.3   1.900   -112.87962490
   2.3   2.000   -112.83556313
   2.3   2.100   -112.99347515
   2.3   2.200   -112.95332410
   2.3   2.300   -112.97536590
   2.3   2.400   -112.99369400
   2.3   2.500   -113.00563060
   2.3   2.600   -113.01297690
   2.3   2.700   -113.00797760
   2.3   2.800   -113.01044780
   2.3   2.900   -113.01075720
   2.3   3.000   -113.00927830
   2.3   3.100   -113.00597960
   2.3   3.200   -112.95780998

   2.4   1.600   -112.35629231
   2.4   1.700   -112.59653718
   2.4   1.800   -112.75127018
   2.4   1.900   -112.88024870
   2.4   2.000   -112.84262244
   2.4   2.100   -112.98615505
   2.4   2.200   -112.95999890
   2.4   2.300   -112.97879610
   2.4   2.400   -112.99624860
   2.4   2.500   -113.00742600
   2.4   2.600   -113.01412910
   2.4   2.700   -113.00897560
   2.4   2.800   -113.01093160
   2.4   2.900   -113.01077840
   2.4   3.000   -113.00892180
   2.4   3.100   -113.00579940
   2.4   3.200   -112.96612477

   2.5   1.600   -112.37994779
   2.5   1.700   -112.58924311
   2.5   1.800   -112.74300892
   2.5   1.900   -112.87912670
   2.5   2.000   -112.84913570
   2.5   2.100   -112.97649007
   2.5   2.200   -112.96362504
   2.5   2.300   -112.98085460
   2.5   2.400   -112.99742990
   2.5   2.500   -113.00808280
   2.5   2.600   -113.01429960
   2.5   2.700   -113.00909240
   2.5   2.800   -113.01059520
   2.5   2.900   -113.01004870
   2.5   3.000   -113.00786590
   2.5   3.100   -113.00456330
   2.5   3.200   -112.97451301

   2.6   1.600   -112.40117889
   2.6   1.700   -112.58349209
   2.6   1.800   -112.73491167
   2.6   1.900   -112.87667330
   2.6   2.000   -112.85535483
   2.6   2.100   -112.96566517
   2.6   2.200   -112.96431602
   2.6   2.300   -112.98206700
   2.6   2.400   -112.99750600
   2.6   2.500   -113.00781150
   2.6   2.600   -113.01367410
   2.6   2.700   -113.00849610
   2.6   2.800   -113.00960880
   2.6   2.900   -113.00872280
   2.6   3.000   -113.00625320
   2.6   3.100   -113.00271040
   2.6   3.200   -112.97946559

   2.7   1.600   -112.41967147
   2.7   1.700   -112.58055697
   2.7   1.800   -112.72824167
   2.7   1.900   -112.87313440
   2.7   2.000   -112.86153176
   2.7   2.100   -112.95486531
   2.7   2.200   -112.96309465
   2.7   2.300   -112.98223243
   2.7   2.400   -112.99667820
   2.7   2.500   -113.00675880
   2.7   2.600   -113.00862980
   2.7   2.700   -113.00733230
   2.7   2.800   -113.00810950
   2.7   2.900   -113.00693100
   2.7   3.000   -113.00421630
   2.7   3.100   -113.00038490
   2.7   3.200   -112.97907511

   2.8   1.600   -112.43511140
   2.8   1.700   -112.58171062
   2.8   1.800   -112.72426217
   2.8   1.900   -112.87020842
   2.8   2.000   -112.86791844
   2.8   2.100   -112.94527546
   2.8   2.200   -112.96098374
   2.8   2.300   -112.98164231
   2.8   2.400   -112.99510140
   2.8   2.500   -113.00504470
   2.8   2.600   -113.01060710
   2.8   2.700   -112.99704160
   2.8   2.800   -113.00622800
   2.8   2.900   -113.00480180
   2.8   3.000   -113.00186040
   2.8   3.100   -112.99783980
   2.8   3.200   -112.97669198

   2.9   1.600   -112.44758170
   2.9   1.700   -112.58822590
   2.9   1.800   -112.72423640
   2.9   1.900   -112.86829172
   2.9   2.000   -112.87476680
   2.9   2.100   -112.93808056
   2.9   2.200   -112.95900609
   2.9   2.300   -112.98077308
   2.9   2.400   -112.99177732
   2.9   2.500   -113.00274930
   2.9   2.600   -113.00838170
   2.9   2.700   -112.99981620
   2.9   2.800   -113.00405400
   2.9   2.900   -113.00243340
   2.9   3.000   -112.99931120
   2.9   3.100   -112.99511380
   2.9   3.200   -112.97297977

   3.0   1.600   -112.45837440
   3.0   1.700   -112.59988670
   3.0   1.800   -112.72967390
   3.0   1.900   -112.86732512
   3.0   2.000   -112.88232878
   3.0   2.100   -112.93446559
   3.0   2.200   -112.95818452
   3.0   2.300   -112.98010115
   3.0   2.400   -112.98752747
   3.0   2.500   -112.99968770
   3.0   2.600   -113.00578980
   3.0   2.700   -113.00097660
   3.0   2.800   -113.00167060
   3.0   2.900   -112.99988790
   3.0   3.000   -112.99663320
   3.0   3.100   -112.99228610
   3.0   3.200   -112.96860207

   3.1   1.600   -112.46774560
   3.1   1.700   -112.61179660
   3.1   1.800   -112.74091570
   3.1   1.900   -112.86724945
   3.1   2.000   -112.89085630
   3.1   2.100   -112.93561550
   3.1   2.200   -112.95954182
   3.1   2.300   -112.98010297
   3.1   2.400   -112.98374340
   3.1   2.500   -112.98916230
   3.1   2.600   -113.00280710
   3.1   2.700   -112.99913600
   3.1   2.800   -112.99435750
   3.1   2.900   -112.99725540
   3.1   3.000   -112.99389190
   3.1   3.100   -112.98941760
   3.1   3.200   -112.96422249

   3.2   1.600   -112.47588250
   3.2   1.700   -112.62265460
   3.2   1.800   -112.75189930
   3.2   1.900   -112.86800552
   3.2   2.000   -112.90053090
   3.2   2.100   -112.94107670
   3.2   2.200   -112.96410080
   3.2   2.300   -112.98125497
   3.2   2.400   -112.98190730
   3.2   2.500   -112.98037120
   3.2   2.600   -112.98897287
   3.2   2.700   -112.99657070
   3.2   2.800   -112.99366950
   3.2   2.900   -112.99459290
   3.2   3.000   -112.99113520
   3.2   3.100   -112.98654910
   3.2   3.200   -112.96050460

   3.3   1.600   -112.48293990
   3.3   1.700   -112.63237210
   3.3   1.800   -112.76190180
   3.3   1.900   -112.86953415
   3.3   2.000   -112.91004990
   3.3   2.100   -112.94420450
   3.3   2.200   -112.97180370
   3.3   2.300   -112.98403357
   3.3   2.400   -112.98399010
   3.3   2.500   -112.98229510
   3.3   2.600   -112.97763480
   3.3   2.700   -112.96606410
   3.3   2.800   -112.99402000
   3.3   2.900   -112.99194250
   3.3   3.000   -112.98838740
   3.3   3.100   -112.98370960
   3.3   3.200   -112.95775160

   3.4   1.600   -112.48905180
   3.4   1.700   -112.64092180
   3.4   1.800   -112.77083420
   3.4   1.900   -112.87177617
   3.4   2.000   -112.91402950
   3.4   2.100   -112.94659040
   3.4   2.200   -112.97933220
   3.4   2.300   -112.98891520
   3.4   2.400   -112.99072680
   3.4   2.500   -112.98717520
   3.4   2.600   -112.98122190
   3.4   2.700   -112.96800020
   3.4   2.800   -112.98524751
   3.4   2.900   -112.98931900
   3.4   3.000   -112.98566000
   3.4   3.100   -112.98089850
   3.4   3.200   -112.95514140

   3.5   1.600   -112.49433610
   3.5   1.700   -112.64843870
   3.5   1.800   -112.77874070
   3.5   1.900   -112.87467240
   3.5   2.000   -112.91623920
   3.5   2.100   -112.96578710
   3.5   2.200   -112.98631430
   3.5   2.300   -112.99563340
   3.5   2.400   -112.99727560
   3.5   2.500   -112.99339890
   3.5   2.600   -112.98620370
   3.5   2.700   -112.97256150
   3.5   2.800   -112.97300150
   3.5   2.900   -112.98668140
   3.5   3.000   -112.98291080
   3.5   3.100   -112.97808930
   3.5   3.200   -112.95267020

   3.6   1.600   -112.49889630
   3.6   1.700   -112.65502630
   3.6   1.800   -112.78570190
   3.6   1.900   -112.87816365
   3.6   2.000   -112.93356180
   3.6   2.100   -112.97225170
   3.6   2.200   -112.99264570
   3.6   2.300   -113.00178810
   3.6   2.400   -113.00318130
   3.6   2.500   -112.99915210
   3.6   2.600   -112.99161260
   3.6   2.700   -112.97804980
   3.6   2.800   -112.96707610
   3.6   2.900   -112.98383430
   3.6   3.000   -112.97998730
   3.6   3.100   -112.97519270
   3.6   3.200   -112.95032330

   3.7   1.600   -112.50282360
   3.7   1.700   -112.66077420
   3.7   1.800   -112.79180550
   3.7   1.900   -112.88219074
   3.7   2.000   -112.93972100
   3.7   2.100   -112.97800990
   3.7   2.200   -112.99832950
   3.7   2.300   -113.00736310
   3.7   2.400   -113.00857470
   3.7   2.500   -113.00437110
   3.7   2.600   -112.99664140
   3.7   2.700   -112.98342540
   3.7   2.800   -112.97216460
   3.7   2.900   -112.97975768
   3.7   3.000   -112.97647060
   3.7   3.100   -112.96816372
   3.7   3.200   -112.94806500

   3.8   1.600   -112.50619840
   3.8   1.700   -112.66578430
   3.8   1.800   -112.79713690
   3.8   1.900   -112.88669450
   3.8   2.000   -112.94514220
   3.8   2.100   -112.98311610
   3.8   2.200   -113.00339270
   3.8   2.300   -113.01235400
   3.8   2.400   -113.01345390
   3.8   2.500   -113.00910780
   3.8   2.600   -113.00121600
   3.8   2.700   -112.98833300
   3.8   2.800   -112.97692310
   3.8   2.900   -112.97547146
   3.8   3.000   -112.97175939
   3.8   3.100   -112.95861597
   3.8   3.200   -112.94584610

   3.9   1.600   -112.50909110
   3.9   1.700   -112.67013600
   3.9   1.800   -112.80177910
   3.9   1.900   -112.89140580
   3.9   2.000   -112.94989540
   3.9   2.100   -112.98762570
   3.9   2.200   -113.00788140
   3.9   2.300   -113.01680300
   3.9   2.400   -113.01781700
   3.9   2.500   -113.01337940
   3.9   2.600   -113.00537910
   3.9   2.700   -112.99276910
   3.9   2.800   -112.98123910
   3.9   2.900   -112.97259866
   3.9   3.000   -112.96697122
   3.9   3.100   -112.94996213
   3.9   3.200   -112.94366690

   4.0   1.600   -112.51156370
   4.0   1.700   -112.67390510
   4.0   1.800   -112.80580950
   4.0   1.900   -112.89550890
   4.0   2.000   -112.95405000
   4.0   2.100   -112.99158110
   4.0   2.200   -113.01183680
   4.0   2.300   -113.02073430
   4.0   2.400   -113.02170120
   4.0   2.500   -113.01720500
   4.0   2.600   -113.00912740
   4.0   2.700   -112.99676600
   4.0   2.800   -112.98513770
   4.0   2.900   -112.97276230
   4.0   3.000   -112.96369263
   4.0   3.100   -112.94561490
   4.0   3.200   -112.94181590

   4.1   1.600   -112.51367060
   4.1   1.700   -112.67716040
   4.1   1.800   -112.80929830
   4.1   1.900   -112.89907120
   4.1   2.000   -112.95766540
   4.1   2.100   -112.99504630
   4.1   2.200   -113.01530820
   4.1   2.300   -113.02419780
   4.1   2.400   -113.02513210
   4.1   2.500   -113.02059970
   4.1   2.600   -113.01246760
   4.1   2.700   -113.00034040
   4.1   2.800   -112.98864060
   4.1   2.900   -112.97624990
   4.1   3.000   -112.96351020
   4.1   3.100   -112.94712410
   4.1   3.200   -112.94096880

   4.2   1.600   -112.51545990
   4.2   1.700   -112.67996200
   4.2   1.800   -112.81230940
   4.2   1.900   -112.90215450
   4.2   2.000   -112.96080280
   4.2   2.100   -112.99806450
   4.2   2.200   -113.01834370
   4.2   2.300   -113.02723600
   4.2   2.400   -113.02815040
   4.2   2.500   -113.02359530
   4.2   2.600   -113.01542990
   4.2   2.700   -113.00351500
   4.2   2.800   -112.99176380
   4.2   2.900   -112.97935470
   4.2   3.000   -112.96672810
   4.2   3.100   -112.95013250
   4.2   3.200   -112.93950520

   4.4   1.600   -112.51825090
   4.4   1.700   -112.68442470
   4.4   1.800   -112.81712340
   4.4   1.900   -112.90710370
   4.4   2.000   -112.96585650
   4.4   2.100   -113.00295750
   4.4   2.200   -113.02328970
   4.4   2.300   -113.03220240
   4.4   2.400   -113.03310110
   4.4   2.500   -113.02853620
   4.4   2.600   -113.02034000
   4.4   2.700   -113.00878860
   4.4   2.800   -112.99696840
   4.4   2.900   -112.98452830
   4.4   3.000   -112.97196110
   4.4   3.100   -112.95691840
   4.4   3.200   -112.93353740

   4.6   1.600   -112.52021680
   4.6   1.700   -112.68767280
   4.6   1.800   -112.82064660
   4.6   1.900   -112.91074670
   4.6   2.000   -112.96959250
   4.6   2.100   -113.00659710
   4.6   2.200   -113.02698440
   4.6   2.300   -113.03593780
   4.6   2.400   -113.03683830
   4.6   2.500   -113.03228010
   4.6   2.600   -113.02407540
   4.6   2.700   -113.01282360
   4.6   2.800   -113.00096230
   4.6   2.900   -112.98769990
   4.6   3.000   -112.97593680
   4.6   3.100   -112.95649300
   4.6   3.200   -112.93309770

   4.8   1.600   -112.52157360
   4.8   1.700   -112.68632980
   4.8   1.800   -112.82317620
   4.8   1.900   -112.91337850
   4.8   2.000   -112.97232460
   4.8   2.100   -113.00926240
   4.8   2.200   -113.02970520
   4.8   2.300   -113.03870260
   4.8   2.400   -113.03963120
   4.8   2.500   -113.03508920
   4.8   2.600   -113.02688910
   4.8   2.700   -113.01585340
   4.8   2.800   -113.00398110
   4.8   2.900   -112.98884520
   4.8   3.000   -112.97702800
   4.8   3.100   -112.95525530
   4.8   3.200   -112.93328590

   5.0   1.600   -112.52248630
   5.0   1.700   -112.68904840
   5.0   1.800   -112.82496990
   5.0   1.900   -112.91525590
   5.0   2.000   -112.97429700
   5.0   2.100   -113.01118530
   5.0   2.200   -113.03168050
   5.0   2.300   -113.04071730
   5.0   2.400   -113.04168890
   5.0   2.500   -113.03717330
   5.0   2.600   -113.02898440
   5.0   2.700   -113.01810040
   5.0   2.800   -113.00624100
   5.0   2.900   -112.98965230
   5.0   3.000   -112.97615940
   5.0   3.100   -112.95428210
   5.0   3.200   -112.93358150

   5.2   1.600   -112.52307980
   5.2   1.700   -112.69095420
   5.2   1.800   -112.82622280
   5.2   1.900   -112.91657630
   5.2   2.000   -112.97570920
   5.2   2.100   -113.01254760
   5.2   2.200   -113.03309160
   5.2   2.300   -113.04216700
   5.2   2.400   -113.04318550
   5.2   2.500   -113.03869270
   5.2   2.600   -113.03051680
   5.2   2.700   -113.01974870
   5.2   2.800   -113.00791200
   5.2   2.900   -112.99021110
   5.2   3.000   -112.97545010
   5.2   3.100   -112.95349410
   5.2   3.200   -112.93275880

   5.4   1.600   -112.52344740
   5.4   1.700   -112.69226950
   5.4   1.800   -112.82707410
   5.4   1.900   -112.91748870
   5.4   2.000   -112.97668890
   5.4   2.100   -113.01350600
   5.4   2.200   -113.03408360
   5.4   2.300   -113.04319240
   5.4   2.400   -113.04426210
   5.4   2.500   -113.03979230
   5.4   2.600   -113.03163140
   5.4   2.700   -113.02094320
   5.4   2.800   -113.00912990
   5.4   2.900   -112.99058780
   5.4   3.000   -112.97486090
   5.4   3.100   -112.95284360
   5.4   3.200   -112.93205390

   5.6   1.600   -112.52365770
   5.6   1.700   -112.69408840
   5.6   1.800   -112.82764060
   5.6   1.900   -112.91810110
   5.6   2.000   -112.97734670
   5.6   2.100   -113.01417760
   5.6   2.200   -113.03478830
   5.6   2.300   -113.04391480
   5.6   2.400   -113.04501000
   5.6   2.500   -113.04055970
   5.6   2.600   -113.03241620
   5.6   2.700   -113.02179680
   5.6   2.800   -113.01000150
   5.6   2.900   -112.99083240
   5.6   3.000   -112.97436340
   5.6   3.100   -112.95229640
   5.6   3.200   -112.93146200

   5.8   1.600   -112.52376090
   5.8   1.700   -112.69439820
   5.8   1.800   -112.82800340
   5.8   1.900   -112.91849990
   5.8   2.000   -112.97778070
   5.8   2.100   -113.01461890
   5.8   2.200   -113.03525390
   5.8   2.300   -113.04441410
   5.8   2.400   -113.04554041
   5.8   2.500   -113.04110114
   5.8   2.600   -113.03306845
   5.8   2.700   -113.02233299
   5.8   2.800   -113.01061420
   5.8   2.900   -112.99098210
   5.8   3.000   -112.97393780
   5.8   3.100   -112.95182750
   5.8   3.200   -112.93095540

   6.0   1.600   -112.52379320
   6.0   1.700   -112.69457770
   6.0   1.800   -112.82822290
   6.0   1.900   -112.91874760
   6.0   2.000   -112.97805560
   6.0   2.100   -113.01489990
   6.0   2.200   -113.03555550
   6.0   2.300   -113.04473490
   6.0   2.400   -113.04590244
   6.0   2.500   -113.04146674
   6.0   2.600   -113.03363399
   6.0   2.700   -113.02260583
   6.0   2.800   -113.01103690
   6.0   2.900   -112.99106540
   6.0   3.000   -112.97356840
   6.0   3.100   -112.95142210
   6.0   3.200   -112.93051400

   7.0   1.600   -112.52356440
   7.0   1.700   -112.69462810
   7.0   1.800   -112.82836480
   7.0   1.900   -112.91895810
   7.0   2.000   -112.97833620
   7.0   2.100   -113.01519700
   7.0   2.200   -113.03589790
   7.0   2.300   -113.04510990
   7.0   2.400   -113.04624460
   7.0   2.500   -113.04180110
   7.0   2.600   -113.03503220
   7.0   2.700   -113.02240790
   7.0   2.800   -113.01136702
   7.0   2.900   -112.99104520
   7.0   3.000   -112.97227820
   7.0   3.100   -112.95001590
   7.0   3.200   -112.92899720

   8.0   1.600   -112.52332160
   8.0   1.700   -112.69441420
   8.0   1.800   -112.82817090
   8.0   1.900   -112.91878090
   8.0   2.000   -112.97817580
   8.0   2.100   -113.01504930
   8.0   2.200   -113.03577460
   8.0   2.300   -113.04501790
   8.0   2.400   -113.04619700
   8.0   2.500   -113.04182440
   8.0   2.600   -113.03436780
   8.0   2.700   -113.02339070
   8.0   2.800   -113.01086910
   8.0   2.900   -112.99318050
   8.0   3.000   -112.97091440
   8.0   3.100   -112.94924430
   8.0   3.200   -112.92816640

   9.0   1.600   -112.52319140
   9.0   1.700   -112.69427830
   9.0   1.800   -112.82803930
   9.0   1.900   -112.91865320
   9.0   2.000   -112.97805220
   9.0   2.100   -113.01492950
   9.0   2.200   -113.03566040
   9.0   2.300   -113.04491060
   9.0   2.400   -113.04609910
   9.0   2.500   -113.04174130
   9.0   2.600   -113.03381960
   9.0   2.700   -113.02333160
   9.0   2.800   -113.01141120
   9.0   2.900   -112.99135570
   9.0   3.000   -112.96995030
   9.0   3.100   -112.94883430
   9.0   3.200   -112.92772160

  10.0   1.600   -112.52312420
  10.0   1.700   -112.69420490
  10.0   1.800   -112.82796690
  10.0   1.900   -112.91858190
  10.0   2.000   -112.97798190
  10.0   2.100   -113.01486030
  10.0   2.200   -113.03559270
  10.0   2.300   -113.04484450
  10.0   2.400   -113.04603510
  10.0   2.500   -113.04168020
  10.0   2.600   -113.03365370
  10.0   2.700   -113.02325750
  10.0   2.800   -113.01149680
  10.0   2.900   -112.99083480
  10.0   3.000   -112.96979760
  10.0   3.100   -112.94860990
  10.0   3.200   -112.92747590

  12.0   1.600   -112.52306570
  12.0   1.700   -112.69414000
  12.0   1.800   -112.82790250
  12.0   1.900   -112.91851800
  12.0   2.000   -112.97791860
  12.0   2.100   -113.01479760
  12.0   2.200   -113.03553070
  12.0   2.300   -113.04478320
  12.0   2.400   -113.04597450
  12.0   2.500   -113.04162050
  12.0   2.600   -113.03357470
  12.0   2.700   -113.02319500
  12.0   2.800   -113.01146620
  12.0   2.900   -112.99069940
  12.0   3.000   -112.96973220
  12.0   3.100   -112.94837170
  12.0   3.200   -112.92721540

  14.0   1.600   -112.52304280
  14.0   1.700   -112.69411450
  14.0   1.800   -112.82787710
  14.0   1.900   -112.91849280
  14.0   2.000   -112.97789360
  14.0   2.100   -113.01477280
  14.0   2.200   -113.03550600
  14.0   2.300   -113.04475880
  14.0   2.400   -113.04595020
  14.0   2.500   -113.04159640
  14.0   2.600   -113.03355040
  14.0   2.700   -113.02317110
  14.0   2.800   -113.01144280
  14.0   2.900   -112.99067840
  14.0   3.000   -112.96971210
  14.0   3.100   -112.94811990
  14.0   3.200   -112.92697040

  16.0   1.600   -112.52303190
  16.0   1.700   -112.69410240
  16.0   1.800   -112.82786510
  16.0   1.900   -112.91848080
  16.0   2.000   -112.97788170
  16.0   2.100   -113.01476100
  16.0   2.200   -113.03549430
  16.0   2.300   -113.04474710
  16.0   2.400   -113.04593870
  16.0   2.500   -113.04158490
  16.0   2.600   -113.03353900
  16.0   2.700   -113.02315970
  16.0   2.800   -113.01143150
  16.0   2.900   -112.99066880
  16.0   3.000   -112.96970250
  16.0   3.100   -112.94808370
  16.0   3.200   -112.92692710

  18.0   1.600   -112.52302610
  18.0   1.700   -112.69409600
  18.0   1.800   -112.82785870
  18.0   1.900   -112.91847450
  18.0   2.000   -112.97787540
  18.0   2.100   -113.01475470
  18.0   2.200   -113.03548810
  18.0   2.300   -113.04474100
  18.0   2.400   -113.04593250
  18.0   2.500   -113.04157880
  18.0   2.600   -113.03353290
  18.0   2.700   -113.02315360
  18.0   2.800   -113.01142540
  18.0   2.900   -112.99066370
  18.0   3.000   -112.96969740
  18.0   3.100   -112.94806580
  18.0   3.200   -112.92690490

  20.0   1.600   -112.52302280
  20.0   1.700   -112.69409230
  20.0   1.800   -112.82785500
  20.0   1.900   -112.91847080
  20.0   2.000   -112.97787180
  20.0   2.100   -113.01475120
  20.0   2.200   -113.03548450
  20.0   2.300   -113.04473740
  20.0   2.400   -113.04592900
  20.0   2.500   -113.04157530
  20.0   2.600   -113.03352940
  20.0   2.700   -113.02315020
  20.0   2.800   -113.01142200
  20.0   2.900   -112.99066080
  20.0   3.000   -112.96969450
  20.0   3.100   -112.94805630
  20.0   3.200   -112.92689270

  21.0   1.600   -112.52302250
  21.0   1.700   -112.69409182
  21.0   1.800   -112.82785529
  21.0   1.900   -112.91847093
  21.0   2.000   -112.97787175
  21.0   2.100   -113.01475073
  21.0   2.200   -113.03548489
  21.0   2.300   -113.04473722
  21.0   2.400   -113.04592871
  21.0   2.500   -113.04157534
  21.0   2.600   -113.03352912
  21.0   2.700   -113.02315002
  21.0   2.800   -113.01142203
  21.0   2.900   -112.99066113
  21.0   3.000   -112.96969430
  21.0   3.100   -112.94805650
  21.0   3.200   -112.92689272

  22.0   1.600   -112.52302242
  22.0   1.700   -112.69409151
  22.0   1.800   -112.82785473
  22.0   1.900   -112.91847009
  22.0   2.000   -112.97787060
  22.0   2.100   -113.01474925
  22.0   2.200   -113.03548304
  22.0   2.300   -113.04473497
  22.0   2.400   -113.04592604
  22.0   2.500   -113.04157223
  22.0   2.600   -113.03352553
  22.0   2.700   -113.02314594
  22.0   2.800   -113.01141744
  22.0   2.900   -112.99065602
  22.0   3.000   -112.96968864
  22.0   3.100   -112.94805030
  22.0   3.200   -112.92688597

  23.0   1.600   -112.52302235
  23.0   1.700   -112.69409126
  23.0   1.800   -112.82785429
  23.0   1.900   -112.91846943
  23.0   2.000   -112.97786969
  23.0   2.100   -113.01474807
  23.0   2.200   -113.03548157
  23.0   2.300   -113.04473319
  23.0   2.400   -113.04592391
  23.0   2.500   -113.04156975
  23.0   2.600   -113.03352268
  23.0   2.700   -113.02314270
  23.0   2.800   -113.01141379
  23.0   2.900   -112.99065194
  23.0   3.000   -112.96968414
  23.0   3.100   -112.94804537
  23.0   3.200   -112.92688060

  24.0   1.600   -112.52302230
  24.0   1.700   -112.69409106
  24.0   1.800   -112.82785393
  24.0   1.900   -112.91846889
  24.0   2.000   -112.97786895
  24.0   2.100   -113.01474712
  24.0   2.200   -113.03548038
  24.0   2.300   -113.04473175
  24.0   2.400   -113.04592221
  24.0   2.500   -113.04156775
  24.0   2.600   -113.03352038
  24.0   2.700   -113.02314008
  24.0   2.800   -113.01141085
  24.0   2.900   -112.99064866
  24.0   3.000   -112.96968052
  24.0   3.100   -112.94804140
  24.0   3.200   -112.92687628

  25.0   1.600   -112.52302225
  25.0   1.700   -112.69409090
  25.0   1.800   -112.82785364
  25.0   1.900   -112.91846846
  25.0   2.000   -112.97786836
  25.0   2.100   -113.01474635
  25.0   2.200   -113.03547942
  25.0   2.300   -113.04473058
  25.0   2.400   -113.04592082
  25.0   2.500   -113.04156613
  25.0   2.600   -113.03351852
  25.0   2.700   -113.02313796
  25.0   2.800   -113.01140846
  25.0   2.900   -112.99064600
  25.0   3.000   -112.96967758
  25.0   3.100   -112.94803817
  25.0   3.200   -112.92687277

  26.0   1.600   -112.52302221
  26.0   1.700   -112.69409077
  26.0   1.800   -112.82785340
  26.0   1.900   -112.91846810
  26.0   2.000   -112.97786787
  26.0   2.100   -113.01474572
  26.0   2.200   -113.03547864
  26.0   2.300   -113.04472963
  26.0   2.400   -113.04591968
  26.0   2.500   -113.04156481
  26.0   2.600   -113.03351699
  26.0   2.700   -113.02313622
  26.0   2.800   -113.01140650
  26.0   2.900   -112.99064382
  26.0   3.000   -112.96967517
  26.0   3.100   -112.94803553
  26.0   3.200   -112.92686990

  27.0   1.600   -112.52302218
  27.0   1.700   -112.69409066
  27.0   1.800   -112.82785320
  27.0   1.900   -112.91846780
  27.0   2.000   -112.97786747
  27.0   2.100   -113.01474520
  27.0   2.200   -113.03547799
  27.0   2.300   -113.04472884
  27.0   2.400   -113.04591875
  27.0   2.500   -113.04156371
  27.0   2.600   -113.03351573
  27.0   2.700   -113.02313479
  27.0   2.800   -113.01140489
  27.0   2.900   -112.99064203
  27.0   3.000   -112.96967318
  27.0   3.100   -112.94803336
  27.0   3.200   -112.92686753

  28.0   1.600   -112.52302216
  28.0   1.700   -112.69409057
  28.0   1.800   -112.82785304
  28.0   1.900   -112.91846756
  28.0   2.000   -112.97786713
  28.0   2.100   -113.01474476
  28.0   2.200   -113.03547745
  28.0   2.300   -113.04472818
  28.0   2.400   -113.04591797
  28.0   2.500   -113.04156280
  28.0   2.600   -113.03351468
  28.0   2.700   -113.02313360
  28.0   2.800   -113.01140355
  28.0   2.900   -112.99064053
  28.0   3.000   -112.96967153
  28.0   3.100   -112.94803155
  28.0   3.200   -112.92686557

  29.0   1.600   -112.52302214
  29.0   1.700   -112.69409050
  29.0   1.800   -112.82785290
  29.0   1.900   -112.91846736
  29.0   2.000   -112.97786685
  29.0   2.100   -113.01474440
  29.0   2.200   -113.03547699
  29.0   2.300   -113.04472763
  29.0   2.400   -113.04591732
  29.0   2.500   -113.04156204
  29.0   2.600   -113.03351381
  29.0   2.700   -113.02313261
  29.0   2.800   -113.01140243
  29.0   2.900   -112.99063929
  29.0   3.000   -112.96967016
  29.0   3.100   -112.94803004
  29.0   3.200   -112.92686392

  30.0   1.600   -112.52302212
  30.0   1.700   -112.69409044
  30.0   1.800   -112.82785279
  30.0   1.900   -112.91846718
  30.0   2.000   -112.97786662
  30.0   2.100   -113.01474410
  30.0   2.200   -113.03547662
  30.0   2.300   -113.04472717
  30.0   2.400   -113.04591677
  30.0   2.500   -113.04156140
  30.0   2.600   -113.03351307
  30.0   2.700   -113.02313177
  30.0   2.800   -113.01140149
  30.0   2.900   -112.99063823
  30.0   3.000   -112.96966899
  30.0   3.100   -112.94802876
  30.0   3.200   -112.92686254

  31.0   1.600   -112.52302211
  31.0   1.700   -112.69409038
  31.0   1.800   -112.82785269
  31.0   1.900   -112.91846704
  31.0   2.000   -112.97786642
  31.0   2.100   -113.01474384
  31.0   2.200   -113.03547629
  31.0   2.300   -113.04472678
  31.0   2.400   -113.04591631
  31.0   2.500   -113.04156086
  31.0   2.600   -113.03351245
  31.0   2.700   -113.02313106
  31.0   2.800   -113.01140069
  31.0   2.900   -112.99063735
  31.0   3.000   -112.96966801
  31.0   3.100   -112.94802769
  31.0   3.200   -112.92686136

  32.0   1.600   -112.52302209
  32.0   1.700   -112.69409034
  32.0   1.800   -112.82785261
  32.0   1.900   -112.91846691
  32.0   2.000   -112.97786625
  32.0   2.100   -113.01474362
  32.0   2.200   -113.03547602
  32.0   2.300   -113.04472645
  32.0   2.400   -113.04591591
  32.0   2.500   -113.04156040
  32.0   2.600   -113.03351192
  32.0   2.700   -113.02313046
  32.0   2.800   -113.01140001
  32.0   2.900   -112.99063659
  32.0   3.000   -112.96966718
  32.0   3.100   -112.94802677
  32.0   3.200   -112.92686037

  33.0   1.600   -112.52302208
  33.0   1.700   -112.69409030
  33.0   1.800   -112.82785254
  33.0   1.900   -112.91846681
  33.0   2.000   -112.97786611
  33.0   2.100   -113.01474343
  33.0   2.200   -113.03547579
  33.0   2.300   -113.04472617
  33.0   2.400   -113.04591558
  33.0   2.500   -113.04156001
  33.0   2.600   -113.03351146
  33.0   2.700   -113.02312994
  33.0   2.800   -113.01139943
  33.0   2.900   -112.99063594
  33.0   3.000   -112.96966646
  33.0   3.100   -112.94802599
  33.0   3.200   -112.92685951

  34.0   1.600   -112.52302207
  34.0   1.700   -112.69409026
  34.0   1.800   -112.82785248
  34.0   1.900   -112.91846672
  34.0   2.000   -112.97786598
  34.0   2.100   -113.01474327
  34.0   2.200   -113.03547559
  34.0   2.300   -113.04472592
  34.0   2.400   -113.04591529
  34.0   2.500   -113.04155967
  34.0   2.600   -113.03351107
  34.0   2.700   -113.02312950
  34.0   2.800   -113.01139893
  34.0   2.900   -112.99063539
  34.0   3.000   -112.96966585
  34.0   3.100   -112.94802531
  34.0   3.200   -112.92685878

  35.0   1.600   -112.52302207
  35.0   1.700   -112.69409024
  35.0   1.800   -112.82785243
  35.0   1.900   -112.91846664
  35.0   2.000   -112.97786587
  35.0   2.100   -113.01474313
  35.0   2.200   -113.03547541
  35.0   2.300   -113.04472571
  35.0   2.400   -113.04591504
  35.0   2.500   -113.04155938
  35.0   2.600   -113.03351074
  35.0   2.700   -113.02312911
  35.0   2.800   -113.01139850
  35.0   2.900   -112.99063491
  35.0   3.000   -112.96966532
  35.0   3.100   -112.94802473
  35.0   3.200   -112.92685815

  36.0   1.600   -112.52302206
  36.0   1.700   -112.69409021
  36.0   1.800   -112.82785238
  36.0   1.900   -112.91846657
  36.0   2.000   -112.97786578
  36.0   2.100   -113.01474301
  36.0   2.200   -113.03547526
  36.0   2.300   -113.04472553
  36.0   2.400   -113.04591482
  36.0   2.500   -113.04155912
  36.0   2.600   -113.03351045
  36.0   2.700   -113.02312878
  36.0   2.800   -113.01139813
  36.0   2.900   -112.99063449
  36.0   3.000   -112.96966486
  36.0   3.100   -112.94802423
  36.0   3.200   -112.92685760

  37.0   1.600   -112.52302205
  37.0   1.700   -112.69409019
  37.0   1.800   -112.82785234
  37.0   1.900   -112.91846651
  37.0   2.000   -112.97786570
  37.0   2.100   -113.01474291
  37.0   2.200   -113.03547513
  37.0   2.300   -113.04472537
  37.0   2.400   -113.04591463
  37.0   2.500   -113.04155890
  37.0   2.600   -113.03351019
  37.0   2.700   -113.02312849
  37.0   2.800   -113.01139781
  37.0   2.900   -112.99063413
  37.0   3.000   -112.96966446
  37.0   3.100   -112.94802379
  37.0   3.200   -112.92685712

  38.0   1.600   -112.52302205
  38.0   1.700   -112.69409017
  38.0   1.800   -112.82785231
  38.0   1.900   -112.91846646
  38.0   2.000   -112.97786563
  38.0   2.100   -113.01474281
  38.0   2.200   -113.03547502
  38.0   2.300   -113.04472523
  38.0   2.400   -113.04591446
  38.0   2.500   -113.04155871
  38.0   2.600   -113.03350997
  38.0   2.700   -113.02312824
  38.0   2.800   -113.01139752
  38.0   2.900   -112.99063381
  38.0   3.000   -112.96966411
  38.0   3.100   -112.94802340
  38.0   3.200   -112.92685670

  39.0   1.600   -112.52302204
  39.0   1.700   -112.69409015
  39.0   1.800   -112.82785228
  39.0   1.900   -112.91846641
  39.0   2.000   -112.97786557
  39.0   2.100   -113.01474273
  39.0   2.200   -113.03547492
  39.0   2.300   -113.04472511
  39.0   2.400   -113.04591432
  39.0   2.500   -113.04155854
  39.0   2.600   -113.03350978
  39.0   2.700   -113.02312802
  39.0   2.800   -113.01139727
  39.0   2.900   -112.99063353
  39.0   3.000   -112.96966380
  39.0   3.100   -112.94802307
  39.0   3.200   -112.92685634

  40.0   1.600   -112.52302204
  40.0   1.700   -112.69409014
  40.0   1.800   -112.82785225
  40.0   1.900   -112.91846637
  40.0   2.000   -112.97786551
  40.0   2.100   -113.01474266
  40.0   2.200   -113.03547483
  40.0   2.300   -113.04472500
  40.0   2.400   -113.04591419
  40.0   2.500   -113.04155839
  40.0   2.600   -113.03350960
  40.0   2.700   -113.02312783
  40.0   2.800   -113.01139705
  40.0   2.900   -112.99063329
  40.0   3.000   -112.96966353
  40.0   3.100   -112.94802277
  40.0   3.200   -112.92685602

  41.0   1.600   -112.52302203
  41.0   1.700   -112.69409012
  41.0   1.800   -112.82785223
  41.0   1.900   -112.91846634
  41.0   2.000   -112.97786546
  41.0   2.100   -113.01474260
  41.0   2.200   -113.03547475
  41.0   2.300   -113.04472491
  41.0   2.400   -113.04591408
  41.0   2.500   -113.04155826
  41.0   2.600   -113.03350945
  41.0   2.700   -113.02312765
  41.0   2.800   -113.01139686
  41.0   2.900   -112.99063307
  41.0   3.000   -112.96966329
  41.0   3.100   -112.94802251
  41.0   3.200   -112.92685573

  42.0   1.600   -112.52302203
  42.0   1.700   -112.69409011
  42.0   1.800   -112.82785221
  42.0   1.900   -112.91846631
  42.0   2.000   -112.97786542
  42.0   2.100   -113.01474255
  42.0   2.200   -113.03547468
  42.0   2.300   -113.04472483
  42.0   2.400   -113.04591398
  42.0   2.500   -113.04155815
  42.0   2.600   -113.03350932
  42.0   2.700   -113.02312750
  42.0   2.800   -113.01139669
  42.0   2.900   -112.99063288
  42.0   3.000   -112.96966308
  42.0   3.100   -112.94802228
  42.0   3.200   -112.92685548

  43.0   1.600   -112.52302203
  43.0   1.700   -112.69409010
  43.0   1.800   -112.82785219
  43.0   1.900   -112.91846628
  43.0   2.000   -112.97786538
  43.0   2.100   -113.01474250
  43.0   2.200   -113.03547462
  43.0   2.300   -113.04472475
  43.0   2.400   -113.04591389
  43.0   2.500   -113.04155804
  43.0   2.600   -113.03350920
  43.0   2.700   -113.02312737
  43.0   2.800   -113.01139654
  43.0   2.900   -112.99063271
  43.0   3.000   -112.96966289
  43.0   3.100   -112.94802208
  43.0   3.200   -112.92685526

  44.0   1.600   -112.52302203
  44.0   1.700   -112.69409009
  44.0   1.800   -112.82785217
  44.0   1.900   -112.91846626
  44.0   2.000   -112.97786535
  44.0   2.100   -113.01474245
  44.0   2.200   -113.03547457
  44.0   2.300   -113.04472469
  44.0   2.400   -113.04591381
  44.0   2.500   -113.04155795
  44.0   2.600   -113.03350910
  44.0   2.700   -113.02312725
  44.0   2.800   -113.01139640
  44.0   2.900   -112.99063256
  44.0   3.000   -112.96966273
  44.0   3.100   -112.94802189
  44.0   3.200   -112.92685506

  45.0   1.600   -112.52302202
  45.0   1.700   -112.69409009
  45.0   1.800   -112.82785216
  45.0   1.900   -112.91846623
  45.0   2.000   -112.97786532
  45.0   2.100   -113.01474241
  45.0   2.200   -113.03547452
  45.0   2.300   -113.04472463
  45.0   2.400   -113.04591374
  45.0   2.500   -113.04155787
  45.0   2.600   -113.03350900
  45.0   2.700   -113.02312714
  45.0   2.800   -113.01139628
  45.0   2.900   -112.99063243
  45.0   3.000   -112.96966258
  45.0   3.100   -112.94802173
  45.0   3.200   -112.92685488

  46.0   1.600   -112.52302202
  46.0   1.700   -112.69409008
  46.0   1.800   -112.82785214
  46.0   1.900   -112.91846621
  46.0   2.000   -112.97786529
  46.0   2.100   -113.01474238
  46.0   2.200   -113.03547447
  46.0   2.300   -113.04472457
  46.0   2.400   -113.04591368
  46.0   2.500   -113.04155780
  46.0   2.600   -113.03350892
  46.0   2.700   -113.02312704
  46.0   2.800   -113.01139617
  46.0   2.900   -112.99063231
  46.0   3.000   -112.96966245
  46.0   3.100   -112.94802159
  46.0   3.200   -112.92685473

  47.0   1.600   -112.52302202
  47.0   1.700   -112.69409007
  47.0   1.800   -112.82785213
  47.0   1.900   -112.91846620
  47.0   2.000   -112.97786527
  47.0   2.100   -113.01474235
  47.0   2.200   -113.03547443
  47.0   2.300   -113.04472453
  47.0   2.400   -113.04591363
  47.0   2.500   -113.04155773
  47.0   2.600   -113.03350884
  47.0   2.700   -113.02312696
  47.0   2.800   -113.01139608
  47.0   2.900   -112.99063220
  47.0   3.000   -112.96966233
  47.0   3.100   -112.94802145
  47.0   3.200   -112.92685458

  48.0   1.600   -112.52302202
  48.0   1.700   -112.69409007
  48.0   1.800   -112.82785212
  48.0   1.900   -112.91846618
  48.0   2.000   -112.97786525
  48.0   2.100   -113.01474232
  48.0   2.200   -113.03547440
  48.0   2.300   -113.04472448
  48.0   2.400   -113.04591358
  48.0   2.500   -113.04155767
  48.0   2.600   -113.03350877
  48.0   2.700   -113.02312688
  48.0   2.800   -113.01139599
  48.0   2.900   -112.99063210
  48.0   3.000   -112.96966222
  48.0   3.100   -112.94802134
  48.0   3.200   -112.92685446

  49.0   1.600   -112.52302202
  49.0   1.700   -112.69409006
  49.0   1.800   -112.82785211
  49.0   1.900   -112.91846617
  49.0   2.000   -112.97786523
  49.0   2.100   -113.01474229
  49.0   2.200   -113.03547437
  49.0   2.300   -113.04472445
  49.0   2.400   -113.04591353
  49.0   2.500   -113.04155762
  49.0   2.600   -113.03350871
  49.0   2.700   -113.02312681
  49.0   2.800   -113.01139591
  49.0   2.900   -112.99063202
  49.0   3.000   -112.96966212
  49.0   3.100   -112.94802123
  49.0   3.200   -112.92685434

  50.0   1.600   -112.52302202
  50.0   1.700   -112.69409006
  50.0   1.800   -112.82785210
  50.0   1.900   -112.91846615
  50.0   2.000   -112.97786521
  50.0   2.100   -113.01474227
  50.0   2.200   -113.03547434
  50.0   2.300   -113.04472441
  50.0   2.400   -113.04591349
  50.0   2.500   -113.04155757
  50.0   2.600   -113.03350866
  50.0   2.700   -113.02312675
  50.0   2.800   -113.01139584
  50.0   2.900   -112.99063194
  50.0   3.000   -112.96966204
  50.0   3.100   -112.94802114
  50.0   3.200   -112.92685424

