   1.4   1.600   -111.29834400
   1.4   1.700   -111.33908170
   1.4   1.800   -111.32074910
   1.4   1.900   -111.50639880
   1.4   2.000   -111.18520710
   1.4   2.100   -111.30833950
   1.4   2.200   -111.05457360
   1.4   2.300   -111.16829600
   1.4   2.400   -111.07241320
   1.4   2.500   -110.88417420
   1.4   2.600   -110.82439140
   1.4   2.700   -110.79820580
   1.4   2.800   -110.82506970
   1.4   2.900   -110.81469440
   1.4   3.000   -110.84364510
   1.4   3.100   -110.93743050
   1.4   3.200   -111.00443270

   1.6   1.600   -111.91771041
   1.6   1.700   -111.96227953
   1.6   1.800   -112.03394514
   1.6   1.900   -112.14481112
   1.6   2.000   -111.95412422
   1.6   2.100   -112.05530939
   1.6   2.200   -112.03758556
   1.6   2.300   -111.97227498
   1.6   2.400   -111.90989650
   1.6   2.500   -111.79538606
   1.6   2.600   -111.72681718
   1.6   2.700   -111.66699528
   1.6   2.800   -111.66614987
   1.6   2.900   -111.58600562
   1.6   3.000   -111.53774413
   1.6   3.100   -111.55879956
   1.6   3.200   -111.52672912

   1.8   1.600   -112.19553210
   1.8   1.700   -112.31830770
   1.8   1.800   -112.39236300
   1.8   1.900   -112.41690700
   1.8   2.000   -112.41164400
   1.8   2.100   -112.38858800
   1.8   2.200   -112.55371410
   1.8   2.300   -112.38777390
   1.8   2.400   -112.37389880
   1.8   2.500   -112.34958480
   1.8   2.600   -112.31909820
   1.8   2.700   -112.28375470
   1.8   2.800   -112.29350950
   1.8   2.900   -112.20479030
   1.8   3.000   -112.15142160
   1.8   3.100   -112.13229050
   1.8   3.200   -112.06760860

   2.0   1.600   -112.36054650
   2.0   1.700   -112.49851020
   2.0   1.800   -112.58835140
   2.0   1.900   -112.62932100
   2.0   2.000   -112.64153820
   2.0   2.100   -112.63549620
   2.0   2.200   -112.63714020
   2.0   2.300   -112.67416930
   2.0   2.400   -112.67719940
   2.0   2.500   -112.67152040
   2.0   2.600   -112.65750590
   2.0   2.700   -112.63718220
   2.0   2.800   -112.64448100
   2.0   2.900   -112.58368350
   2.0   3.000   -112.55989550
   2.0   3.100   -112.52109710
   2.0   3.200   -112.48888420

   2.1   1.600   -112.41712450
   2.1   1.700   -112.55835260
   2.1   1.800   -112.65179650
   2.1   1.900   -112.69723860
   2.1   2.000   -112.71434780
   2.1   2.100   -112.71314770
   2.1   2.200   -112.71374790
   2.1   2.300   -112.75941060
   2.1   2.400   -112.77058370
   2.1   2.500   -112.77290700
   2.1   2.600   -112.76694960
   2.1   2.700   -112.75460210
   2.1   2.800   -112.75928770
   2.1   2.900   -112.71728280
   2.1   3.000   -112.69410580
   2.1   3.100   -112.66910040
   2.1   3.200   -112.64296240

   2.2   1.600   -112.46444460
   2.2   1.700   -112.60748180
   2.2   1.800   -112.70190580
   2.2   1.900   -112.75017890
   2.2   2.000   -112.77899160
   2.2   2.100   -112.77235010
   2.2   2.200   -112.77175250
   2.2   2.300   -112.81932470
   2.2   2.400   -112.83660330
   2.2   2.500   -112.84520250
   2.2   2.600   -112.84573400
   2.2   2.700   -112.84000360
   2.2   2.800   -112.84332420
   2.2   2.900   -112.81632190
   2.2   3.000   -112.79983460
   2.2   3.100   -112.78117960
   2.2   3.200   -112.76089990

   2.3   1.600   -112.50480810
   2.3   1.700   -112.64967080
   2.3   1.800   -112.74326660
   2.3   1.900   -112.79328600
   2.3   2.000   -112.81531690
   2.3   2.100   -112.81925840
   2.3   2.200   -112.81724810
   2.3   2.300   -112.86041020
   2.3   2.400   -112.88219110
   2.3   2.500   -112.89557930
   2.3   2.600   -112.90121880
   2.3   2.700   -112.90080720
   2.3   2.800   -112.90339440
   2.3   2.900   -112.88836440
   2.3   3.000   -112.87749590
   2.3   3.100   -112.86457530
   2.3   3.200   -112.84946930

   2.4   1.600   -112.53968930
   2.4   1.700   -112.68637590
   2.4   1.800   -112.77885850
   2.4   1.900   -112.82996370
   2.4   2.000   -112.85337900
   2.4   2.100   -112.85824030
   2.4   2.200   -112.85494280
   2.4   2.300   -112.88674603
   2.4   2.400   -112.91260550
   2.4   2.500   -112.92960890
   2.4   2.600   -112.93920200
   2.4   2.700   -112.94297730
   2.4   2.800   -112.94514960
   2.4   2.900   -112.93957460
   2.4   3.000   -112.93333530
   2.4   3.100   -112.92506260
   2.4   3.200   -112.91452200

   2.5   1.600   -112.57033080
   2.5   1.700   -112.71830270
   2.5   1.800   -112.81044930
   2.5   1.900   -112.86228420
   2.5   2.000   -112.88648740
   2.5   2.100   -112.89202240
   2.5   2.200   -112.88774220
   2.5   2.300   -112.90340520
   2.5   2.400   -112.93455085
   2.5   2.500   -112.95147410
   2.5   2.600   -112.96412730
   2.5   2.700   -112.97116290
   2.5   2.800   -112.97309070
   2.5   2.900   -112.97488820
   2.5   3.000   -112.97237460
   2.5   3.100   -112.96786010
   2.5   3.200   -112.96110410

   2.6   1.600   -112.59741530
   2.6   1.700   -112.74628800
   2.6   1.800   -112.83875840
   2.6   1.900   -112.89122830
   2.6   2.000   -112.91608680
   2.6   2.100   -112.93054530
   2.6   2.200   -112.91712190
   2.6   2.300   -112.91731680
   2.6   2.400   -112.95020226
   2.6   2.500   -112.96410040
   2.6   2.600   -112.97937530
   2.6   2.700   -112.98892080
   2.6   2.800   -112.99075560
   2.6   2.900   -112.99819870
   2.6   3.000   -112.99862900
   2.6   3.100   -112.99709690
   2.6   3.200   -112.99339220

   2.7   1.600   -112.62142690
   2.7   1.700   -112.77106730
   2.7   1.800   -112.86403770
   2.7   1.900   -112.91733400
   2.7   2.000   -112.94275540
   2.7   2.100   -112.94908100
   2.7   2.200   -112.94370170
   2.7   2.300   -112.93689830
   2.7   2.400   -112.96035286
   2.7   2.500   -112.97069730
   2.7   2.600   -112.98714560
   2.7   2.700   -112.99901800
   2.7   2.800   -113.00085270
   2.7   2.900   -113.01253450
   2.7   3.000   -113.01523580
   2.7   3.100   -113.01604930
   2.7   3.200   -113.01474300

   2.8   1.600   -112.64259820
   2.8   1.700   -112.79294630
   2.8   1.800   -112.88651170
   2.8   1.900   -112.94055220
   2.8   2.000   -112.96661910
   2.8   2.100   -112.97328290
   2.8   2.200   -112.96767690
   2.8   2.300   -112.95743200
   2.8   2.400   -112.96579580
   2.8   2.500   -112.97625055
   2.8   2.600   -112.99014270
   2.8   2.700   -113.00346140
   2.8   2.800   -113.00545790
   2.8   2.900   -113.02021910
   2.8   3.000   -113.02464490
   2.8   3.100   -113.02726810
   2.8   3.200   -113.02780780

   2.9   1.600   -112.66125230
   2.9   1.700   -112.81219020
   2.9   1.800   -112.90640300
   2.9   1.900   -112.96107760
   2.9   2.000   -112.98772580
   2.9   2.100   -112.99480670
   2.9   2.200   -112.98911980
   2.9   2.300   -112.97713130
   2.9   2.400   -112.97005820
   2.9   2.500   -112.98187089
   2.9   2.600   -112.98964520
   2.9   2.700   -113.00375870
   2.9   2.800   -113.00615580
   2.9   2.900   -113.02301560
   2.9   3.000   -113.02874920
   2.9   3.100   -113.03274670
   2.9   3.200   -113.03466630

   3.0   1.600   -112.67747050
   3.0   1.700   -112.82857769
   3.0   1.800   -112.92391730
   3.0   1.900   -112.97913530
   3.0   2.000   -113.00626760
   3.0   2.100   -113.01373860
   3.0   2.200   -113.00812790
   3.0   2.300   -112.99524990
   3.0   2.400   -112.98228550
   3.0   2.500   -112.98751480
   3.0   2.600   -112.98725400
   3.0   2.700   -113.00124620
   3.0   2.800   -113.00415180
   3.0   2.900   -113.02224830
   3.0   3.000   -113.02895820
   3.0   3.100   -113.03400940
   3.0   3.200   -113.03693310

   3.1   1.600   -112.69207891
   3.1   1.700   -112.84259792
   3.1   1.800   -112.93927020
   3.1   1.900   -112.99495540
   3.1   2.000   -113.02249710
   3.1   2.100   -113.03022280
   3.1   2.200   -113.02481460
   3.1   2.300   -113.01148920
   3.1   2.400   -112.99575170
   3.1   2.500   -112.99219820
   3.1   2.600   -112.98609960
   3.1   2.700   -112.99703390
   3.1   2.800   -113.00038620
   3.1   2.900   -113.01897900
   3.1   3.000   -113.02639950
   3.1   3.100   -113.03220610
   3.1   3.200   -113.03583630

   3.2   1.600   -112.70522453
   3.2   1.700   -112.85496658
   3.2   1.800   -112.95222790
   3.2   1.900   -113.00883987
   3.2   2.000   -113.03679143
   3.2   2.100   -113.04273550
   3.2   2.200   -113.03937270
   3.2   2.300   -113.02579620
   3.2   2.400   -113.00864650
   3.2   2.500   -112.99414930
   3.2   2.600   -112.98992470
   3.2   2.700   -112.99243340
   3.2   2.800   -112.99562080
   3.2   2.900   -113.01403810
   3.2   3.000   -113.02194430
   3.2   3.100   -113.02821500
   3.2   3.200   -113.03233690

   3.3   1.600   -112.71681351
   3.3   1.700   -112.86639934
   3.3   1.800   -112.96413185
   3.3   1.900   -113.02097832
   3.3   2.000   -113.04934101
   3.3   2.100   -113.05392730
   3.3   2.200   -113.05155070
   3.3   2.300   -113.03832210
   3.3   2.400   -113.02033760
   3.3   2.500   -113.00277870
   3.3   2.600   -112.99153980
   3.3   2.700   -112.98979960
   3.3   2.800   -112.99048460
   3.3   2.900   -113.00810120
   3.3   3.000   -113.01619660
   3.3   3.100   -113.02274190
   3.3   3.200   -113.02715410

   3.4   1.600   -112.72675199
   3.4   1.700   -112.87761190
   3.4   1.800   -112.97504805
   3.4   1.900   -113.03152556
   3.4   2.000   -113.06027707
   3.4   2.100   -113.06451185
   3.4   2.200   -113.06314520
   3.4   2.300   -113.04930830
   3.4   2.400   -113.03068390
   3.4   2.500   -113.01146710
   3.4   2.600   -112.99557430
   3.4   2.700   -112.98928800
   3.4   2.800   -112.98546290
   3.4   2.900   -113.00165820
   3.4   3.000   -113.00971490
   3.4   3.100   -113.01633650
   3.4   3.200   -113.02085960

   3.5   1.600   -112.73494610
   3.5   1.700   -112.88813090
   3.5   1.800   -112.98457895
   3.5   1.900   -113.04063640
   3.5   2.000   -113.06973086
   3.5   2.100   -113.07438192
   3.5   2.200   -113.07276040
   3.5   2.300   -113.05892660
   3.5   2.400   -113.03988480
   3.5   2.500   -113.01945370
   3.5   2.600   -113.00098860
   3.5   2.700   -112.98754720
   3.5   2.800   -112.98122950
   3.5   2.900   -112.99540550
   3.5   3.000   -113.00294840
   3.5   3.100   -113.00943100
   3.5   3.200   -113.01390780

   3.6   1.600   -112.74152840
   3.6   1.700   -112.89486380
   3.6   1.800   -112.99232700
   3.6   1.900   -113.04846563
   3.6   2.000   -113.07783361
   3.6   2.100   -113.08343026
   3.6   2.200   -113.08110560
   3.6   2.300   -113.06732060
   3.6   2.400   -113.04807420
   3.6   2.500   -113.02669550
   3.6   2.600   -113.00662470
   3.6   2.700   -112.98978270
   3.6   2.800   -112.97889240
   3.6   2.900   -112.99028630
   3.6   3.000   -112.99633730
   3.6   3.100   -113.00238860
   3.6   3.200   -113.00665290

   3.7   1.600   -112.74729220
   3.7   1.700   -112.90075910
   3.7   1.800   -112.99827000
   3.7   1.900   -113.05516808
   3.7   2.000   -113.08471658
   3.7   2.100   -113.09154963
   3.7   2.200   -113.08834390
   3.7   2.300   -113.07463380
   3.7   2.400   -113.05531020
   3.7   2.500   -113.03335780
   3.7   2.600   -113.01187000
   3.7   2.700   -112.99304830
   3.7   2.800   -112.97842040
   3.7   2.900   -112.98684300
   3.7   3.000   -112.99051050
   3.7   3.100   -112.99553570
   3.7   3.200   -112.99937550

   3.8   1.600   -112.75232080
   3.8   1.700   -112.90595700
   3.8   1.800   -113.00352640
   3.8   1.900   -113.06089853
   3.8   2.000   -113.09051099
   3.8   2.100   -113.09863279
   3.8   2.200   -113.09462720
   3.8   2.300   -113.08100280
   3.8   2.400   -113.06167140
   3.8   2.500   -113.03941910
   3.8   2.600   -113.01683940
   3.8   2.700   -112.99589680
   3.8   2.800   -112.97900650
   3.8   2.900   -112.98408390
   3.8   3.000   -112.98619670
   3.8   3.100   -112.98924500
   3.8   3.200   -112.99230390

   3.9   1.600   -112.75669440
   3.9   1.700   -112.91050340
   3.9   1.800   -113.00821050
   3.9   1.900   -113.06581180
   3.9   2.000   -113.09534810
   3.9   2.100   -113.10457249
   3.9   2.200   -113.10009280
   3.9   2.300   -113.08655440
   3.9   2.400   -113.06725250
   3.9   2.500   -113.04485720
   3.9   2.600   -113.02156860
   3.9   2.700   -112.99889300
   3.9   2.800   -112.97840540
   3.9   2.900   -112.97930690
   3.9   3.000   -112.98348550
   3.9   3.100   -112.98409320
   3.9   3.200   -112.98570430

   4.0   1.600   -112.76048870
   4.0   1.700   -112.91446150
   4.0   1.800   -113.01232460
   4.0   1.900   -113.07006270
   4.0   2.000   -113.09944800
   4.0   2.100   -113.10926150
   4.0   2.200   -113.10487500
   4.0   2.300   -113.09140680
   4.0   2.400   -113.07215140
   4.0   2.500   -113.04969850
   4.0   2.600   -113.02598650
   4.0   2.700   -113.00234580
   4.0   2.800   -112.97853052
   4.0   2.900   -112.97551900
   4.0   3.000   -112.98177700
   4.0   3.100   -112.98060590
   4.0   3.200   -112.97991360

   4.1   1.600   -112.76285545
   4.1   1.700   -112.91789500
   4.1   1.800   -113.01591210
   4.1   1.900   -113.07378800
   4.1   2.000   -113.10322260
   4.1   2.100   -113.11285510
   4.1   2.200   -113.10912340
   4.1   2.300   -113.09567100
   4.1   2.400   -113.07646270
   4.1   2.500   -113.05399800
   4.1   2.600   -113.03003980
   4.1   2.700   -113.00587440
   4.1   2.800   -112.97984295
   4.1   2.900   -112.97349327
   4.1   3.000   -112.98050127
   4.1   3.100   -112.97880740
   4.1   3.200   -112.97541110

   4.2   1.600   -112.76385576
   4.2   1.700   -112.92086700
   4.2   1.800   -113.01902200
   4.2   1.900   -113.07704920
   4.2   2.000   -113.10658370
   4.2   2.100   -113.11622670
   4.2   2.200   -113.11236260
   4.2   2.300   -113.09941270
   4.2   2.400   -113.08027060
   4.2   2.500   -113.05781660
   4.2   2.600   -113.03373550
   4.2   2.700   -113.00926590
   4.2   2.800   -112.98209069
   4.2   2.900   -112.97296871
   4.2   3.000   -112.97952924
   4.2   3.100   -112.97879240
   4.2   3.200   -112.97253490

   4.4   1.600   -112.76324803
   4.4   1.700   -112.92412620
   4.4   1.800   -113.02404360
   4.4   1.900   -113.08232840
   4.4   2.000   -113.11210800
   4.4   2.100   -113.12195370
   4.4   2.200   -113.11810260
   4.4   2.300   -113.10516990
   4.4   2.400   -113.08643650
   4.4   2.500   -113.06418320
   4.4   2.600   -113.04013110
   4.4   2.700   -113.01541370
   4.4   2.800   -112.98838407
   4.4   2.900   -112.97537909
   4.4   3.000   -112.97840433
   4.4   3.100   -112.97860443
   4.4   3.200   -112.97183390

   4.6   1.600   -112.76164750
   4.6   1.700   -112.92466915
   4.6   1.800   -113.02775630
   4.6   1.900   -113.08625260
   4.6   2.000   -113.11625610
   4.6   2.100   -113.12631760
   4.6   2.200   -113.12264830
   4.6   2.300   -113.10982170
   4.6   2.400   -113.09115790
   4.6   2.500   -113.06905090
   4.6   2.600   -113.04518970
   4.6   2.700   -113.02085340
   4.6   2.800   -112.99539456
   4.6   2.900   -112.98066206
   4.6   3.000   -112.97821839
   4.6   3.100   -112.97733401
   4.6   3.200   -112.97096311

   4.8   1.600   -112.76115230
   4.8   1.700   -112.92405470
   4.8   1.800   -113.03046450
   4.8   1.900   -113.08912790
   4.8   2.000   -113.11931360
   4.8   2.100   -113.12956070
   4.8   2.200   -113.12607610
   4.8   2.300   -113.11341570
   4.8   2.400   -113.09489130
   4.8   2.500   -113.07289540
   4.8   2.600   -113.04915490
   4.8   2.700   -113.02492170
   4.8   2.800   -113.00110610
   4.8   2.900   -112.98672958
   4.8   3.000   -112.97878752
   4.8   3.100   -112.97545739
   4.8   3.200   -112.96834792

   5.0   1.600   -112.76080150
   5.0   1.700   -112.92352360
   5.0   1.800   -113.02985760
   5.0   1.900   -113.09120210
   5.0   2.000   -113.12153020
   5.0   2.100   -113.13192650
   5.0   2.200   -113.12859730
   5.0   2.300   -113.11609160
   5.0   2.400   -113.09771550
   5.0   2.500   -113.07585640
   5.0   2.600   -113.05224440
   5.0   2.700   -113.02812220
   5.0   2.800   -113.00437910
   5.0   2.900   -112.99149360
   5.0   3.000   -112.97992782
   5.0   3.100   -112.97345081
   5.0   3.200   -112.96453255

   5.2   1.600   -112.76053490
   5.2   1.700   -112.92310960
   5.2   1.800   -113.02928520
   5.2   1.900   -113.09267160
   5.2   2.000   -113.12310920
   5.2   2.100   -113.13362050
   5.2   2.200   -113.13041430
   5.2   2.300   -113.11803610
   5.2   2.400   -113.09978910
   5.2   2.500   -113.07805740
   5.2   2.600   -113.05456960
   5.2   2.700   -113.03056260
   5.2   2.800   -113.00691420
   5.2   2.900   -112.99378920
   5.2   3.000   -112.98145540
   5.2   3.100   -112.97179054
   5.2   3.200   -112.96006126

   5.4   1.600   -112.76032140
   5.4   1.700   -112.92277350
   5.4   1.800   -113.02881140
   5.4   1.900   -113.09369380
   5.4   2.000   -113.12421390
   5.4   2.100   -113.13481190
   5.4   2.200   -113.13170030
   5.4   2.300   -113.11942160
   5.4   2.400   -113.10127810
   5.4   2.500   -113.07965100
   5.4   2.600   -113.05626960
   5.4   2.700   -113.03236560
   5.4   2.800   -113.00880990
   5.4   2.900   -112.99545780
   5.4   3.000   -112.98307280
   5.4   3.100   -112.97095280
   5.4   3.200   -112.95547826

   5.6   1.600   -112.76014500
   5.6   1.700   -112.92248770
   5.6   1.800   -113.02840260
   5.6   1.900   -113.09378920
   5.6   2.000   -113.12497230
   5.6   2.100   -113.13563410
   5.6   2.200   -113.13259190
   5.6   2.300   -113.12039290
   5.6   2.400   -113.10232760
   5.6   2.500   -113.08078100
   5.6   2.600   -113.05748530
   5.6   2.700   -113.03366580
   5.6   2.800   -113.01018920
   5.6   2.900   -112.99668170
   5.6   3.000   -112.98423760
   5.6   3.100   -112.97055990
   5.6   3.200   -112.95132780

   5.8   1.600   -112.76000280
   5.8   1.700   -112.92224680
   5.8   1.800   -113.02805330
   5.8   1.900   -113.09332610
   5.8   2.000   -113.12548049
   5.8   2.100   -113.13619267
   5.8   2.200   -113.13320022
   5.8   2.300   -113.12105823
   5.8   2.400   -113.10305290
   5.8   2.500   -113.08156860
   5.8   2.600   -113.05833820
   5.8   2.700   -113.03458460
   5.8   2.800   -113.01117220
   5.8   2.900   -112.99755970
   5.8   3.000   -112.98508150
   5.8   3.100   -112.96836430
   5.8   3.200   -112.94815410

   6.0   1.600   -112.75988700
   6.0   1.700   -112.92204320
   6.0   1.800   -113.02775330
   6.0   1.900   -113.09292340
   6.0   2.000   -113.12579196
   6.0   2.100   -113.13654347
   6.0   2.200   -113.13358494
   6.0   2.300   -113.12147959
   6.0   2.400   -113.10351348
   6.0   2.500   -113.08210820
   6.0   2.600   -113.05892650
   6.0   2.700   -113.03522250
   6.0   2.800   -113.01185950
   6.0   2.900   -112.99817500
   6.0   3.000   -112.98567800
   6.0   3.100   -112.96649080
   6.0   3.200   -112.94618210

   7.0   1.600   -112.75956750
   7.0   1.700   -112.92138440
   7.0   1.800   -113.02672570
   7.0   1.900   -113.09149960
   7.0   2.000   -113.12593390
   7.0   2.100   -113.13671950
   7.0   2.200   -113.13380700
   7.0   2.300   -113.12173440
   7.0   2.400   -113.10379990
   7.0   2.500   -113.08237780
   7.0   2.600   -113.05573230
   7.0   2.700   -113.03595448
   7.0   2.800   -113.01353801
   7.0   2.900   -112.99924720
   7.0   3.000   -112.98302375
   7.0   3.100   -112.96008450
   7.0   3.200   -112.93945680

   8.0   1.600   -112.75955280
   8.0   1.700   -112.92114480
   8.0   1.800   -113.02624170
   8.0   1.900   -113.09075930
   8.0   2.000   -113.12624450
   8.0   2.100   -113.13700560
   8.0   2.200   -113.13413510
   8.0   2.300   -113.12211400
   8.0   2.400   -113.10424460
   8.0   2.500   -113.08290930
   8.0   2.600   -113.05862250
   8.0   2.700   -113.03541970
   8.0   2.800   -113.01349183
   8.0   2.900   -112.99918563
   8.0   3.000   -112.97757910
   8.0   3.100   -112.95596340
   8.0   3.200   -112.93528930

   9.0   1.600   -112.75970910
   9.0   1.700   -112.92114740
   9.0   1.800   -113.02607950
   9.0   1.900   -113.09042460
   9.0   2.000   -113.12575630
   9.0   2.100   -113.13699360
   9.0   2.200   -113.13412930
   9.0   2.300   -113.12211570
   9.0   2.400   -113.10425630
   9.0   2.500   -113.08293480
   9.0   2.600   -113.05961160
   9.0   2.700   -113.03609820
   9.0   2.800   -113.01301630
   9.0   2.900   -112.99873751
   9.0   3.000   -112.97622280
   9.0   3.100   -112.95416540
   9.0   3.200   -112.93328590

  10.0   1.600   -112.75991870
  10.0   1.700   -112.92124760
  10.0   1.800   -113.02606330
  10.0   1.900   -113.09028700
  10.0   2.000   -113.12549440
  10.0   2.100   -113.13696160
  10.0   2.200   -113.13409780
  10.0   2.300   -113.12208480
  10.0   2.400   -113.10422610
  10.0   2.500   -113.08290590
  10.0   2.600   -113.05979940
  10.0   2.700   -113.03623010
  10.0   2.800   -113.01301710
  10.0   2.900   -112.99808730
  10.0   3.000   -112.97499290
  10.0   3.100   -112.95281920
  10.0   3.200   -112.93186870

  12.0   1.600   -112.76020730
  12.0   1.700   -112.92140130
  12.0   1.800   -113.02606480
  12.0   1.900   -113.09013120
  12.0   2.000   -113.12518300
  12.0   2.100   -113.13692730
  12.0   2.200   -113.13406320
  12.0   2.300   -113.12204960
  12.0   2.400   -113.10419010
  12.0   2.500   -113.08286920
  12.0   2.600   -113.05980490
  12.0   2.700   -113.03622470
  12.0   2.800   -113.01298870
  12.0   2.900   -112.99675080
  12.0   3.000   -112.97342610
  12.0   3.100   -112.95116420
  12.0   3.200   -112.93013410

  14.0   1.600   -112.76038640
  14.0   1.700   -112.92149000
  14.0   1.800   -113.02606530
  14.0   1.900   -113.09003870
  14.0   2.000   -113.12499000
  14.0   2.100   -113.13691430
  14.0   2.200   -113.13405010
  14.0   2.300   -113.12203620
  14.0   2.400   -113.10417630
  14.0   2.500   -113.08285490
  14.0   2.600   -113.05979060
  14.0   2.700   -113.03620970
  14.0   2.800   -113.01297290
  14.0   2.900   -112.99577640
  14.0   3.000   -112.97240920
  14.0   3.100   -112.95011270
  14.0   3.200   -112.92905400

  16.0   1.600   -112.76062540
  16.0   1.700   -112.92167440
  16.0   1.800   -113.02619190
  16.0   1.900   -113.09010510
  16.0   2.000   -113.12499500
  16.0   2.100   -113.13690870
  16.0   2.200   -113.13404450
  16.0   2.300   -113.12203040
  16.0   2.400   -113.10417020
  16.0   2.500   -113.08284850
  16.0   2.600   -113.05978400
  16.0   2.700   -113.03620280
  16.0   2.800   -113.01296560
  16.0   2.900   -112.99530870
  16.0   3.000   -112.97190660
  16.0   3.100   -112.94957940
  16.0   3.200   -112.92849440

  18.0   1.600   -112.76080530
  18.0   1.700   -112.92181690
  18.0   1.800   -113.02629470
  18.0   1.900   -113.09016670
  18.0   2.000   -113.12501440
  18.0   2.100   -113.13690620
  18.0   2.200   -113.13404190
  18.0   2.300   -113.12202770
  18.0   2.400   -113.10416740
  18.0   2.500   -113.08284550
  18.0   2.600   -113.05978080
  18.0   2.700   -113.03619930
  18.0   2.800   -113.01296190
  18.0   2.900   -112.99500440
  18.0   3.000   -112.97157850
  18.0   3.100   -112.95032910
  18.0   3.200   -112.93272990

  20.0   1.600   -112.76094280
  20.0   1.700   -112.92192750
  20.0   1.800   -113.02637690
  20.0   1.900   -113.09021940
  20.0   2.000   -113.12607820
  20.0   2.100   -113.13690490
  20.0   2.200   -113.13404070
  20.0   2.300   -113.12202640
  20.0   2.400   -113.10416600
  20.0   2.500   -113.08284390
  20.0   2.600   -113.05977910
  20.0   2.700   -113.03619750
  20.0   2.800   -113.01295990
  20.0   2.900   -112.99479510
  20.0   3.000   -112.97135220
  20.0   3.100   -112.95032660
  20.0   3.200   -112.93272730

  21.0   1.600   -112.76094319
  21.0   1.700   -112.92192792
  21.0   1.800   -113.02637716
  21.0   1.900   -113.09021924
  21.0   2.000   -113.12607854
  21.0   2.100   -113.13690441
  21.0   2.200   -113.13404027
  21.0   2.300   -113.12202653
  21.0   2.400   -113.10416563
  21.0   2.500   -113.08284403
  21.0   2.600   -113.05977923
  21.0   2.700   -113.03619771
  21.0   2.800   -113.01296002
  21.0   2.900   -112.99479469
  21.0   3.000   -112.97135229
  21.0   3.100   -112.95032641
  21.0   3.200   -112.93272767

  22.0   1.600   -112.76098396
  22.0   1.700   -112.92195919
  22.0   1.800   -113.02639837
  22.0   1.900   -113.09022997
  22.0   2.000   -113.12607851
  22.0   2.100   -113.13689350
  22.0   2.200   -113.13401848
  22.0   2.300   -113.12199402
  22.0   2.400   -113.10412269
  22.0   2.500   -113.08279110
  22.0   2.600   -113.05971686
  22.0   2.700   -113.03612662
  22.0   2.800   -113.01288104
  22.0   2.900   -112.99470878
  22.0   3.000   -112.97126056
  22.0   3.100   -112.95023009
  22.0   3.200   -112.93262810

  23.0   1.600   -112.76102074
  23.0   1.700   -112.92198768
  23.0   1.800   -113.02641808
  23.0   1.900   -113.09024054
  23.0   2.000   -113.12607968
  23.0   2.100   -113.13688517
  23.0   2.200   -113.13400066
  23.0   2.300   -113.12196683
  23.0   2.400   -113.10408640
  23.0   2.500   -113.08274608
  23.0   2.600   -113.05966361
  23.0   2.700   -113.03606574
  23.0   2.800   -113.01281326
  23.0   2.900   -112.99463495
  23.0   3.000   -112.97118163
  23.0   3.100   -112.95014713
  23.0   3.200   -112.93254229

  24.0   1.600   -112.76105398
  24.0   1.700   -112.92201365
  24.0   1.800   -113.02643633
  24.0   1.900   -113.09025076
  24.0   2.000   -113.12608166
  24.0   2.100   -113.13687880
  24.0   2.200   -113.13398595
  24.0   2.300   -113.12194391
  24.0   2.400   -113.10405548
  24.0   2.500   -113.08270749
  24.0   2.600   -113.05961778
  24.0   2.700   -113.03601321
  24.0   2.800   -113.01275466
  24.0   2.900   -112.99457102
  24.0   3.000   -112.97111321
  24.0   3.100   -112.95007514
  24.0   3.200   -112.93246777

  25.0   1.600   -112.76108408
  25.0   1.700   -112.92203733
  25.0   1.800   -113.02645321
  25.0   1.900   -113.09026053
  25.0   2.000   -113.12608416
  25.0   2.100   -113.13687393
  25.0   2.200   -113.13397372
  25.0   2.300   -113.12192441
  25.0   2.400   -113.10402892
  25.0   2.500   -113.08267415
  25.0   2.600   -113.05957804
  25.0   2.700   -113.03596755
  25.0   2.800   -113.01270364
  25.0   2.900   -112.99451529
  25.0   3.000   -112.97105349
  25.0   3.100   -112.95001227
  25.0   3.200   -112.93240265

  26.0   1.600   -112.76111140
  26.0   1.700   -112.92205895
  26.0   1.800   -113.02646879
  26.0   1.900   -113.09026982
  26.0   2.000   -113.12608698
  26.0   2.100   -113.13687021
  26.0   2.200   -113.13396346
  26.0   2.300   -113.12190771
  26.0   2.400   -113.10400594
  26.0   2.500   -113.08264516
  26.0   2.600   -113.05954337
  26.0   2.700   -113.03592762
  26.0   2.800   -113.01265894
  26.0   2.900   -112.99446639
  26.0   3.000   -112.97100105
  26.0   3.100   -112.94995701
  26.0   3.200   -112.93234537

  27.0   1.600   -112.76113626
  27.0   1.700   -112.92207872
  27.0   1.800   -113.02648317
  27.0   1.900   -113.09027859
  27.0   2.000   -113.12608999
  27.0   2.100   -113.13686738
  27.0   2.200   -113.13395481
  27.0   2.300   -113.12189331
  27.0   2.400   -113.10398595
  27.0   2.500   -113.08261980
  27.0   2.600   -113.05951294
  27.0   2.700   -113.03589249
  27.0   2.800   -113.01261955
  27.0   2.900   -112.99442325
  27.0   3.000   -112.97095474
  27.0   3.100   -112.94990818
  27.0   3.200   -112.93229473

  28.0   1.600   -112.76115891
  28.0   1.700   -112.92209683
  28.0   1.800   -113.02649645
  28.0   1.900   -113.09028685
  28.0   2.000   -113.12609309
  28.0   2.100   -113.13686526
  28.0   2.200   -113.13394746
  28.0   2.300   -113.12188082
  28.0   2.400   -113.10396844
  28.0   2.500   -113.08259748
  28.0   2.600   -113.05948608
  28.0   2.700   -113.03586142
  28.0   2.800   -113.01258466
  28.0   2.900   -112.99438500
  28.0   3.000   -112.97091364
  28.0   3.100   -112.94986481
  28.0   3.200   -112.93224972

  29.0   1.600   -112.76117961
  29.0   1.700   -112.92211344
  29.0   1.800   -113.02650873
  29.0   1.900   -113.09029460
  29.0   2.000   -113.12609620
  29.0   2.100   -113.13686368
  29.0   2.200   -113.13394119
  29.0   2.300   -113.12186991
  29.0   2.400   -113.10395303
  29.0   2.500   -113.08257774
  29.0   2.600   -113.05946226
  29.0   2.700   -113.03583380
  29.0   2.800   -113.01255360
  29.0   2.900   -112.99435091
  29.0   3.000   -112.97087699
  29.0   3.100   -112.94982610
  29.0   3.200   -112.93220954

  30.0   1.600   -112.76119856
  30.0   1.700   -112.92212870
  30.0   1.800   -113.02652008
  30.0   1.900   -113.09030188
  30.0   2.000   -113.12609929
  30.0   2.100   -113.13686253
  30.0   2.200   -113.13393580
  30.0   2.300   -113.12186034
  30.0   2.400   -113.10393939
  30.0   2.500   -113.08256020
  30.0   2.600   -113.05944102
  30.0   2.700   -113.03580914
  30.0   2.800   -113.01252583
  30.0   2.900   -112.99432040
  30.0   3.000   -112.97084416
  30.0   3.100   -112.94979141
  30.0   3.200   -112.93217350

  31.0   1.600   -112.76121596
  31.0   1.700   -112.92214275
  31.0   1.800   -113.02653059
  31.0   1.900   -113.09030869
  31.0   2.000   -113.12610232
  31.0   2.100   -113.13686172
  31.0   2.200   -113.13393115
  31.0   2.300   -113.12185191
  31.0   2.400   -113.10392727
  31.0   2.500   -113.08254454
  31.0   2.600   -113.05942201
  31.0   2.700   -113.03578703
  31.0   2.800   -113.01250090
  31.0   2.900   -112.99429299
  31.0   3.000   -112.97081463
  31.0   3.100   -112.94976020
  31.0   3.200   -112.93214106

  32.0   1.600   -112.76123195
  32.0   1.700   -112.92215571
  32.0   1.800   -113.02654033
  32.0   1.900   -113.09031508
  32.0   2.000   -113.12610526
  32.0   2.100   -113.13686117
  32.0   2.200   -113.13392712
  32.0   2.300   -113.12184444
  32.0   2.400   -113.10391645
  32.0   2.500   -113.08253050
  32.0   2.600   -113.05940493
  32.0   2.700   -113.03576712
  32.0   2.800   -113.01247844
  32.0   2.900   -112.99426826
  32.0   3.000   -112.97078798
  32.0   3.100   -112.94973201
  32.0   3.200   -112.93211175

  33.0   1.600   -112.76124669
  33.0   1.700   -112.92216768
  33.0   1.800   -113.02654936
  33.0   1.900   -113.09032106
  33.0   2.000   -113.12610811
  33.0   2.100   -113.13686084
  33.0   2.200   -113.13392361
  33.0   2.300   -113.12183779
  33.0   2.400   -113.10390675
  33.0   2.500   -113.08251786
  33.0   2.600   -113.05938953
  33.0   2.700   -113.03574914
  33.0   2.800   -113.01245812
  33.0   2.900   -112.99424587
  33.0   3.000   -112.97076384
  33.0   3.100   -112.94970645
  33.0   3.200   -112.93208517

  34.0   1.600   -112.76126029
  34.0   1.700   -112.92217876
  34.0   1.800   -113.02655776
  34.0   1.900   -113.09032667
  34.0   2.000   -113.12611084
  34.0   2.100   -113.13686067
  34.0   2.200   -113.13392054
  34.0   2.300   -113.12183186
  34.0   2.400   -113.10389802
  34.0   2.500   -113.08250646
  34.0   2.600   -113.05937558
  34.0   2.700   -113.03573284
  34.0   2.800   -113.01243968
  34.0   2.900   -112.99422554
  34.0   3.000   -112.97074190
  34.0   3.100   -112.94968322
  34.0   3.200   -112.93206099

  35.0   1.600   -112.76127287
  35.0   1.700   -112.92218902
  35.0   1.800   -113.02656558
  35.0   1.900   -113.09033192
  35.0   2.000   -113.12611347
  35.0   2.100   -113.13686064
  35.0   2.200   -113.13391785
  35.0   2.300   -113.12182654
  35.0   2.400   -113.10389014
  35.0   2.500   -113.08249612
  35.0   2.600   -113.05936292
  35.0   2.700   -113.03571802
  35.0   2.800   -113.01242289
  35.0   2.900   -112.99420702
  35.0   3.000   -112.97072190
  35.0   3.100   -112.94966204
  35.0   3.200   -112.93203893

  36.0   1.600   -112.76128453
  36.0   1.700   -112.92219856
  36.0   1.800   -113.02657285
  36.0   1.900   -113.09033685
  36.0   2.000   -113.12611599
  36.0   2.100   -113.13686071
  36.0   2.200   -113.13391548
  36.0   2.300   -113.12182175
  36.0   2.400   -113.10388301
  36.0   2.500   -113.08248672
  36.0   2.600   -113.05935139
  36.0   2.700   -113.03570450
  36.0   2.800   -113.01240757
  36.0   2.900   -112.99419010
  36.0   3.000   -112.97070362
  36.0   3.100   -112.94964266
  36.0   3.200   -112.93201875

  37.0   1.600   -112.76129535
  37.0   1.700   -112.92220742
  37.0   1.800   -113.02657964
  37.0   1.900   -113.09034148
  37.0   2.000   -113.12611839
  37.0   2.100   -113.13686086
  37.0   2.200   -113.13391338
  37.0   2.300   -113.12181743
  37.0   2.400   -113.10387652
  37.0   2.500   -113.08247816
  37.0   2.600   -113.05934085
  37.0   2.700   -113.03569214
  37.0   2.800   -113.01239354
  37.0   2.900   -112.99417460
  37.0   3.000   -112.97068687
  37.0   3.100   -112.94962489
  37.0   3.200   -112.93200024

  38.0   1.600   -112.76130541
  38.0   1.700   -112.92221567
  38.0   1.800   -113.02658598
  38.0   1.900   -113.09034582
  38.0   2.000   -113.12612068
  38.0   2.100   -113.13686108
  38.0   2.200   -113.13391152
  38.0   2.300   -113.12181352
  38.0   2.400   -113.10387061
  38.0   2.500   -113.08247032
  38.0   2.600   -113.05933121
  38.0   2.700   -113.03568080
  38.0   2.800   -113.01238066
  38.0   2.900   -112.99416036
  38.0   3.000   -112.97067147
  38.0   3.100   -112.94960856
  38.0   3.200   -112.93198321

  39.0   1.600   -112.76131477
  39.0   1.700   -112.92222337
  39.0   1.800   -113.02659191
  39.0   1.900   -113.09034990
  39.0   2.000   -113.12612287
  39.0   2.100   -113.13686134
  39.0   2.200   -113.13390986
  39.0   2.300   -113.12180997
  39.0   2.400   -113.10386521
  39.0   2.500   -113.08246315
  39.0   2.600   -113.05932235
  39.0   2.700   -113.03567038
  39.0   2.800   -113.01236882
  39.0   2.900   -112.99414726
  39.0   3.000   -112.97065729
  39.0   3.100   -112.94959350
  39.0   3.200   -112.93196752

  40.0   1.600   -112.76132351
  40.0   1.700   -112.92223056
  40.0   1.800   -113.02659746
  40.0   1.900   -113.09035374
  40.0   2.000   -113.12612495
  40.0   2.100   -113.13686165
  40.0   2.200   -113.13390839
  40.0   2.300   -113.12180673
  40.0   2.400   -113.10386026
  40.0   2.500   -113.08245655
  40.0   2.600   -113.05931419
  40.0   2.700   -113.03566077
  40.0   2.800   -113.01235789
  40.0   2.900   -112.99413516
  40.0   3.000   -112.97064419
  40.0   3.100   -112.94957960
  40.0   3.200   -112.93195302

  41.0   1.600   -112.76133167
  41.0   1.700   -112.92223729
  41.0   1.800   -113.02660266
  41.0   1.900   -113.09035736
  41.0   2.000   -113.12612694
  41.0   2.100   -113.13686198
  41.0   2.200   -113.13390706
  41.0   2.300   -113.12180378
  41.0   2.400   -113.10385572
  41.0   2.500   -113.08245048
  41.0   2.600   -113.05930667
  41.0   2.700   -113.03565190
  41.0   2.800   -113.01234780
  41.0   2.900   -112.99412398
  41.0   3.000   -112.97063208
  41.0   3.100   -112.94956674
  41.0   3.200   -112.93193960

  42.0   1.600   -112.76133931
  42.0   1.700   -112.92224359
  42.0   1.800   -113.02660755
  42.0   1.900   -113.09036076
  42.0   2.000   -113.12612883
  42.0   2.100   -113.13686233
  42.0   2.200   -113.13390588
  42.0   2.300   -113.12180108
  42.0   2.400   -113.10385153
  42.0   2.500   -113.08244487
  42.0   2.600   -113.05929971
  42.0   2.700   -113.03564369
  42.0   2.800   -113.01233845
  42.0   2.900   -112.99411362
  42.0   3.000   -112.97062085
  42.0   3.100   -112.94955481
  42.0   3.200   -112.93192715

  43.0   1.600   -112.76134646
  43.0   1.700   -112.92224950
  43.0   1.800   -113.02661214
  43.0   1.900   -113.09036398
  43.0   2.000   -113.12613063
  43.0   2.100   -113.13686270
  43.0   2.200   -113.13390482
  43.0   2.300   -113.12179860
  43.0   2.400   -113.10384767
  43.0   2.500   -113.08243968
  43.0   2.600   -113.05929327
  43.0   2.700   -113.03563608
  43.0   2.800   -113.01232977
  43.0   2.900   -112.99410400
  43.0   3.000   -112.97061042
  43.0   3.100   -112.94954373
  43.0   3.200   -112.93191558

  44.0   1.600   -112.76135316
  44.0   1.700   -112.92225504
  44.0   1.800   -113.02661645
  44.0   1.900   -113.09036701
  44.0   2.000   -113.12613234
  44.0   2.100   -113.13686308
  44.0   2.200   -113.13390386
  44.0   2.300   -113.12179632
  44.0   2.400   -113.10384411
  44.0   2.500   -113.08243488
  44.0   2.600   -113.05928729
  44.0   2.700   -113.03562901
  44.0   2.800   -113.01232170
  44.0   2.900   -112.99409505
  44.0   3.000   -112.97060072
  44.0   3.100   -112.94953341
  44.0   3.200   -112.93190481

  45.0   1.600   -112.76135946
  45.0   1.700   -112.92226026
  45.0   1.800   -113.02662052
  45.0   1.900   -113.09036987
  45.0   2.000   -113.12613397
  45.0   2.100   -113.13686346
  45.0   2.200   -113.13390299
  45.0   2.300   -113.12179421
  45.0   2.400   -113.10384080
  45.0   2.500   -113.08243042
  45.0   2.600   -113.05928173
  45.0   2.700   -113.03562243
  45.0   2.800   -113.01231419
  45.0   2.900   -112.99408671
  45.0   3.000   -112.97059168
  45.0   3.100   -112.94952380
  45.0   3.200   -112.93189477

  46.0   1.600   -112.76136538
  46.0   1.700   -112.92226516
  46.0   1.800   -113.02662435
  46.0   1.900   -113.09037258
  46.0   2.000   -113.12613553
  46.0   2.100   -113.13686385
  46.0   2.200   -113.13390220
  46.0   2.300   -113.12179227
  46.0   2.400   -113.10383773
  46.0   2.500   -113.08242626
  46.0   2.600   -113.05927655
  46.0   2.700   -113.03561630
  46.0   2.800   -113.01230719
  46.0   2.900   -112.99407893
  46.0   3.000   -112.97058324
  46.0   3.100   -112.94951481
  46.0   3.200   -112.93188538

  47.0   1.600   -112.76137096
  47.0   1.700   -112.92226979
  47.0   1.800   -113.02662796
  47.0   1.900   -113.09037515
  47.0   2.000   -113.12613701
  47.0   2.100   -113.13686423
  47.0   2.200   -113.13390149
  47.0   2.300   -113.12179048
  47.0   2.400   -113.10383488
  47.0   2.500   -113.08242240
  47.0   2.600   -113.05927172
  47.0   2.700   -113.03561057
  47.0   2.800   -113.01230064
  47.0   2.900   -112.99407166
  47.0   3.000   -112.97057534
  47.0   3.100   -112.94950641
  47.0   3.200   -112.93187661

  48.0   1.600   -112.76137621
  48.0   1.700   -112.92227415
  48.0   1.800   -113.02663138
  48.0   1.900   -113.09037757
  48.0   2.000   -113.12613842
  48.0   2.100   -113.13686462
  48.0   2.200   -113.13390085
  48.0   2.300   -113.12178882
  48.0   2.400   -113.10383223
  48.0   2.500   -113.08241879
  48.0   2.600   -113.05926721
  48.0   2.700   -113.03560521
  48.0   2.800   -113.01229452
  48.0   2.900   -112.99406485
  48.0   3.000   -112.97056795
  48.0   3.100   -112.94949855
  48.0   3.200   -112.93186838

  49.0   1.600   -112.76138117
  49.0   1.700   -112.92227827
  49.0   1.800   -113.02663461
  49.0   1.900   -113.09037987
  49.0   2.000   -113.12613977
  49.0   2.100   -113.13686499
  49.0   2.200   -113.13390026
  49.0   2.300   -113.12178727
  49.0   2.400   -113.10382975
  49.0   2.500   -113.08241541
  49.0   2.600   -113.05926298
  49.0   2.700   -113.03560019
  49.0   2.800   -113.01228878
  49.0   2.900   -112.99405847
  49.0   3.000   -112.97056102
  49.0   3.100   -112.94949117
  49.0   3.200   -112.93186067

  50.0   1.600   -112.76138586
  50.0   1.700   -112.92228216
  50.0   1.800   -113.02663766
  50.0   1.900   -113.09038206
  50.0   2.000   -113.12614105
  50.0   2.100   -113.13686537
  50.0   2.200   -113.13389972
  50.0   2.300   -113.12178584
  50.0   2.400   -113.10382743
  50.0   2.500   -113.08241225
  50.0   2.600   -113.05925902
  50.0   2.700   -113.03559549
  50.0   2.800   -113.01228339
  50.0   2.900   -112.99405248
  50.0   3.000   -112.97055451
  50.0   3.100   -112.94948423
  50.0   3.200   -112.93185342

