   1.0   1.600   -110.52014840
   1.0   1.700   -110.83651240
   1.0   1.800   -111.07522070
   1.0   1.900   -111.29655790
   1.0   2.000   -111.49042650
   1.0   2.100   -111.66034200
   1.0   2.200   -111.81116930
   1.0   2.300   -111.93988270
   1.0   2.400   -112.05216090
   1.0   2.500   -112.14152470
   1.0   2.600   -112.14149050
   1.0   2.700   -112.32228580
   1.0   2.800   -112.39624680
   1.0   2.900   -112.46285090
   1.0   3.000   -112.46203530
   1.0   3.100   -112.57940770
   1.0   3.200   -112.62861490

   1.2   1.600   -111.17395919
   1.2   1.700   -111.44134816
   1.2   1.800   -111.58042966
   1.2   1.900   -111.72789217
   1.2   2.000   -111.85152844
   1.2   2.100   -111.95584462
   1.2   2.200   -112.04553153
   1.2   2.300   -112.12344002
   1.2   2.400   -112.19392021
   1.2   2.500   -112.26070053
   1.2   2.600   -112.20266645
   1.2   2.700   -112.38201154
   1.2   2.800   -112.41528186
   1.2   2.900   -112.46966488
   1.2   3.000   -112.48253031
   1.2   3.100   -112.57288043
   1.2   3.200   -112.62107878

   1.4   1.600   -111.66370000
   1.4   1.700   -111.88986260
   1.4   1.800   -111.99722910
   1.4   1.900   -112.10409860
   1.4   2.000   -112.18737070
   1.4   2.100   -112.25254320
   1.4   2.200   -112.30512250
   1.4   2.300   -112.34785060
   1.4   2.400   -112.38648920
   1.4   2.500   -112.42606960
   1.4   2.600   -112.37254070
   1.4   2.700   -112.49685790
   1.4   2.800   -112.50892340
   1.4   2.900   -112.54432680
   1.4   3.000   -112.56238950
   1.4   3.100   -112.61542280
   1.4   3.200   -112.65202950

   1.6   1.600   -112.01335566
   1.6   1.700   -112.21008427
   1.6   1.800   -112.32343267
   1.6   1.900   -112.41298143
   1.6   2.000   -112.47724053
   1.6   2.100   -112.52245486
   1.6   2.200   -112.55547715
   1.6   2.300   -112.57631671
   1.6   2.400   -112.59274314
   1.6   2.500   -112.60728440
   1.6   2.600   -112.58449832
   1.6   2.700   -112.63653251
   1.6   2.800   -112.64006684
   1.6   2.900   -112.65534665
   1.6   3.000   -112.67081152
   1.6   3.100   -112.68839747
   1.6   3.200   -112.70844507

   1.8   1.600   -112.24691100
   1.8   1.700   -112.43004170
   1.8   1.800   -112.55685400
   1.8   1.900   -112.64234490
   1.8   2.000   -112.70042520
   1.8   2.100   -112.73759670
   1.8   2.200   -112.76213040
   1.8   2.300   -112.77204060
   1.8   2.400   -112.77555730
   1.8   2.500   -112.77399740
   1.8   2.600   -112.77192440
   1.8   2.700   -112.77074300
   1.8   2.800   -112.77160760
   1.8   2.900   -112.77123440
   1.8   3.000   -112.77699500
   1.8   3.100   -112.77316710
   1.8   3.200   -112.77730350

   2.0   1.600   -112.39146350
   2.0   1.700   -112.57555600
   2.0   1.800   -112.70331440
   2.0   1.900   -112.78911530
   2.0   2.000   -112.84628650
   2.0   2.100   -112.88092270
   2.0   2.200   -112.90242560
   2.0   2.300   -112.90897030
   2.0   2.400   -112.90791580
   2.0   2.500   -112.90104720
   2.0   2.600   -112.89216850
   2.0   2.700   -112.87790590
   2.0   2.800   -112.87413820
   2.0   2.900   -112.86697780
   2.0   3.000   -112.86033100
   2.0   3.100   -112.85241090
   2.0   3.200   -112.84787310

   2.1   1.600   -112.44184970
   2.1   1.700   -112.62614690
   2.1   1.800   -112.75444110
   2.1   1.900   -112.84063410
   2.1   2.000   -112.89809410
   2.1   2.100   -112.93254520
   2.1   2.200   -112.95384570
   2.1   2.300   -112.95945940
   2.1   2.400   -112.95797500
   2.1   2.500   -112.94941050
   2.1   2.600   -112.93963980
   2.1   2.700   -112.92415782
   2.1   2.800   -112.91513470
   2.1   2.900   -112.90627730
   2.1   3.000   -112.89662170
   2.1   3.100   -112.88721250
   2.1   3.200   -112.88201690

   2.2   1.600   -112.48153950
   2.2   1.700   -112.66580410
   2.2   1.800   -112.79439900
   2.2   1.900   -112.88088430
   2.2   2.000   -112.93868570
   2.2   2.100   -112.97332170
   2.2   2.200   -112.99502710
   2.2   2.300   -112.99998900
   2.2   2.400   -112.99799130
   2.2   2.500   -112.99331710
   2.2   2.600   -112.97909320
   2.2   2.700   -112.96500415
   2.2   2.800   -112.95284413
   2.2   2.900   -112.93928880
   2.2   3.000   -112.92657180
   2.2   3.100   -112.92024390
   2.2   3.200   -112.91104750

   2.3   1.600   -112.51342890
   2.3   1.700   -112.69701370
   2.3   1.800   -112.82538180
   2.3   1.900   -112.91195180
   2.3   2.000   -112.97000200
   2.3   2.100   -113.00496350
   2.3   2.200   -113.02750060
   2.3   2.300   -113.03211750
   2.3   2.400   -113.02981720
   2.3   2.500   -113.03120257
   2.3   2.600   -113.01114070
   2.3   2.700   -112.99848820
   2.3   2.800   -112.98499970
   2.3   2.900   -112.97124770
   2.3   3.000   -112.95820850
   2.3   3.100   -112.94636420
   2.3   3.200   -112.93578080

   2.4   1.600   -112.53927180
   2.4   1.700   -112.72182780
   2.4   1.800   -112.84936830
   2.4   1.900   -112.93565340
   2.4   2.000   -112.99386650
   2.4   2.100   -113.02901270
   2.4   2.200   -113.05290870
   2.4   2.300   -113.05718540
   2.4   2.400   -113.05402700
   2.4   2.500   -113.05947050
   2.4   2.600   -113.03666990
   2.4   2.700   -113.02373200
   2.4   2.800   -113.00932080
   2.4   2.900   -112.99446560
   2.4   3.000   -112.98040480
   2.4   3.100   -112.96772580
   2.4   3.200   -112.95626530

   2.5   1.600   -112.56036570
   2.5   1.700   -112.74167610
   2.5   1.800   -112.86812700
   2.5   1.900   -112.95376050
   2.5   2.000   -113.01158090
   2.5   2.100   -113.04678810
   2.5   2.200   -113.07369385
   2.5   2.300   -113.07775011
   2.5   2.400   -113.07304250
   2.5   2.500   -113.07716810
   2.5   2.600   -113.05636120
   2.5   2.700   -113.04338020
   2.5   2.800   -113.02844400
   2.5   2.900   -113.01282180
   2.5   3.000   -112.99793970
   2.5   3.100   -112.98463960
   2.5   3.200   -112.97263090

   2.6   1.600   -112.57763140
   2.6   1.700   -112.75755750
   2.6   1.800   -112.88288290
   2.6   1.900   -112.96764470
   2.6   2.000   -113.02484330
   2.6   2.100   -113.05979120
   2.6   2.200   -113.09033176
   2.6   2.300   -113.09439049
   2.6   2.400   -113.08802630
   2.6   2.500   -113.09117700
   2.6   2.600   -113.07104990
   2.6   2.700   -113.05818730
   2.6   2.800   -113.04302910
   2.6   2.900   -113.02690180
   2.6   3.000   -113.01133590
   2.6   3.100   -112.99750680
   2.6   3.200   -112.98518350

   2.7   1.600   -112.59182150
   2.7   1.700   -112.77020480
   2.7   1.800   -112.89440450
   2.7   1.900   -112.97836900
   2.7   2.000   -113.03481650
   2.7   2.100   -113.06919850
   2.7   2.200   -113.10270953
   2.7   2.300   -113.10705872
   2.7   2.400   -113.09893720
   2.7   2.500   -113.10111780
   2.7   2.600   -113.08155750
   2.7   2.700   -113.06885160
   2.7   2.800   -113.05365880
   2.7   2.900   -113.03726500
   2.7   3.000   -113.02113290
   2.7   3.100   -113.00682300
   2.7   3.200   -112.99440040

   2.8   1.600   -112.60372630
   2.8   1.700   -112.78027800
   2.8   1.800   -112.90313420
   2.8   1.900   -112.98626650
   2.8   2.000   -113.04208610
   2.8   2.100   -113.07597340
   2.8   2.200   -113.11071430
   2.8   2.300   -113.11570700
   2.8   2.400   -113.10275180
   2.8   2.500   -113.10766750
   2.8   2.600   -113.08855810
   2.8   2.700   -113.07601470
   2.8   2.800   -113.06090800
   2.8   2.900   -113.04444560
   2.8   3.000   -113.02787330
   2.8   3.100   -113.01320510
   2.8   3.200   -113.00065980

   2.9   1.600   -112.61404410
   2.9   1.700   -112.78849430
   2.9   1.800   -112.90970000
   2.9   1.900   -112.99173840
   2.9   2.000   -113.04669310
   2.9   2.100   -113.07996640
   2.9   2.200   -113.11449830
   2.9   2.300   -113.12021910
   2.9   2.400   -113.10600930
   2.9   2.500   -113.11119950
   2.9   2.600   -113.09265480
   2.9   2.700   -113.08025430
   2.9   2.800   -113.06529860
   2.9   2.900   -113.04893000
   2.9   3.000   -113.03206490
   2.9   3.100   -113.01706260
   2.9   3.200   -113.00438280

   3.0   1.600   -112.62336450
   3.0   1.700   -112.79550300
   3.0   1.800   -112.91479690
   3.0   1.900   -112.99546330
   3.0   2.000   -113.04932640
   3.0   2.100   -113.08186070
   3.0   2.200   -113.11521090
   3.0   2.300   -113.12087570
   3.0   2.400   -113.10738660
   3.0   2.500   -113.11263630
   3.0   2.600   -113.09435000
   3.0   2.700   -113.08208720
   3.0   2.800   -113.06730930
   3.0   2.900   -113.05114860
   3.0   3.000   -113.03412370
   3.0   3.100   -113.01881400
   3.0   3.200   -113.00597540

   3.1   1.600   -112.63222130
   3.1   1.700   -112.80189180
   3.1   1.800   -112.91900430
   3.1   1.900   -112.99801350
   3.1   2.000   -113.05058710
   3.1   2.100   -113.08221730
   3.1   2.200   -113.11400120
   3.1   2.300   -113.11980270
   3.1   2.400   -113.10684640
   3.1   2.500   -113.11202530
   3.1   2.600   -113.09406980
   3.1   2.700   -113.08194470
   3.1   2.800   -113.06733850
   3.1   2.900   -113.05143400
   3.1   3.000   -113.03441540
   3.1   3.100   -113.01883120
   3.1   3.200   -113.00581440

   3.2   1.600   -112.64089850
   3.2   1.700   -112.80806500
   3.2   1.800   -112.92285540
   3.2   1.900   -112.99991030
   3.2   2.000   -113.05096220
   3.2   2.100   -113.08146170
   3.2   2.200   -113.11166500
   3.2   2.300   -113.11700770
   3.2   2.400   -113.10470660
   3.2   2.500   -113.10983880
   3.2   2.600   -113.09216430
   3.2   2.700   -113.08019720
   3.2   2.800   -113.06575760
   3.2   2.900   -113.05015760
   3.2   3.000   -113.03320820
   3.2   3.100   -113.01740390
   3.2   3.200   -113.00421610

   3.3   1.600   -112.64965300
   3.3   1.700   -112.81440590
   3.3   1.800   -112.92675680
   3.3   1.900   -113.00163400
   3.3   2.000   -113.05091290
   3.3   2.100   -113.08011840
   3.3   2.200   -113.10826140
   3.3   2.300   -113.11293760
   3.3   2.400   -113.10128340
   3.3   2.500   -113.10580600
   3.3   2.600   -113.08889210
   3.3   2.700   -113.07712240
   3.3   2.800   -113.06288790
   3.3   2.900   -113.04757540
   3.3   3.000   -113.03082120
   3.3   3.100   -113.01490460
   3.3   3.200   -113.00149930

   3.4   1.600   -112.65858850
   3.4   1.700   -112.82111470
   3.4   1.800   -112.93107590
   3.4   1.900   -113.00360140
   3.4   2.000   -113.05091660
   3.4   2.100   -113.07855720
   3.4   2.200   -113.10448480
   3.4   2.300   -113.10843120
   3.4   2.400   -113.09696690
   3.4   2.500   -113.10082500
   3.4   2.600   -113.08444350
   3.4   2.700   -113.07294570
   3.4   2.800   -113.05894230
   3.4   2.900   -113.04392240
   3.4   3.000   -113.02742780
   3.4   3.100   -113.01152440
   3.4   3.200   -112.99792890

   3.5   1.600   -112.66771960
   3.5   1.700   -112.82828380
   3.5   1.800   -112.93591340
   3.5   1.900   -113.00629900
   3.5   2.000   -113.05129000
   3.5   2.100   -113.07723860
   3.5   2.200   -113.10086230
   3.5   2.300   -113.10384610
   3.5   2.400   -113.09227730
   3.5   2.500   -113.09507720
   3.5   2.600   -113.07902870
   3.5   2.700   -113.06778520
   3.5   2.800   -113.05410930
   3.5   2.900   -113.03939260
   3.5   3.000   -113.02318040
   3.5   3.100   -113.00741880
   3.5   3.200   -112.99370760

   3.6   1.600   -112.67693570
   3.6   1.700   -112.83589650
   3.6   1.800   -112.94149340
   3.6   1.900   -113.00959640
   3.6   2.000   -113.05234210
   3.6   2.100   -113.07648800
   3.6   2.200   -113.09779260
   3.6   2.300   -113.09970220
   3.6   2.400   -113.08778870
   3.6   2.500   -113.08932550
   3.6   2.600   -113.07308550
   3.6   2.700   -113.06175790
   3.6   2.800   -113.04844450
   3.6   2.900   -113.03409470
   3.6   3.000   -113.01821450
   3.6   3.100   -113.00271720
   3.6   3.200   -112.98901210

   3.7   1.600   -112.68609060
   3.7   1.700   -112.84378760
   3.7   1.800   -112.94768620
   3.7   1.900   -113.01373200
   3.7   2.000   -113.05426570
   3.7   2.100   -113.07649700
   3.7   2.200   -113.09547240
   3.7   2.300   -113.09626680
   3.7   2.400   -113.08391500
   3.7   2.500   -113.08402810
   3.7   2.600   -113.06728290
   3.7   2.700   -113.05531750
   3.7   2.800   -113.04199520
   3.7   2.900   -113.02805060
   3.7   3.000   -113.01258660
   3.7   3.100   -112.99749570
   3.7   3.200   -112.98395870

   3.8   1.600   -112.69503100
   3.8   1.700   -112.85176780
   3.8   1.800   -112.95432020
   3.8   1.900   -113.01862530
   3.8   2.000   -113.05711900
   3.8   2.100   -113.07738210
   3.8   2.200   -113.09395260
   3.8   2.300   -113.09361740
   3.8   2.400   -113.08079420
   3.8   2.500   -113.07947880
   3.8   2.600   -113.06216970
   3.8   2.700   -113.04923220
   3.8   2.800   -113.03520220
   3.8   2.900   -113.02127100
   3.8   3.000   -113.00630090
   3.8   3.100   -112.99179990
   3.8   3.200   -112.97864330

   3.9   1.600   -112.70361880
   3.9   1.700   -112.85966140
   3.9   1.800   -112.96117790
   3.9   1.900   -113.02408940
   3.9   2.000   -113.06082480
   3.9   2.100   -113.07919410
   3.9   2.200   -113.09324350
   3.9   2.300   -113.09171510
   3.9   2.400   -113.07842090
   3.9   2.500   -113.07568800
   3.9   2.600   -113.05789630
   3.9   2.700   -113.04405070
   3.9   2.800   -113.02899560
   3.9   2.900   -113.01425200
   3.9   3.000   -112.99944750
   3.9   3.100   -112.98567950
   3.9   3.200   -112.97313360

   4.0   1.600   -112.71174500
   4.0   1.700   -112.86728920
   4.0   1.800   -112.96804820
   4.0   1.900   -113.02990740
   4.0   2.000   -113.06519150
   4.0   2.100   -113.08188160
   4.0   2.200   -113.09340790
   4.0   2.300   -113.09051680
   4.0   2.400   -113.07670440
   4.0   2.500   -113.07255800
   4.0   2.600   -113.05434370
   4.0   2.700   -113.03975260
   4.0   2.800   -113.02389180
   4.0   2.900   -113.00810570
   4.0   3.000   -112.99267160
   4.0   3.100   -112.97936100
   4.0   3.200   -112.96753280

   4.1   1.600   -112.71933780
   4.1   1.700   -112.87454300
   4.1   1.800   -112.97475280
   4.1   1.900   -113.03582860
   4.1   2.000   -113.06997730
   4.1   2.100   -113.08527850
   4.1   2.200   -113.09443940
   4.1   2.300   -113.09003920
   4.1   2.400   -113.07556800
   4.1   2.500   -113.06994870
   4.1   2.600   -113.05137110
   4.1   2.700   -113.03613850
   4.1   2.800   -113.01967960
   4.1   2.900   -113.00326260
   4.1   3.000   -112.98703430
   4.1   3.100   -112.97350750
   4.1   3.200   -112.96207270

   4.2   1.600   -112.72635700
   4.2   1.700   -112.88134260
   4.2   1.800   -112.98116150
   4.2   1.900   -113.04165040
   4.2   2.000   -113.07494670
   4.2   2.100   -113.08915290
   4.2   2.200   -113.09623160
   4.2   2.300   -113.09033670
   4.2   2.400   -113.07503000
   4.2   2.500   -113.06779720
   4.2   2.600   -113.04886190
   4.2   2.700   -113.03303210
   4.2   2.800   -113.01608870
   4.2   2.900   -112.99928990
   4.2   3.000   -112.98262320
   4.2   3.100   -112.96869860
   4.2   3.200   -112.95714640

   4.4   1.600   -112.73863790
   4.4   1.700   -112.89341460
   4.4   1.800   -112.99275770
   4.4   1.900   -113.05252770
   4.4   2.000   -113.08471530
   4.4   2.100   -113.09744620
   4.4   2.200   -113.10134350
   4.4   2.300   -113.09302600
   4.4   2.400   -113.07600290
   4.4   2.500   -113.06507670
   4.4   2.600   -113.04510860
   4.4   2.700   -113.02806010
   4.4   2.800   -113.01017600
   4.4   2.900   -112.99379946
   4.4   3.000   -112.98106190
   4.4   3.100   -112.96130290
   4.4   3.200   -112.94931780

   4.6   1.600   -112.74866960
   4.6   1.700   -112.90341480
   4.6   1.800   -113.00255790
   4.6   1.900   -113.06196290
   4.6   2.000   -113.09352030
   4.6   2.100   -113.10542470
   4.6   2.200   -113.10717860
   4.6   2.300   -113.09736560
   4.6   2.400   -113.07929840
   4.6   2.500   -113.06495940
   4.6   2.600   -113.04348740
   4.6   2.700   -113.02479320
   4.6   2.800   -113.00596760
   4.6   2.900   -112.99111989
   4.6   3.000   -112.98033710
   4.6   3.100   -112.95532790
   4.6   3.200   -112.94310760

   4.8   1.600   -112.75669350
   4.8   1.700   -112.91148180
   4.8   1.800   -113.01056030
   4.8   1.900   -113.06977600
   4.8   2.000   -113.10100700
   4.8   2.100   -113.11246580
   4.8   2.200   -113.11277050
   4.8   2.300   -113.10206740
   4.8   2.400   -113.08360700
   4.8   2.500   -113.06689990
   4.8   2.600   -113.04430110
   4.8   2.700   -113.02377260
   4.8   2.800   -113.00368800
   4.8   2.900   -112.99056025
   4.8   3.000   -112.97868746
   4.8   3.100   -112.95037180
   4.8   3.200   -112.93791700

   5.0   1.600   -112.76300700
   5.0   1.700   -112.91788130
   5.0   1.800   -113.01694080
   5.0   1.900   -113.07607240
   5.0   2.000   -113.10710550
   5.0   2.100   -113.11830520
   5.0   2.200   -113.11765210
   5.0   2.300   -113.10644980
   5.0   2.400   -113.08791340
   5.0   2.500   -113.06970030
   5.0   2.600   -113.04657670
   5.0   2.700   -113.02479650
   5.0   2.800   -113.00344820
   5.0   2.900   -112.99142960
   5.0   3.000   -112.97683568
   5.0   3.100   -112.94667910
   5.0   3.200   -112.93364420

   5.2   1.600   -112.76791030
   5.2   1.700   -112.92288360
   5.2   1.800   -113.02194290
   5.2   1.900   -113.08104220
   5.2   2.000   -113.11195920
   5.2   2.100   -113.12300670
   5.2   2.200   -113.12170010
   5.2   2.300   -113.11021260
   5.2   2.400   -113.09174730
   5.2   2.500   -113.07254070
   5.2   2.600   -113.04925170
   5.2   2.700   -113.02675420
   5.2   2.800   -113.00463330
   5.2   2.900   -112.99301050
   5.2   3.000   -112.97534330
   5.2   3.100   -112.94534677
   5.2   3.200   -112.93047900

   5.4   1.600   -112.77168620
   5.4   1.700   -112.92671730
   5.4   1.800   -113.02580610
   5.4   1.900   -113.08489940
   5.4   2.000   -113.11575260
   5.4   2.100   -113.12671650
   5.4   2.200   -113.12499000
   5.4   2.300   -113.11324510
   5.4   2.400   -113.09493420
   5.4   2.500   -113.07507920
   5.4   2.600   -113.05176130
   5.4   2.700   -113.02886790
   5.4   2.800   -113.00628050
   5.4   2.900   -112.99461540
   5.4   3.000   -112.97443780
   5.4   3.100   -112.94578867
   5.4   3.200   -112.92910491

   5.6   1.600   -112.77453670
   5.6   1.700   -112.92963940
   5.6   1.800   -113.02876580
   5.6   1.900   -113.08786230
   5.6   2.000   -113.11865990
   5.6   2.100   -113.12957590
   5.6   2.200   -113.12752460
   5.6   2.300   -113.11570800
   5.6   2.400   -113.09747370
   5.6   2.500   -113.07716530
   5.6   2.600   -113.05388000
   5.6   2.700   -113.03075050
   5.6   2.800   -113.00793850
   5.6   2.900   -112.99596900
   5.6   3.000   -112.97341240
   5.6   3.100   -112.94691200
   5.6   3.200   -112.92919602

   5.8   1.600   -112.77643430
   5.8   1.700   -112.93181530
   5.8   1.800   -113.03097180
   5.8   1.900   -113.09008410
   5.8   2.000   -113.12086150
   5.8   2.100   -113.13175020
   5.8   2.200   -113.12947000
   5.8   2.300   -113.11759180
   5.8   2.400   -113.09944670
   5.8   2.500   -113.07881900
   5.8   2.600   -113.05557870
   5.8   2.700   -113.03230290
   5.8   2.800   -113.00936480
   5.8   2.900   -112.99650120
   5.8   3.000   -112.97261450
   5.8   3.100   -112.94786410
   5.8   3.200   -112.93012482

   6.0   1.600   -112.77532550
   6.0   1.700   -112.93341830
   6.0   1.800   -113.03259910
   6.0   1.900   -113.09172910
   6.0   2.000   -113.12249770
   6.0   2.100   -113.13337160
   6.0   2.200   -113.13093140
   6.0   2.300   -113.11901360
   6.0   2.400   -113.10094200
   6.0   2.500   -113.08009460
   6.0   2.600   -113.05689320
   6.0   2.700   -113.03352340
   6.0   2.800   -113.01051170
   6.0   2.900   -112.99590880
   6.0   3.000   -112.97197750
   6.0   3.100   -112.94867400
   6.0   3.200   -112.93126380

   7.0   1.600   -112.77118890
   7.0   1.700   -112.93130970
   7.0   1.800   -113.03484770
   7.0   1.900   -113.09514260
   7.0   2.000   -113.12590240
   7.0   2.100   -113.13674900
   7.0   2.200   -113.13397350
   7.0   2.300   -113.12198620
   7.0   2.400   -113.10408960
   7.0   2.500   -113.08286830
   7.0   2.600   -113.05906970
   7.0   2.700   -113.03580816
   7.0   2.800   -113.01303980
   7.0   2.900   -112.99412940
   7.0   3.000   -112.97030825
   7.0   3.100   -112.95055400
   7.0   3.200   -112.93300590

   8.0   1.600   -112.76851390
   8.0   1.700   -112.92879900
   8.0   1.800   -113.03251050
   8.0   1.900   -113.09558770
   8.0   2.000   -113.12635900
   8.0   2.100   -113.13716790
   8.0   2.200   -113.13431230
   8.0   2.300   -113.12228740
   8.0   2.400   -113.10439360
   8.0   2.500   -113.08304120
   8.0   2.600   -113.05740052
   8.0   2.700   -113.03462536
   8.0   2.800   -113.01330490
   8.0   2.900   -112.99338530
   8.0   3.000   -112.97005440
   8.0   3.100   -112.95070060
   8.0   3.200   -112.93311150

   9.0   1.600   -112.76676840
   9.0   1.700   -112.92717050
   9.0   1.800   -113.03100520
   9.0   1.900   -113.09421000
   9.0   2.000   -113.12631140
   9.0   2.100   -113.13714180
   9.0   2.200   -113.13428060
   9.0   2.300   -113.12226500
   9.0   2.400   -113.10439850
   9.0   2.500   -113.08307040
   9.0   2.600   -113.05662870
   9.0   2.700   -113.03390010
   9.0   2.800   -113.01306152
   9.0   2.900   -112.99275760
   9.0   3.000   -112.96993890
   9.0   3.100   -112.95057340
   9.0   3.200   -112.93297470

  10.0   1.600   -112.76562300
  10.0   1.700   -112.92611130
  10.0   1.800   -113.03003670
  10.0   1.900   -113.09333530
  10.0   2.000   -113.12623680
  10.0   2.100   -113.13706610
  10.0   2.200   -113.13420290
  10.0   2.300   -113.12218790
  10.0   2.400   -113.10432520
  10.0   2.500   -113.08300020
  10.0   2.600   -113.05919840
  10.0   2.700   -113.03575720
  10.0   2.800   -113.01283030
  10.0   2.900   -112.99294290
  10.0   3.000   -112.96984230
  10.0   3.100   -112.95047410
  10.0   3.200   -112.93287300

  12.0   1.600   -112.76424430
  12.0   1.700   -112.92484950
  12.0   1.800   -113.02889450
  12.0   1.900   -113.09231720
  12.0   2.000   -113.12615340
  12.0   2.100   -113.13698150
  12.0   2.200   -113.13411740
  12.0   2.300   -113.12210220
  12.0   2.400   -113.10424000
  12.0   2.500   -113.08291570
  12.0   2.600   -113.05983260
  12.0   2.700   -113.03625170
  12.0   2.800   -113.01301790
  12.0   2.900   -112.99310020
  12.0   3.000   -112.96975320
  12.0   3.100   -112.95038460
  12.0   3.200   -112.93278300

  14.0   1.600   -112.76347780
  14.0   1.700   -112.92414950
  14.0   1.800   -113.02826800
  14.0   1.900   -113.09176630
  14.0   2.000   -113.12612020
  14.0   2.100   -113.13694780
  14.0   2.200   -113.13408360
  14.0   2.300   -113.12206840
  14.0   2.400   -113.10420650
  14.0   2.500   -113.08288260
  14.0   2.600   -113.05981560
  14.0   2.700   -113.03623210
  14.0   2.800   -113.01299260
  14.0   2.900   -112.99321610
  14.0   3.000   -112.96972150
  14.0   3.100   -112.95035320
  14.0   3.200   -112.93275190

  16.0   1.600   -112.76290930
  16.0   1.700   -112.92362530
  16.0   1.800   -113.02779070
  16.0   1.900   -113.09133810
  16.0   2.000   -113.12585360
  16.0   2.100   -113.13693180
  16.0   2.200   -113.13406750
  16.0   2.300   -113.12205250
  16.0   2.400   -113.10419080
  16.0   2.500   -113.08286710
  16.0   2.600   -113.05980060
  16.0   2.700   -113.03621740
  16.0   2.800   -113.01297810
  16.0   2.900   -112.99324250
  16.0   3.000   -112.96970750
  16.0   3.100   -112.95033950
  16.0   3.200   -112.93273850

  18.0   1.600   -112.76261980
  18.0   1.700   -112.92336780
  18.0   1.800   -113.02756690
  18.0   1.900   -113.09114940
  18.0   2.000   -113.12570080
  18.0   2.100   -113.13692320
  18.0   2.200   -113.13405890
  18.0   2.300   -113.12204400
  18.0   2.400   -113.10418240
  18.0   2.500   -113.08285900
  18.0   2.600   -113.05979260
  18.0   2.700   -113.03620960
  18.0   2.800   -113.01297050
  18.0   2.900   -112.99337350
  18.0   3.000   -112.96970040
  18.0   3.100   -112.95033260
  18.0   3.200   -112.93273180

  20.0   1.600   -112.76241950
  20.0   1.700   -112.92319040
  20.0   1.800   -113.02741380
  20.0   1.900   -113.09102140
  20.0   2.000   -113.12559870
  20.0   2.100   -113.13691820
  20.0   2.200   -113.13405380
  20.0   2.300   -113.12203900
  20.0   2.400   -113.10417750
  20.0   2.500   -113.08285420
  20.0   2.600   -113.05978810
  20.0   2.700   -113.03620520
  20.0   2.800   -113.01296620
  20.0   2.900   -112.99347570
  20.0   3.000   -112.96969650
  20.0   3.100   -112.95032880
  20.0   3.200   -112.93272810

  21.0   1.600   -112.76241927
  21.0   1.700   -112.92319069
  21.0   1.800   -113.02741409
  21.0   1.900   -113.09102184
  21.0   2.000   -113.12559828
  21.0   2.100   -113.13691775
  21.0   2.200   -113.13405354
  21.0   2.300   -113.12203894
  21.0   2.400   -113.10417722
  21.0   2.500   -113.08285460
  21.0   2.600   -113.05978830
  21.0   2.700   -113.03620553
  21.0   2.800   -113.01296645
  21.0   2.900   -112.99347521
  21.0   3.000   -112.96969694
  21.0   3.100   -112.95032875
  21.0   3.200   -112.93272773

  22.0   1.600   -112.76238582
  22.0   1.700   -112.92316459
  22.0   1.800   -113.02739576
  22.0   1.900   -113.09101156
  22.0   2.000   -113.12559622
  22.0   2.100   -113.13692397
  22.0   2.200   -113.13406797
  22.0   2.300   -113.12206141
  22.0   2.400   -113.10420743
  22.0   2.500   -113.08289216
  22.0   2.600   -113.05983271
  22.0   2.700   -113.03625616
  22.0   2.800   -113.01302260
  22.0   2.900   -112.99353605
  22.0   3.000   -112.96976157
  22.0   3.100   -112.95039614
  22.0   3.200   -112.93279678

  23.0   1.600   -112.76235567
  23.0   1.700   -112.92314088
  23.0   1.800   -113.02737885
  23.0   1.900   -113.09100172
  23.0   2.000   -113.12559361
  23.0   2.100   -113.13692862
  23.0   2.200   -113.13407985
  23.0   2.300   -113.12208036
  23.0   2.400   -113.10423320
  23.0   2.500   -113.08292441
  23.0   2.600   -113.05987100
  23.0   2.700   -113.03629997
  23.0   2.800   -113.01307129
  23.0   2.900   -112.99358893
  23.0   3.000   -112.96981783
  23.0   3.100   -112.95045491
  23.0   3.200   -112.93285709

  24.0   1.600   -112.76232843
  24.0   1.700   -112.92311932
  24.0   1.800   -113.02736330
  24.0   1.900   -113.09099240
  24.0   2.000   -113.12559066
  24.0   2.100   -113.13693210
  24.0   2.200   -113.13408970
  24.0   2.300   -113.12209647
  24.0   2.400   -113.10425535
  24.0   2.500   -113.08295230
  24.0   2.600   -113.05990425
  24.0   2.700   -113.03633812
  24.0   2.800   -113.01311380
  24.0   2.900   -112.99363518
  24.0   3.000   -112.96986712
  24.0   3.100   -112.95050648
  24.0   3.200   -112.93291008

  25.0   1.600   -112.76230377
  25.0   1.700   -112.92309970
  25.0   1.800   -113.02734899
  25.0   1.900   -113.09098363
  25.0   2.000   -113.12558754
  25.0   2.100   -113.13693467
  25.0   2.200   -113.13409795
  25.0   2.300   -113.12211026
  25.0   2.400   -113.10427452
  25.0   2.500   -113.08297657
  25.0   2.600   -113.05993330
  25.0   2.700   -113.03637154
  25.0   2.800   -113.01315112
  25.0   2.900   -112.99367585
  25.0   3.000   -112.96991054
  25.0   3.100   -112.95055196
  25.0   3.200   -112.93295688

  26.0   1.600   -112.76228139
  26.0   1.700   -112.92308180
  26.0   1.800   -113.02733584
  26.0   1.900   -113.09097540
  26.0   2.000   -113.12558435
  26.0   2.100   -113.13693656
  26.0   2.200   -113.13410489
  26.0   2.300   -113.12212216
  26.0   2.400   -113.10429121
  26.0   2.500   -113.08299783
  26.0   2.600   -113.05995884
  26.0   2.700   -113.03640099
  26.0   2.800   -113.01318407
  26.0   2.900   -112.99371182
  26.0   3.000   -112.96994898
  26.0   3.100   -112.95059228
  26.0   3.200   -112.93299843

  27.0   1.600   -112.76226105
  27.0   1.700   -112.92306547
  27.0   1.800   -113.02732374
  27.0   1.900   -113.09096770
  27.0   2.000   -113.12558116
  27.0   2.100   -113.13693792
  27.0   2.200   -113.13411077
  27.0   2.300   -113.12213249
  27.0   2.400   -113.10430583
  27.0   2.500   -113.08301656
  27.0   2.600   -113.05998140
  27.0   2.700   -113.03642707
  27.0   2.800   -113.01321330
  27.0   2.900   -112.99374378
  27.0   3.000   -112.96998319
  27.0   3.100   -112.95062820
  27.0   3.200   -112.93303548

  28.0   1.600   -112.76224250
  28.0   1.700   -112.92305052
  28.0   1.800   -113.02731260
  28.0   1.900   -113.09096052
  28.0   2.000   -113.12557803
  28.0   2.100   -113.13693887
  28.0   2.200   -113.13411579
  28.0   2.300   -113.12214150
  28.0   2.400   -113.10431872
  28.0   2.500   -113.08303313
  28.0   2.600   -113.06000143
  28.0   2.700   -113.03645028
  28.0   2.800   -113.01323936
  28.0   2.900   -112.99377230
  28.0   3.000   -112.97001375
  28.0   3.100   -112.95066033
  28.0   3.200   -112.93306865

  29.0   1.600   -112.76222556
  29.0   1.700   -112.92303682
  29.0   1.800   -113.02730233
  29.0   1.900   -113.09095381
  29.0   2.000   -113.12557497
  29.0   2.100   -113.13693950
  29.0   2.200   -113.13412009
  29.0   2.300   -113.12214941
  29.0   2.400   -113.10433012
  29.0   2.500   -113.08304786
  29.0   2.600   -113.06001929
  29.0   2.700   -113.03647102
  29.0   2.800   -113.01326268
  29.0   2.900   -112.99379786
  29.0   3.000   -112.97004117
  29.0   3.100   -112.95068918
  29.0   3.200   -112.93309847

  30.0   1.600   -112.76221006
  30.0   1.700   -112.92302424
  30.0   1.800   -113.02729285
  30.0   1.900   -113.09094756
  30.0   2.000   -113.12557202
  30.0   2.100   -113.13693989
  30.0   2.200   -113.13412380
  30.0   2.300   -113.12215638
  30.0   2.400   -113.10434026
  30.0   2.500   -113.08306103
  30.0   2.600   -113.06003529
  30.0   2.700   -113.03648964
  30.0   2.800   -113.01328364
  30.0   2.900   -112.99382087
  30.0   3.000   -112.97006587
  30.0   3.100   -112.95071520
  30.0   3.200   -112.93312538

  31.0   1.600   -112.76219583
  31.0   1.700   -112.92301267
  31.0   1.800   -113.02728410
  31.0   1.900   -113.09094173
  31.0   2.000   -113.12556919
  31.0   2.100   -113.13694009
  31.0   2.200   -113.13412701
  31.0   2.300   -113.12216256
  31.0   2.400   -113.10434931
  31.0   2.500   -113.08307283
  31.0   2.600   -113.06004968
  31.0   2.700   -113.03650640
  31.0   2.800   -113.01330254
  31.0   2.900   -112.99384163
  31.0   3.000   -112.97008819
  31.0   3.100   -112.95073873
  31.0   3.200   -112.93314974

  32.0   1.600   -112.76218275
  32.0   1.700   -112.92300201
  32.0   1.800   -113.02727599
  32.0   1.900   -113.09093629
  32.0   2.000   -113.12556648
  32.0   2.100   -113.13694013
  32.0   2.200   -113.13412981
  32.0   2.300   -113.12216806
  32.0   2.400   -113.10435743
  32.0   2.500   -113.08308346
  32.0   2.600   -113.06006266
  32.0   2.700   -113.03652156
  32.0   2.800   -113.01331965
  32.0   2.900   -112.99386045
  32.0   3.000   -112.97010843
  32.0   3.100   -112.95076008
  32.0   3.200   -112.93317186

  33.0   1.600   -112.76217070
  33.0   1.700   -112.92299216
  33.0   1.800   -113.02726849
  33.0   1.900   -113.09093121
  33.0   2.000   -113.12556389
  33.0   2.100   -113.13694006
  33.0   2.200   -113.13413225
  33.0   2.300   -113.12217297
  33.0   2.400   -113.10436474
  33.0   2.500   -113.08309306
  33.0   2.600   -113.06007441
  33.0   2.700   -113.03653530
  33.0   2.800   -113.01333519
  33.0   2.900   -112.99387755
  33.0   3.000   -112.97012684
  33.0   3.100   -112.95077952
  33.0   3.200   -112.93319201

  34.0   1.600   -112.76215957
  34.0   1.700   -112.92298306
  34.0   1.800   -113.02726152
  34.0   1.900   -113.09092647
  34.0   2.000   -113.12556143
  34.0   2.100   -113.13693991
  34.0   2.200   -113.13413439
  34.0   2.300   -113.12217737
  34.0   2.400   -113.10437134
  34.0   2.500   -113.08310176
  34.0   2.600   -113.06008509
  34.0   2.700   -113.03654780
  34.0   2.800   -113.01334934
  34.0   2.900   -112.99389314
  34.0   3.000   -112.97014364
  34.0   3.100   -112.95079726
  34.0   3.200   -112.93321042

  35.0   1.600   -112.76214929
  35.0   1.700   -112.92297462
  35.0   1.800   -113.02725504
  35.0   1.900   -113.09092204
  35.0   2.000   -113.12555909
  35.0   2.100   -113.13693968
  35.0   2.200   -113.13413627
  35.0   2.300   -113.12218134
  35.0   2.400   -113.10437732
  35.0   2.500   -113.08310966
  35.0   2.600   -113.06009482
  35.0   2.700   -113.03655921
  35.0   2.800   -113.01336226
  35.0   2.900   -112.99390739
  35.0   3.000   -112.97015901
  35.0   3.100   -112.95081351
  35.0   3.200   -112.93322728

  36.0   1.600   -112.76213975
  36.0   1.700   -112.92296680
  36.0   1.800   -113.02724902
  36.0   1.900   -113.09091789
  36.0   2.000   -113.12555687
  36.0   2.100   -113.13693940
  36.0   2.200   -113.13413794
  36.0   2.300   -113.12218491
  36.0   2.400   -113.10438275
  36.0   2.500   -113.08311688
  36.0   2.600   -113.06010371
  36.0   2.700   -113.03656965
  36.0   2.800   -113.01337410
  36.0   2.900   -112.99392045
  36.0   3.000   -112.97017310
  36.0   3.100   -112.95082841
  36.0   3.200   -112.93324277

  37.0   1.600   -112.76213091
  37.0   1.700   -112.92295952
  37.0   1.800   -113.02724340
  37.0   1.900   -113.09091401
  37.0   2.000   -113.12555476
  37.0   2.100   -113.13693909
  37.0   2.200   -113.13413941
  37.0   2.300   -113.12218815
  37.0   2.400   -113.10438770
  37.0   2.500   -113.08312347
  37.0   2.600   -113.06011185
  37.0   2.700   -113.03657922
  37.0   2.800   -113.01338496
  37.0   2.900   -112.99393245
  37.0   3.000   -112.97018605
  37.0   3.100   -112.95084212
  37.0   3.200   -112.93325701

  38.0   1.600   -112.76212269
  38.0   1.700   -112.92295274
  38.0   1.800   -113.02723817
  38.0   1.900   -113.09091037
  38.0   2.000   -113.12555276
  38.0   2.100   -113.13693875
  38.0   2.200   -113.13414073
  38.0   2.300   -113.12219109
  38.0   2.400   -113.10439223
  38.0   2.500   -113.08312951
  38.0   2.600   -113.06011932
  38.0   2.700   -113.03658802
  38.0   2.800   -113.01339496
  38.0   2.900   -112.99394350
  38.0   3.000   -112.97019799
  38.0   3.100   -112.95085476
  38.0   3.200   -112.93327016

  39.0   1.600   -112.76211503
  39.0   1.700   -112.92294643
  39.0   1.800   -113.02723327
  39.0   1.900   -113.09090695
  39.0   2.000   -113.12555086
  39.0   2.100   -113.13693838
  39.0   2.200   -113.13414190
  39.0   2.300   -113.12219377
  39.0   2.400   -113.10439638
  39.0   2.500   -113.08313507
  39.0   2.600   -113.06012620
  39.0   2.700   -113.03659613
  39.0   2.800   -113.01340418
  39.0   2.900   -112.99395370
  39.0   3.000   -112.97020901
  39.0   3.100   -112.95086644
  39.0   3.200   -112.93328231

  40.0   1.600   -112.76210789
  40.0   1.700   -112.92294053
  40.0   1.800   -113.02722869
  40.0   1.900   -113.09090374
  40.0   2.000   -113.12554906
  40.0   2.100   -113.13693801
  40.0   2.200   -113.13414294
  40.0   2.300   -113.12219622
  40.0   2.400   -113.10440019
  40.0   2.500   -113.08314018
  40.0   2.600   -113.06013255
  40.0   2.700   -113.03660362
  40.0   2.800   -113.01341270
  40.0   2.900   -112.99396313
  40.0   3.000   -112.97021921
  40.0   3.100   -112.95087725
  40.0   3.200   -112.93329356

  41.0   1.600   -112.76210122
  41.0   1.700   -112.92293502
  41.0   1.800   -113.02722440
  41.0   1.900   -113.09090073
  41.0   2.000   -113.12554735
  41.0   2.100   -113.13693762
  41.0   2.200   -113.13414388
  41.0   2.300   -113.12219846
  41.0   2.400   -113.10440369
  41.0   2.500   -113.08314491
  41.0   2.600   -113.06013842
  41.0   2.700   -113.03661055
  41.0   2.800   -113.01342059
  41.0   2.900   -112.99397187
  41.0   3.000   -112.97022867
  41.0   3.100   -112.95088728
  41.0   3.200   -112.93330400

  42.0   1.600   -112.76209498
  42.0   1.700   -112.92292985
  42.0   1.800   -113.02722037
  42.0   1.900   -113.09089789
  42.0   2.000   -113.12554573
  42.0   2.100   -113.13693723
  42.0   2.200   -113.13414472
  42.0   2.300   -113.12220051
  42.0   2.400   -113.10440693
  42.0   2.500   -113.08314927
  42.0   2.600   -113.06014385
  42.0   2.700   -113.03661697
  42.0   2.800   -113.01342792
  42.0   2.900   -112.99397999
  42.0   3.000   -112.97023745
  42.0   3.100   -112.95089661
  42.0   3.200   -112.93331371

  43.0   1.600   -112.76208914
  43.0   1.700   -112.92292501
  43.0   1.800   -113.02721659
  43.0   1.900   -113.09089522
  43.0   2.000   -113.12554419
  43.0   2.100   -113.13693684
  43.0   2.200   -113.13414548
  43.0   2.300   -113.12220240
  43.0   2.400   -113.10440992
  43.0   2.500   -113.08315332
  43.0   2.600   -113.06014890
  43.0   2.700   -113.03662294
  43.0   2.800   -113.01343473
  43.0   2.900   -112.99398753
  43.0   3.000   -112.97024563
  43.0   3.100   -112.95090528
  43.0   3.200   -112.93332275

  44.0   1.600   -112.76208365
  44.0   1.700   -112.92292046
  44.0   1.800   -113.02721304
  44.0   1.900   -113.09089269
  44.0   2.000   -113.12554273
  44.0   2.100   -113.13693646
  44.0   2.200   -113.13414616
  44.0   2.300   -113.12220414
  44.0   2.400   -113.10441269
  44.0   2.500   -113.08315708
  44.0   2.600   -113.06015359
  44.0   2.700   -113.03662850
  44.0   2.800   -113.01344107
  44.0   2.900   -112.99399457
  44.0   3.000   -112.97025325
  44.0   3.100   -112.95091337
  44.0   3.200   -112.93333119

  45.0   1.600   -112.76207851
  45.0   1.700   -112.92291619
  45.0   1.800   -113.02720970
  45.0   1.900   -113.09089032
  45.0   2.000   -113.12554135
  45.0   2.100   -113.13693607
  45.0   2.200   -113.13414678
  45.0   2.300   -113.12220575
  45.0   2.400   -113.10441526
  45.0   2.500   -113.08316057
  45.0   2.600   -113.06015796
  45.0   2.700   -113.03663367
  45.0   2.800   -113.01344698
  45.0   2.900   -112.99400113
  45.0   3.000   -112.97026036
  45.0   3.100   -112.95092093
  45.0   3.200   -112.93333906

  46.0   1.600   -112.76207367
  46.0   1.700   -112.92291217
  46.0   1.800   -113.02720654
  46.0   1.900   -113.09088807
  46.0   2.000   -113.12554003
  46.0   2.100   -113.13693569
  46.0   2.200   -113.13414734
  46.0   2.300   -113.12220724
  46.0   2.400   -113.10441765
  46.0   2.500   -113.08316383
  46.0   2.600   -113.06016203
  46.0   2.700   -113.03663851
  46.0   2.800   -113.01345251
  46.0   2.900   -112.99400726
  46.0   3.000   -112.97026702
  46.0   3.100   -112.95092800
  46.0   3.200   -112.93334644

  47.0   1.600   -112.76206911
  47.0   1.700   -112.92290838
  47.0   1.800   -113.02720357
  47.0   1.900   -113.09088594
  47.0   2.000   -113.12553877
  47.0   2.100   -113.13693532
  47.0   2.200   -113.13414785
  47.0   2.300   -113.12220862
  47.0   2.400   -113.10441988
  47.0   2.500   -113.08316687
  47.0   2.600   -113.06016584
  47.0   2.700   -113.03664303
  47.0   2.800   -113.01345767
  47.0   2.900   -112.99401300
  47.0   3.000   -112.97027324
  47.0   3.100   -112.95093462
  47.0   3.200   -112.93335335

  48.0   1.600   -112.76206482
  48.0   1.700   -112.92290481
  48.0   1.800   -113.02720076
  48.0   1.900   -113.09088393
  48.0   2.000   -113.12553758
  48.0   2.100   -113.13693496
  48.0   2.200   -113.13414832
  48.0   2.300   -113.12220990
  48.0   2.400   -113.10442195
  48.0   2.500   -113.08316971
  48.0   2.600   -113.06016940
  48.0   2.700   -113.03664726
  48.0   2.800   -113.01346252
  48.0   2.900   -112.99401839
  48.0   3.000   -112.97027909
  48.0   3.100   -112.95094083
  48.0   3.200   -112.93335983

  49.0   1.600   -112.76206077
  49.0   1.700   -112.92290144
  49.0   1.800   -113.02719811
  49.0   1.900   -113.09088203
  49.0   2.000   -113.12553645
  49.0   2.100   -113.13693460
  49.0   2.200   -113.13414874
  49.0   2.300   -113.12221109
  49.0   2.400   -113.10442389
  49.0   2.500   -113.08317237
  49.0   2.600   -113.06017274
  49.0   2.700   -113.03665123
  49.0   2.800   -113.01346706
  49.0   2.900   -112.99402344
  49.0   3.000   -112.97028457
  49.0   3.100   -112.95094666
  49.0   3.200   -112.93336592

  50.0   1.600   -112.76205694
  50.0   1.700   -112.92289825
  50.0   1.800   -113.02719560
  50.0   1.900   -113.09088022
  50.0   2.000   -113.12553536
  50.0   2.100   -113.13693426
  50.0   2.200   -113.13414913
  50.0   2.300   -113.12221220
  50.0   2.400   -113.10442571
  50.0   2.500   -113.08317486
  50.0   2.600   -113.06017587
  50.0   2.700   -113.03665496
  50.0   2.800   -113.01347133
  50.0   2.900   -112.99402819
  50.0   3.000   -112.97028973
  50.0   3.100   -112.95095215
  50.0   3.200   -112.93337165

