   1.0   1.600   -110.28077170
   1.0   1.700   -110.49639160
   1.0   1.800   -110.78902340
   1.0   1.900   -111.04350310
   1.0   2.000   -111.26356070
   1.0   2.100   -111.45647920
   1.0   2.200   -111.62583500
   1.0   2.300   -111.77921440
   1.0   2.400   -111.91802710
   1.0   2.500   -112.04888320
   1.0   2.600   -112.13931790
   1.0   2.700   -112.28047200
   1.0   2.800   -112.37462130
   1.0   2.900   -112.45854090
   1.0   3.000   -112.51808160
   1.0   3.100   -112.59630740
   1.0   3.200   -112.65277840

   1.2   1.600   -111.02004657
   1.2   1.700   -111.13674358
   1.2   1.800   -111.33038701
   1.2   1.900   -111.49221022
   1.2   2.000   -111.63104537
   1.2   2.100   -111.75344162
   1.2   2.200   -111.85829275
   1.2   2.300   -111.95833183
   1.2   2.400   -112.05200423
   1.2   2.500   -112.14306913
   1.2   2.600   -112.23903784
   1.2   2.700   -112.30852845
   1.2   2.800   -112.38835291
   1.2   2.900   -112.45030223
   1.2   3.000   -112.49134281
   1.2   3.100   -112.55813267
   1.2   3.200   -112.60428572

   1.4   1.600   -111.56292550
   1.4   1.700   -111.63974070
   1.4   1.800   -111.78892860
   1.4   1.900   -111.90391700
   1.4   2.000   -111.99640040
   1.4   2.100   -112.07423950
   1.4   2.200   -112.13542130
   1.4   2.300   -112.19496990
   1.4   2.400   -112.25095780
   1.4   2.500   -112.30650770
   1.4   2.600   -112.38087680
   1.4   2.700   -112.41324730
   1.4   2.800   -112.47021210
   1.4   2.900   -112.51367370
   1.4   3.000   -112.53952750
   1.4   3.100   -112.59306900
   1.4   3.200   -112.62990140

   1.6   1.600   -111.94089178
   1.6   1.700   -112.01506582
   1.6   1.800   -112.15412281
   1.6   1.900   -112.25298848
   1.6   2.000   -112.32438243
   1.6   2.100   -112.37793293
   1.6   2.200   -112.41298190
   1.6   2.300   -112.44471289
   1.6   2.400   -112.47233897
   1.6   2.500   -112.49936372
   1.6   2.600   -112.54146971
   1.6   2.700   -112.55709202
   1.6   2.800   -112.58992947
   1.6   2.900   -112.61754354
   1.6   3.000   -112.63082621
   1.6   3.100   -112.67043306
   1.6   3.200   -112.69770021

   1.8   1.600   -112.18542870
   1.8   1.700   -112.27240180
   1.8   1.800   -112.41544430
   1.8   1.900   -112.51378970
   1.8   2.000   -112.57974810
   1.8   2.100   -112.62358200
   1.8   2.200   -112.64673580
   1.8   2.300   -112.66314510
   1.8   2.400   -112.67359890
   1.8   2.500   -112.68180200
   1.8   2.600   -112.69745150
   1.8   2.700   -112.70252610
   1.8   2.800   -112.71723560
   1.8   2.900   -112.73080000
   1.8   3.000   -112.73342950
   1.8   3.100   -112.75954150
   1.8   3.200   -112.77575690

   2.0   1.600   -112.33017870
   2.0   1.700   -112.42859710
   2.0   1.800   -112.57423230
   2.0   1.900   -112.67503680
   2.0   2.000   -112.74229440
   2.0   2.100   -112.78505050
   2.0   2.200   -112.80645490
   2.0   2.300   -112.81824370
   2.0   2.400   -112.82258110
   2.0   2.500   -112.82206240
   2.0   2.600   -112.82804130
   2.0   2.700   -112.82159630
   2.0   2.800   -112.82584970
   2.0   2.900   -112.82852140
   2.0   3.000   -112.82128640
   2.0   3.100   -112.83596860
   2.0   3.200   -112.84265040

   2.1   1.600   -112.37767950
   2.1   1.700   -112.48163080
   2.1   1.800   -112.62849730
   2.1   1.900   -112.73060560
   2.1   2.000   -112.79914300
   2.1   2.100   -112.84259290
   2.1   2.200   -112.86482590
   2.1   2.300   -112.87608190
   2.1   2.400   -112.87932600
   2.1   2.500   -112.87687280
   2.1   2.600   -112.88065400
   2.1   2.700   -112.87312500
   2.1   2.800   -112.87082300
   2.1   2.900   -112.87011960
   2.1   3.000   -112.86047880
   2.1   3.100   -112.87015930
   2.1   3.200   -112.87539450

   2.2   1.600   -112.41324640
   2.2   1.700   -112.52223130
   2.2   1.800   -112.67023310
   2.2   1.900   -112.77344520
   2.2   2.000   -112.84318640
   2.2   2.100   -112.88762020
   2.2   2.200   -112.91117080
   2.2   2.300   -112.92259510
   2.2   2.400   -112.92551900
   2.2   2.500   -112.92588211
   2.2   2.600   -112.92488620
   2.2   2.700   -112.91856480
   2.2   2.800   -112.91285215
   2.2   2.900   -112.90601070
   2.2   3.000   -112.90245030
   2.2   3.100   -112.90430190
   2.2   3.200   -112.90324760

   2.3   1.600   -112.43951330
   2.3   1.700   -112.55308900
   2.3   1.800   -112.70191700
   2.3   1.900   -112.80596930
   2.3   2.000   -112.87672780
   2.3   2.100   -112.92218780
   2.3   2.200   -112.94742520
   2.3   2.300   -112.95934560
   2.3   2.400   -112.96243090
   2.3   2.500   -112.96783624
   2.3   2.600   -112.96121450
   2.3   2.700   -112.95582280
   2.3   2.800   -112.94900930
   2.3   2.900   -112.94200850
   2.3   3.000   -112.93583920
   2.3   3.100   -112.93134660
   2.3   3.200   -112.92815550

   2.4   1.600   -112.45865810
   2.4   1.700   -112.57640560
   2.4   1.800   -112.72565290
   2.4   1.900   -112.83025920
   2.4   2.000   -112.90179840
   2.4   2.100   -112.94816140
   2.4   2.200   -112.97515780
   2.4   2.300   -112.98784700
   2.4   2.400   -112.99135240
   2.4   2.500   -113.00001550
   2.4   2.600   -112.99024230
   2.4   2.700   -112.98409160
   2.4   2.800   -112.97645390
   2.4   2.900   -112.96833230
   2.4   3.000   -112.96072780
   2.4   3.100   -112.95459830
   2.4   3.200   -112.94968640

   2.5   1.600   -112.47238840
   2.5   1.700   -112.59388290
   2.5   1.800   -112.74317560
   2.5   1.900   -112.84805130
   2.5   2.000   -112.92008620
   2.5   2.100   -112.96717400
   2.5   2.200   -112.99644346
   2.5   2.300   -113.00998212
   2.5   2.400   -113.01349530
   2.5   2.500   -113.02155330
   2.5   2.600   -113.01290990
   2.5   2.700   -113.00661730
   2.5   2.800   -112.99861140
   2.5   2.900   -112.98984480
   2.5   3.000   -112.98125870
   2.5   3.100   -112.97394420
   2.5   3.200   -112.96773200

   2.6   1.600   -112.48203940
   2.6   1.700   -112.60688670
   2.6   1.800   -112.75596260
   2.6   1.900   -112.86085150
   2.6   2.000   -112.93311400
   2.6   2.100   -112.98067040
   2.6   2.200   -113.01230615
   2.6   2.300   -113.02671920
   2.6   2.400   -113.03001420
   2.6   2.500   -113.03744110
   2.6   2.600   -113.03004760
   2.6   2.700   -113.02391220
   2.6   2.800   -113.01590140
   2.6   2.900   -113.00683640
   2.6   3.000   -112.99765260
   2.6   3.100   -112.98952910
   2.6   3.200   -112.98237800

   2.7   1.600   -112.48866150
   2.7   1.700   -112.61649050
   2.7   1.800   -112.76508810
   2.7   1.900   -112.86989710
   2.7   2.000   -112.94223050
   2.7   2.100   -112.98994920
   2.7   2.200   -113.02343582
   2.7   2.300   -113.03874714
   2.7   2.400   -113.04206430
   2.7   2.500   -113.04866800
   2.7   2.600   -113.04244380
   2.7   2.700   -113.03665480
   2.7   2.800   -113.02886480
   2.7   2.900   -113.01977870
   2.7   3.000   -113.01027590
   2.7   3.100   -113.00161170
   2.7   3.200   -112.99382730

   2.8   1.600   -112.49308140
   2.8   1.700   -112.62366720
   2.8   1.800   -112.77137990
   2.8   1.900   -112.87588580
   2.8   2.000   -112.94835990
   2.8   2.100   -112.99631170
   2.8   2.200   -113.03052240
   2.8   2.300   -113.04675480
   2.8   2.400   -113.05124380
   2.8   2.500   -113.05599750
   2.8   2.600   -113.05087840
   2.8   2.700   -113.04553040
   2.8   2.800   -113.03809040
   2.8   2.900   -113.02917960
   2.8   3.000   -113.01956090
   2.8   3.100   -113.01057350
   2.8   3.200   -113.00235900

   2.9   1.600   -112.49595850
   2.9   1.700   -112.62924870
   2.9   1.800   -112.77567920
   2.9   1.900   -112.87950050
   2.9   2.000   -112.95177320
   2.9   2.100   -112.99978570
   2.9   2.200   -113.03420000
   2.9   2.300   -113.05119030
   2.9   2.400   -113.05545510
   2.9   2.500   -113.06010880
   2.9   2.600   -113.05604510
   2.9   2.700   -113.05117100
   2.9   2.800   -113.04414840
   2.9   2.900   -113.03554420
   2.9   3.000   -113.02596600
   2.9   3.100   -113.01679980
   2.9   3.200   -113.00830220

   3.0   1.600   -112.49781070
   3.0   1.700   -112.63386860
   3.0   1.800   -112.77872760
   3.0   1.900   -112.88152400
   3.0   2.000   -112.95326670
   3.0   2.100   -113.00105500
   3.0   2.200   -113.03505660
   3.0   2.300   -113.05209610
   3.0   2.400   -113.05692820
   3.0   2.500   -113.06167760
   3.0   2.600   -113.05853910
   3.0   2.700   -113.05415070
   3.0   2.800   -113.04757160
   3.0   2.900   -113.03934850
   3.0   3.000   -113.02992650
   3.0   3.100   -113.02067920
   3.0   3.200   -113.01200180

   3.1   1.600   -112.49903790
   3.1   1.700   -112.63798540
   3.1   1.800   -112.78110190
   3.1   1.900   -112.88258900
   3.1   2.000   -112.95353080
   3.1   2.100   -113.00087410
   3.1   2.200   -113.03419140
   3.1   2.300   -113.05108450
   3.1   2.400   -113.05633010
   3.1   2.500   -113.06112110
   3.1   2.600   -113.05887130
   3.1   2.700   -113.05497080
   3.1   2.800   -113.04883590
   3.1   2.900   -113.04104590
   3.1   3.000   -113.03184190
   3.1   3.100   -113.02259400
   3.1   3.200   -113.01379720

   3.2   1.600   -112.49993720
   3.2   1.700   -112.64184590
   3.2   1.800   -112.78321230
   3.2   1.900   -112.88320270
   3.2   2.000   -112.95309740
   3.2   2.100   -112.99980000
   3.2   2.200   -113.03227930
   3.2   2.300   -113.04872580
   3.2   2.400   -113.05409920
   3.2   2.500   -113.05891170
   3.2   2.600   -113.05743930
   3.2   2.700   -113.05405850
   3.2   2.800   -113.04836080
   3.2   2.900   -113.04099050
   3.2   3.000   -113.03209910
   3.2   3.100   -113.02288080
   3.2   3.200   -113.01402590

   3.3   1.600   -112.50072000
   3.3   1.700   -112.64559310
   3.3   1.800   -112.78531030
   3.3   1.900   -112.88372440
   3.3   2.000   -112.95239830
   3.3   2.100   -112.99828350
   3.3   2.200   -113.02974330
   3.3   2.300   -113.04547810
   3.3   2.400   -113.05062390
   3.3   2.500   -113.05693020
   3.3   2.600   -113.05450800
   3.3   2.700   -113.05173880
   3.3   2.800   -113.04650580
   3.3   2.900   -113.03954120
   3.3   3.000   -113.03098390
   3.3   3.100   -113.02184850
   3.3   3.200   -113.01295780

   3.4   1.600   -112.50152460
   3.4   1.700   -112.64927720
   3.4   1.800   -112.78752850
   3.4   1.900   -112.88439360
   3.4   2.000   -112.95174330
   3.4   2.100   -112.99669560
   3.4   2.200   -113.02706070
   3.4   2.300   -113.04187490
   3.4   2.400   -113.04634180
   3.4   2.500   -113.05205160
   3.4   2.600   -113.05019820
   3.4   2.700   -113.04819220
   3.4   2.800   -113.04355000
   3.4   2.900   -113.03699430
   3.4   3.000   -113.02878350
   3.4   3.100   -113.01977040
   3.4   3.200   -113.01086150

   3.5   1.600   -112.50242970
   3.5   1.700   -112.65291050
   3.5   1.800   -112.78988600
   3.5   1.900   -112.88536170
   3.5   2.000   -112.95132570
   3.5   2.100   -112.99527700
   3.5   2.200   -113.02460100
   3.5   2.300   -113.03843000
   3.5   2.400   -113.04186540
   3.5   2.500   -113.04639550
   3.5   2.600   -113.04452570
   3.5   2.700   -113.04340590
   3.5   2.800   -113.03963550
   3.5   2.900   -113.03357980
   3.5   3.000   -113.02571830
   3.5   3.100   -113.01686950
   3.5   3.200   -113.00795980

   3.6   1.600   -112.50347080
   3.6   1.700   -112.65647990
   3.6   1.800   -112.79242280
   3.6   1.900   -112.88662760
   3.6   2.000   -112.95126340
   3.6   2.100   -112.99417670
   3.6   2.200   -113.02258130
   3.6   2.300   -113.03558150
   3.6   2.400   -113.03788480
   3.6   2.500   -113.04069230
   3.6   2.600   -113.03789650
   3.6   2.700   -113.03713300
   3.6   2.800   -113.03466670
   3.6   2.900   -113.02940190
   3.6   3.000   -113.02195400
   3.6   3.100   -113.01330460
   3.6   3.200   -113.00442550

   3.7   1.600   -112.50464890
   3.7   1.700   -112.65996200
   3.7   1.800   -112.79508510
   3.7   1.900   -112.88821270
   3.7   2.000   -112.95161430
   3.7   2.100   -112.99346630
   3.7   2.200   -113.02104730
   3.7   2.300   -113.03348570
   3.7   2.400   -113.03487610
   3.7   2.500   -113.03589990
   3.7   2.600   -113.03138810
   3.7   2.700   -113.02959340
   3.7   2.800   -113.02814180
   3.7   2.900   -113.02430710
   3.7   3.000   -113.01751850
   3.7   3.100   -113.00916360
   3.7   3.200   -113.00038490

   3.8   1.600   -112.50594220
   3.8   1.700   -112.66333180
   3.8   1.800   -112.79782610
   3.8   1.900   -112.89007940
   3.8   2.000   -112.95238810
   3.8   2.100   -112.99318410
   3.8   2.200   -113.01994760
   3.8   2.300   -113.03207860
   3.8   2.400   -113.03292440
   3.8   2.500   -113.03247310
   3.8   2.600   -113.02619200
   3.8   2.700   -113.02219340
   3.8   2.800   -113.01992580
   3.8   2.900   -113.01764470
   3.8   3.000   -113.01216420
   3.8   3.100   -113.00438900
   3.8   3.200   -112.99588060

   3.9   1.600   -112.50731540
   3.9   1.700   -112.66655970
   3.9   1.800   -112.80059180
   3.9   1.900   -112.89216650
   3.9   2.000   -112.95355740
   3.9   2.100   -112.99335300
   3.9   2.200   -113.01924070
   3.9   2.300   -113.03118730
   3.9   2.400   -113.03184950
   3.9   2.500   -113.03037220
   3.9   2.600   -113.02274880
   3.9   2.700   -113.01659410
   3.9   2.800   -113.01183400
   3.9   2.900   -113.00907660
   3.9   3.000   -113.00525880
   3.9   3.100   -112.99869400
   3.9   3.200   -112.99082170

   4.0   1.600   -112.50872840
   4.0   1.700   -112.66961950
   4.0   1.800   -112.80332620
   4.0   1.900   -112.89439990
   4.0   2.000   -112.95505920
   4.0   2.100   -112.99397080
   4.0   2.200   -113.01893020
   4.0   2.300   -113.03065810
   4.0   2.400   -113.03138610
   4.0   2.500   -113.02929610
   4.0   2.600   -113.02081680
   4.0   2.700   -113.01311120
   4.0   2.800   -113.00606240
   4.0   2.900   -113.00079210
   4.0   3.000   -112.99679270
   4.0   3.100   -112.99168280
   4.0   3.200   -112.98498800

   4.1   1.600   -112.51014250
   4.1   1.700   -112.67248780
   4.1   1.800   -112.80597750
   4.1   1.900   -112.89669640
   4.1   2.000   -112.95680520
   4.1   2.100   -112.99499210
   4.1   2.200   -113.01903780
   4.1   2.300   -113.03042830
   4.1   2.400   -113.03130320
   4.1   2.500   -113.02888120
   4.1   2.600   -113.01996330
   4.1   2.700   -113.01127770
   4.1   2.800   -113.00273440
   4.1   2.900   -112.99531830
   4.1   3.000   -112.98929890
   4.1   3.100   -112.98405530
   4.1   3.200   -112.97836070

   4.2   1.600   -112.51152440
   4.2   1.700   -112.67514620
   4.2   1.800   -112.80850200
   4.2   1.900   -112.89898150
   4.2   2.000   -112.95869720
   4.2   2.100   -112.99633050
   4.2   2.200   -113.01955350
   4.2   2.300   -113.03050410
   4.2   2.400   -113.03147830
   4.2   2.500   -113.02888140
   4.2   2.600   -113.01979330
   4.2   2.700   -113.01051410
   4.2   2.800   -113.00107600
   4.2   2.900   -112.99238200
   4.2   3.000   -112.98467060
   4.2   3.100   -112.97794060
   4.2   3.200   -112.97181570

   4.4   1.600   -112.51409440
   4.4   1.700   -112.67980060
   4.4   1.800   -112.81305390
   4.4   1.900   -112.90329630
   4.4   2.000   -112.96257040
   4.4   2.100   -112.99953710
   4.4   2.200   -113.02155940
   4.4   2.300   -113.03160830
   4.4   2.400   -113.03249820
   4.4   2.500   -113.02959920
   4.4   2.600   -113.02051350
   4.4   2.700   -113.01061390
   4.4   2.800   -113.00028040
   4.4   2.900   -112.98837636
   4.4   3.000   -112.97565930
   4.4   3.100   -112.97209480
   4.4   3.200   -112.96355160

   4.6   1.600   -112.51631160
   4.6   1.700   -112.68115430
   4.6   1.800   -112.81685420
   4.6   1.900   -112.90704640
   4.6   2.000   -112.96615730
   4.6   2.100   -113.00284430
   4.6   2.200   -113.02415740
   4.6   2.300   -113.03365390
   4.6   2.400   -113.03433280
   4.6   2.500   -113.03102230
   4.6   2.600   -113.02204480
   4.6   2.700   -113.01172850
   4.6   2.800   -113.00074810
   4.6   2.900   -112.98564323
   4.6   3.000   -112.96994520
   4.6   3.100   -112.97044600
   4.6   3.200   -112.96063460

   4.8   1.600   -112.51813660
   4.8   1.700   -112.68483820
   4.8   1.800   -112.81990450
   4.8   1.900   -112.91012960
   4.8   2.000   -112.96921600
   4.8   2.100   -113.00582410
   4.8   2.200   -113.02679750
   4.8   2.300   -113.03597830
   4.8   2.400   -113.03660140
   4.8   2.500   -113.03288500
   4.8   2.600   -113.02405100
   4.8   2.700   -113.01350710
   4.8   2.800   -113.00186110
   4.8   2.900   -112.98404858
   4.8   3.000   -112.96637589
   4.8   3.100   -112.96796980
   4.8   3.200   -112.95604410

   5.0   1.600   -112.51958560
   5.0   1.700   -112.68763430
   5.0   1.800   -112.82227830
   5.0   1.900   -112.91256830
   5.0   2.000   -112.97168630
   5.0   2.100   -113.00830060
   5.0   2.200   -113.02911050
   5.0   2.300   -113.03819680
   5.0   2.400   -113.03885250
   5.0   2.500   -113.03483660
   5.0   2.600   -113.02615690
   5.0   2.700   -113.01556310
   5.0   2.800   -113.00363840
   5.0   2.900   -112.98345840
   5.0   3.000   -112.96430669
   5.0   3.100   -112.95760140
   5.0   3.200   -112.94434410

   5.2   1.600   -112.52069860
   5.2   1.700   -112.69057620
   5.2   1.800   -112.82407850
   5.2   1.900   -112.91443880
   5.2   2.000   -112.97360820
   5.2   2.100   -113.01026220
   5.2   2.200   -113.03099280
   5.2   2.300   -113.04006610
   5.2   2.400   -113.04082010
   5.2   2.500   -113.03661870
   5.2   2.600   -113.02807230
   5.2   2.700   -113.01748960
   5.2   2.800   -113.00552570
   5.2   2.900   -112.98377540
   5.2   3.000   -112.96381080
   5.2   3.100   -112.95134909
   5.2   3.200   -112.93385600

   5.4   1.600   -112.52153140
   5.4   1.700   -112.69184260
   5.4   1.800   -112.82541220
   5.4   1.900   -112.91583590
   5.4   2.000   -112.97505910
   5.4   2.100   -113.01176180
   5.4   2.200   -113.03247220
   5.4   2.300   -113.04155960
   5.4   2.400   -113.04241430
   5.4   2.500   -113.03809700
   5.4   2.600   -113.02968310
   5.4   2.700   -113.01912100
   5.4   2.800   -113.00718090
   5.4   2.900   -112.98489490
   5.4   3.000   -112.96466420
   5.4   3.100   -112.95012189
   5.4   3.200   -112.92814870

   5.6   1.600   -112.52213850
   5.6   1.700   -112.69275290
   5.6   1.800   -112.82637720
   5.6   1.900   -112.91685480
   5.6   2.000   -112.97612520
   5.6   2.100   -113.01287350
   5.6   2.200   -113.03357320
   5.6   2.300   -113.04270300
   5.6   2.400   -113.04364090
   5.6   2.500   -113.03927800
   5.6   2.600   -113.03096160
   5.6   2.700   -113.02042840
   5.6   2.800   -113.00852260
   5.6   2.900   -112.98622900
   5.6   3.000   -112.96575720
   5.6   3.100   -112.95044120
   5.6   3.200   -112.92627045

   5.8   1.600   -112.52256920
   5.8   1.700   -112.69339230
   5.8   1.800   -112.82705850
   5.8   1.900   -112.91757810
   5.8   2.000   -112.97688690
   5.8   2.100   -113.01367320
   5.8   2.200   -113.03437440
   5.8   2.300   -113.04353580
   5.8   2.400   -113.04454910
   5.8   2.500   -113.04016960
   5.8   2.600   -113.03193010
   5.8   2.700   -113.02142930
   5.8   2.800   -113.00956220
   5.8   2.900   -112.98745130
   5.8   3.000   -112.96683630
   5.8   3.100   -112.94981340
   5.8   3.200   -112.92664967

   6.0   1.600   -112.52286550
   6.0   1.700   -112.69382770
   6.0   1.800   -112.82752530
   6.0   1.900   -112.91807660
   6.0   2.000   -112.97741540
   6.0   2.100   -113.01423170
   6.0   2.200   -113.03493940
   6.0   2.300   -113.04412800
   6.0   2.400   -113.04519860
   6.0   2.500   -113.04081480
   6.0   2.600   -113.03263590
   6.0   2.700   -113.02216600
   6.0   2.800   -113.01033620
   6.0   2.900   -112.98846120
   6.0   3.000   -112.96775540
   6.0   3.100   -112.94920710
   6.0   3.200   -112.92771480

   7.0   1.600   -112.52330210
   7.0   1.700   -112.69446350
   7.0   1.800   -112.82822440
   7.0   1.900   -112.91883980
   7.0   2.000   -112.97824080
   7.0   2.100   -113.01512000
   7.0   2.200   -113.03585580
   7.0   2.300   -113.04510770
   7.0   2.400   -113.04629230
   7.0   2.500   -113.04194110
   7.0   2.600   -113.03531623
   7.0   2.700   -113.02453274
   7.0   2.800   -113.01176040
   7.0   2.900   -112.99078600
   7.0   3.000   -112.96977382
   7.0   3.100   -112.94743480
   7.0   3.200   -112.92599960

   8.0   1.600   -112.52322550
   8.0   1.700   -112.69436260
   8.0   1.800   -112.82812990
   8.0   1.900   -112.91875100
   8.0   2.000   -112.97815760
   8.0   2.100   -113.01504160
   8.0   2.200   -113.03577990
   8.0   2.300   -113.04503600
   8.0   2.400   -113.04622850
   8.0   2.500   -113.04187660
   8.0   2.600   -113.03663544
   8.0   2.700   -113.02527705
   8.0   2.800   -113.01175250
   8.0   2.900   -112.99101300
   8.0   3.000   -112.96951400
   8.0   3.100   -112.94677520
   8.0   3.200   -112.92534810

   9.0   1.600   -112.52314020
   9.0   1.700   -112.69424900
   9.0   1.800   -112.82801460
   9.0   1.900   -112.91863370
   9.0   2.000   -112.97803790
   9.0   2.100   -113.01492030
   9.0   2.200   -113.03565670
   9.0   2.300   -113.04491210
   9.0   2.400   -113.04610550
   9.0   2.500   -113.04175330
   9.0   2.600   -113.03614200
   9.0   2.700   -113.02476520
   9.0   2.800   -113.01164613
   9.0   2.900   -112.99162110
   9.0   3.000   -112.96925530
   9.0   3.100   -112.94656140
   9.0   3.200   -112.92516300

  10.0   1.600   -112.52309060
  10.0   1.700   -112.69418340
  10.0   1.800   -112.82794750
  10.0   1.900   -112.91856480
  10.0   2.000   -112.97796730
  10.0   2.100   -113.01484800
  10.0   2.200   -113.03558250
  10.0   2.300   -113.04483640
  10.0   2.400   -113.04602870
  10.0   2.500   -113.04167590
  10.0   2.600   -113.03419230
  10.0   2.700   -113.02363440
  10.0   2.800   -113.01157090
  10.0   2.900   -112.99090750
  10.0   3.000   -112.96923450
  10.0   3.100   -112.94657830
  10.0   3.200   -112.92520760

  12.0   1.600   -112.52304720
  12.0   1.700   -112.69412660
  12.0   1.800   -112.82788960
  12.0   1.900   -112.91850560
  12.0   2.000   -112.97790670
  12.0   2.100   -113.01478610
  12.0   2.200   -113.03551930
  12.0   2.300   -113.04477180
  12.0   2.400   -113.04596300
  12.0   2.500   -113.04160890
  12.0   2.600   -113.03357520
  12.0   2.700   -113.02319210
  12.0   2.800   -113.01145640
  12.0   2.900   -112.99072360
  12.0   3.000   -112.96940230
  12.0   3.100   -112.94680430
  12.0   3.200   -112.92548050

  14.0   1.600   -112.52303160
  14.0   1.700   -112.69410600
  14.0   1.800   -112.82786860
  14.0   1.900   -112.91848440
  14.0   2.000   -112.97788520
  14.0   2.100   -113.01476430
  14.0   2.200   -113.03549720
  14.0   2.300   -113.04474950
  14.0   2.400   -113.04594050
  14.0   2.500   -113.04158620
  14.0   2.600   -113.03353990
  14.0   2.700   -113.02316030
  14.0   2.800   -113.01143200
  14.0   2.900   -112.99068930
  14.0   3.000   -112.96955490
  14.0   3.100   -112.94699630
  14.0   3.200   -112.92573160

  16.0   1.600   -112.52302450
  16.0   1.700   -112.69409660
  16.0   1.800   -112.82785920
  16.0   1.900   -112.91847490
  16.0   2.000   -112.97787560
  16.0   2.100   -113.01475470
  16.0   2.200   -113.03548760
  16.0   2.300   -113.04474000
  16.0   2.400   -113.04593100
  16.0   2.500   -113.04157670
  16.0   2.600   -113.03353030
  16.0   2.700   -113.02315070
  16.0   2.800   -113.01142230
  16.0   2.900   -112.99067500
  16.0   3.000   -112.96962110
  16.0   3.100   -112.94710130
  16.0   3.200   -112.92585110

  18.0   1.600   -112.52302090
  18.0   1.700   -112.69409180
  18.0   1.800   -112.82785440
  18.0   1.900   -112.91847010
  18.0   2.000   -112.97787080
  18.0   2.100   -113.01474990
  18.0   2.200   -113.03548290
  18.0   2.300   -113.04473540
  18.0   2.400   -113.04592650
  18.0   2.500   -113.04157230
  18.0   2.600   -113.03352590
  18.0   2.700   -113.02314630
  18.0   2.800   -113.01141790
  18.0   2.900   -112.99066760
  18.0   3.000   -112.96977360
  18.0   3.100   -112.94727250
  18.0   3.200   -112.92603830

  20.0   1.600   -112.52301900
  20.0   1.700   -112.69408920
  20.0   1.800   -112.82785180
  20.0   1.900   -112.91846750
  20.0   2.000   -112.97786820
  20.0   2.100   -113.01474740
  20.0   2.200   -113.03548050
  20.0   2.300   -113.04473300
  20.0   2.400   -113.04592410
  20.0   2.500   -113.04157000
  20.0   2.600   -113.03352370
  20.0   2.700   -113.02314420
  20.0   2.800   -113.01141580
  20.0   2.900   -112.99066350
  20.0   3.000   -112.96989130
  20.0   3.100   -112.94740390
  20.0   3.200   -112.92618150

  21.0   1.600   -112.52301927
  21.0   1.700   -112.69408969
  21.0   1.800   -112.82785209
  21.0   1.900   -112.91846784
  21.0   2.000   -112.97786828
  21.0   2.100   -113.01474775
  21.0   2.200   -113.03548054
  21.0   2.300   -113.04473294
  21.0   2.400   -113.04592422
  21.0   2.500   -113.04156960
  21.0   2.600   -113.03352330
  21.0   2.700   -113.02314453
  21.0   2.800   -113.01141545
  21.0   2.900   -112.99066321
  21.0   3.000   -112.96989094
  21.0   3.100   -112.94740375
  21.0   3.200   -112.92618173

  22.0   1.600   -112.52298582
  22.0   1.700   -112.69406359
  22.0   1.800   -112.82783376
  22.0   1.900   -112.91845756
  22.0   2.000   -112.97786622
  22.0   2.100   -113.01475397
  22.0   2.200   -113.03549497
  22.0   2.300   -113.04475541
  22.0   2.400   -113.04595443
  22.0   2.500   -113.04160716
  22.0   2.600   -113.03356771
  22.0   2.700   -113.02319516
  22.0   2.800   -113.01147160
  22.0   2.900   -112.99072405
  22.0   3.000   -112.96995557
  22.0   3.100   -112.94747114
  22.0   3.200   -112.92625078

  23.0   1.600   -112.52295567
  23.0   1.700   -112.69403988
  23.0   1.800   -112.82781685
  23.0   1.900   -112.91844772
  23.0   2.000   -112.97786361
  23.0   2.100   -113.01475862
  23.0   2.200   -113.03550685
  23.0   2.300   -113.04477436
  23.0   2.400   -113.04598020
  23.0   2.500   -113.04163941
  23.0   2.600   -113.03360600
  23.0   2.700   -113.02323897
  23.0   2.800   -113.01152029
  23.0   2.900   -112.99077693
  23.0   3.000   -112.97001183
  23.0   3.100   -112.94752991
  23.0   3.200   -112.92631109

  24.0   1.600   -112.52292843
  24.0   1.700   -112.69401832
  24.0   1.800   -112.82780130
  24.0   1.900   -112.91843840
  24.0   2.000   -112.97786066
  24.0   2.100   -113.01476210
  24.0   2.200   -113.03551670
  24.0   2.300   -113.04479047
  24.0   2.400   -113.04600235
  24.0   2.500   -113.04166730
  24.0   2.600   -113.03363925
  24.0   2.700   -113.02327712
  24.0   2.800   -113.01156280
  24.0   2.900   -112.99082318
  24.0   3.000   -112.97006112
  24.0   3.100   -112.94758148
  24.0   3.200   -112.92636408

  25.0   1.600   -112.52290377
  25.0   1.700   -112.69399870
  25.0   1.800   -112.82778699
  25.0   1.900   -112.91842963
  25.0   2.000   -112.97785754
  25.0   2.100   -113.01476467
  25.0   2.200   -113.03552495
  25.0   2.300   -113.04480426
  25.0   2.400   -113.04602152
  25.0   2.500   -113.04169157
  25.0   2.600   -113.03366830
  25.0   2.700   -113.02331054
  25.0   2.800   -113.01160012
  25.0   2.900   -112.99086385
  25.0   3.000   -112.97010454
  25.0   3.100   -112.94762696
  25.0   3.200   -112.92641088

  26.0   1.600   -112.52288139
  26.0   1.700   -112.69398080
  26.0   1.800   -112.82777384
  26.0   1.900   -112.91842140
  26.0   2.000   -112.97785435
  26.0   2.100   -113.01476656
  26.0   2.200   -113.03553189
  26.0   2.300   -113.04481616
  26.0   2.400   -113.04603821
  26.0   2.500   -113.04171283
  26.0   2.600   -113.03369384
  26.0   2.700   -113.02333999
  26.0   2.800   -113.01163307
  26.0   2.900   -112.99089982
  26.0   3.000   -112.97014298
  26.0   3.100   -112.94766728
  26.0   3.200   -112.92645243

  27.0   1.600   -112.52286105
  27.0   1.700   -112.69396447
  27.0   1.800   -112.82776174
  27.0   1.900   -112.91841370
  27.0   2.000   -112.97785116
  27.0   2.100   -113.01476792
  27.0   2.200   -113.03553777
  27.0   2.300   -113.04482649
  27.0   2.400   -113.04605283
  27.0   2.500   -113.04173156
  27.0   2.600   -113.03371640
  27.0   2.700   -113.02336607
  27.0   2.800   -113.01166230
  27.0   2.900   -112.99093178
  27.0   3.000   -112.97017719
  27.0   3.100   -112.94770320
  27.0   3.200   -112.92648948

  28.0   1.600   -112.52284250
  28.0   1.700   -112.69394952
  28.0   1.800   -112.82775060
  28.0   1.900   -112.91840652
  28.0   2.000   -112.97784803
  28.0   2.100   -113.01476887
  28.0   2.200   -113.03554279
  28.0   2.300   -113.04483550
  28.0   2.400   -113.04606572
  28.0   2.500   -113.04174813
  28.0   2.600   -113.03373643
  28.0   2.700   -113.02338928
  28.0   2.800   -113.01168836
  28.0   2.900   -112.99096030
  28.0   3.000   -112.97020775
  28.0   3.100   -112.94773533
  28.0   3.200   -112.92652265

  29.0   1.600   -112.52282556
  29.0   1.700   -112.69393582
  29.0   1.800   -112.82774033
  29.0   1.900   -112.91839981
  29.0   2.000   -112.97784497
  29.0   2.100   -113.01476950
  29.0   2.200   -113.03554709
  29.0   2.300   -113.04484341
  29.0   2.400   -113.04607712
  29.0   2.500   -113.04176286
  29.0   2.600   -113.03375429
  29.0   2.700   -113.02341002
  29.0   2.800   -113.01171168
  29.0   2.900   -112.99098586
  29.0   3.000   -112.97023517
  29.0   3.100   -112.94776418
  29.0   3.200   -112.92655247

  30.0   1.600   -112.52281006
  30.0   1.700   -112.69392324
  30.0   1.800   -112.82773085
  30.0   1.900   -112.91839356
  30.0   2.000   -112.97784202
  30.0   2.100   -113.01476989
  30.0   2.200   -113.03555080
  30.0   2.300   -113.04485038
  30.0   2.400   -113.04608726
  30.0   2.500   -113.04177603
  30.0   2.600   -113.03377029
  30.0   2.700   -113.02342864
  30.0   2.800   -113.01173264
  30.0   2.900   -112.99100887
  30.0   3.000   -112.97025987
  30.0   3.100   -112.94779020
  30.0   3.200   -112.92657938

  31.0   1.600   -112.52279583
  31.0   1.700   -112.69391167
  31.0   1.800   -112.82772210
  31.0   1.900   -112.91838773
  31.0   2.000   -112.97783919
  31.0   2.100   -113.01477009
  31.0   2.200   -113.03555401
  31.0   2.300   -113.04485656
  31.0   2.400   -113.04609631
  31.0   2.500   -113.04178783
  31.0   2.600   -113.03378468
  31.0   2.700   -113.02344540
  31.0   2.800   -113.01175154
  31.0   2.900   -112.99102963
  31.0   3.000   -112.97028219
  31.0   3.100   -112.94781373
  31.0   3.200   -112.92660374

  32.0   1.600   -112.52278275
  32.0   1.700   -112.69390101
  32.0   1.800   -112.82771399
  32.0   1.900   -112.91838229
  32.0   2.000   -112.97783648
  32.0   2.100   -113.01477013
  32.0   2.200   -113.03555681
  32.0   2.300   -113.04486206
  32.0   2.400   -113.04610443
  32.0   2.500   -113.04179846
  32.0   2.600   -113.03379766
  32.0   2.700   -113.02346056
  32.0   2.800   -113.01176865
  32.0   2.900   -112.99104845
  32.0   3.000   -112.97030243
  32.0   3.100   -112.94783508
  32.0   3.200   -112.92662586

  33.0   1.600   -112.52277070
  33.0   1.700   -112.69389116
  33.0   1.800   -112.82770649
  33.0   1.900   -112.91837721
  33.0   2.000   -112.97783389
  33.0   2.100   -113.01477006
  33.0   2.200   -113.03555925
  33.0   2.300   -113.04486697
  33.0   2.400   -113.04611174
  33.0   2.500   -113.04180806
  33.0   2.600   -113.03380941
  33.0   2.700   -113.02347430
  33.0   2.800   -113.01178419
  33.0   2.900   -112.99106555
  33.0   3.000   -112.97032084
  33.0   3.100   -112.94785452
  33.0   3.200   -112.92664601

  34.0   1.600   -112.52275957
  34.0   1.700   -112.69388206
  34.0   1.800   -112.82769952
  34.0   1.900   -112.91837247
  34.0   2.000   -112.97783143
  34.0   2.100   -113.01476991
  34.0   2.200   -113.03556139
  34.0   2.300   -113.04487137
  34.0   2.400   -113.04611834
  34.0   2.500   -113.04181676
  34.0   2.600   -113.03382009
  34.0   2.700   -113.02348680
  34.0   2.800   -113.01179834
  34.0   2.900   -112.99108114
  34.0   3.000   -112.97033764
  34.0   3.100   -112.94787226
  34.0   3.200   -112.92666442

  35.0   1.600   -112.52274929
  35.0   1.700   -112.69387362
  35.0   1.800   -112.82769304
  35.0   1.900   -112.91836804
  35.0   2.000   -112.97782909
  35.0   2.100   -113.01476968
  35.0   2.200   -113.03556327
  35.0   2.300   -113.04487534
  35.0   2.400   -113.04612432
  35.0   2.500   -113.04182466
  35.0   2.600   -113.03382982
  35.0   2.700   -113.02349821
  35.0   2.800   -113.01181126
  35.0   2.900   -112.99109539
  35.0   3.000   -112.97035301
  35.0   3.100   -112.94788851
  35.0   3.200   -112.92668128

  36.0   1.600   -112.52273975
  36.0   1.700   -112.69386580
  36.0   1.800   -112.82768702
  36.0   1.900   -112.91836389
  36.0   2.000   -112.97782687
  36.0   2.100   -113.01476940
  36.0   2.200   -113.03556494
  36.0   2.300   -113.04487891
  36.0   2.400   -113.04612975
  36.0   2.500   -113.04183188
  36.0   2.600   -113.03383871
  36.0   2.700   -113.02350865
  36.0   2.800   -113.01182310
  36.0   2.900   -112.99110845
  36.0   3.000   -112.97036710
  36.0   3.100   -112.94790341
  36.0   3.200   -112.92669677

  37.0   1.600   -112.52273091
  37.0   1.700   -112.69385852
  37.0   1.800   -112.82768140
  37.0   1.900   -112.91836001
  37.0   2.000   -112.97782476
  37.0   2.100   -113.01476909
  37.0   2.200   -113.03556641
  37.0   2.300   -113.04488215
  37.0   2.400   -113.04613470
  37.0   2.500   -113.04183847
  37.0   2.600   -113.03384685
  37.0   2.700   -113.02351822
  37.0   2.800   -113.01183396
  37.0   2.900   -112.99112045
  37.0   3.000   -112.97038005
  37.0   3.100   -112.94791712
  37.0   3.200   -112.92671101

  38.0   1.600   -112.52272269
  38.0   1.700   -112.69385174
  38.0   1.800   -112.82767617
  38.0   1.900   -112.91835637
  38.0   2.000   -112.97782276
  38.0   2.100   -113.01476875
  38.0   2.200   -113.03556773
  38.0   2.300   -113.04488509
  38.0   2.400   -113.04613923
  38.0   2.500   -113.04184451
  38.0   2.600   -113.03385432
  38.0   2.700   -113.02352702
  38.0   2.800   -113.01184396
  38.0   2.900   -112.99113150
  38.0   3.000   -112.97039199
  38.0   3.100   -112.94792976
  38.0   3.200   -112.92672416

  39.0   1.600   -112.52271503
  39.0   1.700   -112.69384543
  39.0   1.800   -112.82767127
  39.0   1.900   -112.91835295
  39.0   2.000   -112.97782086
  39.0   2.100   -113.01476838
  39.0   2.200   -113.03556890
  39.0   2.300   -113.04488777
  39.0   2.400   -113.04614338
  39.0   2.500   -113.04185007
  39.0   2.600   -113.03386120
  39.0   2.700   -113.02353513
  39.0   2.800   -113.01185318
  39.0   2.900   -112.99114170
  39.0   3.000   -112.97040301
  39.0   3.100   -112.94794144
  39.0   3.200   -112.92673631

  40.0   1.600   -112.52270789
  40.0   1.700   -112.69383953
  40.0   1.800   -112.82766669
  40.0   1.900   -112.91834974
  40.0   2.000   -112.97781906
  40.0   2.100   -113.01476801
  40.0   2.200   -113.03556994
  40.0   2.300   -113.04489022
  40.0   2.400   -113.04614719
  40.0   2.500   -113.04185518
  40.0   2.600   -113.03386755
  40.0   2.700   -113.02354262
  40.0   2.800   -113.01186170
  40.0   2.900   -112.99115113
  40.0   3.000   -112.97041321
  40.0   3.100   -112.94795225
  40.0   3.200   -112.92674756

  41.0   1.600   -112.52270122
  41.0   1.700   -112.69383402
  41.0   1.800   -112.82766240
  41.0   1.900   -112.91834673
  41.0   2.000   -112.97781735
  41.0   2.100   -113.01476762
  41.0   2.200   -113.03557088
  41.0   2.300   -113.04489246
  41.0   2.400   -113.04615069
  41.0   2.500   -113.04185991
  41.0   2.600   -113.03387342
  41.0   2.700   -113.02354955
  41.0   2.800   -113.01186959
  41.0   2.900   -112.99115987
  41.0   3.000   -112.97042267
  41.0   3.100   -112.94796228
  41.0   3.200   -112.92675800

  42.0   1.600   -112.52269498
  42.0   1.700   -112.69382885
  42.0   1.800   -112.82765837
  42.0   1.900   -112.91834389
  42.0   2.000   -112.97781573
  42.0   2.100   -113.01476723
  42.0   2.200   -113.03557172
  42.0   2.300   -113.04489451
  42.0   2.400   -113.04615393
  42.0   2.500   -113.04186427
  42.0   2.600   -113.03387885
  42.0   2.700   -113.02355597
  42.0   2.800   -113.01187692
  42.0   2.900   -112.99116799
  42.0   3.000   -112.97043145
  42.0   3.100   -112.94797161
  42.0   3.200   -112.92676771

  43.0   1.600   -112.52268914
  43.0   1.700   -112.69382401
  43.0   1.800   -112.82765459
  43.0   1.900   -112.91834122
  43.0   2.000   -112.97781419
  43.0   2.100   -113.01476684
  43.0   2.200   -113.03557248
  43.0   2.300   -113.04489640
  43.0   2.400   -113.04615692
  43.0   2.500   -113.04186832
  43.0   2.600   -113.03388390
  43.0   2.700   -113.02356194
  43.0   2.800   -113.01188373
  43.0   2.900   -112.99117553
  43.0   3.000   -112.97043963
  43.0   3.100   -112.94798028
  43.0   3.200   -112.92677675

  44.0   1.600   -112.52268365
  44.0   1.700   -112.69381946
  44.0   1.800   -112.82765104
  44.0   1.900   -112.91833869
  44.0   2.000   -112.97781273
  44.0   2.100   -113.01476646
  44.0   2.200   -113.03557316
  44.0   2.300   -113.04489814
  44.0   2.400   -113.04615969
  44.0   2.500   -113.04187208
  44.0   2.600   -113.03388859
  44.0   2.700   -113.02356750
  44.0   2.800   -113.01189007
  44.0   2.900   -112.99118257
  44.0   3.000   -112.97044725
  44.0   3.100   -112.94798837
  44.0   3.200   -112.92678519

  45.0   1.600   -112.52267851
  45.0   1.700   -112.69381519
  45.0   1.800   -112.82764770
  45.0   1.900   -112.91833632
  45.0   2.000   -112.97781135
  45.0   2.100   -113.01476607
  45.0   2.200   -113.03557378
  45.0   2.300   -113.04489975
  45.0   2.400   -113.04616226
  45.0   2.500   -113.04187557
  45.0   2.600   -113.03389296
  45.0   2.700   -113.02357267
  45.0   2.800   -113.01189598
  45.0   2.900   -112.99118913
  45.0   3.000   -112.97045436
  45.0   3.100   -112.94799593
  45.0   3.200   -112.92679306

  46.0   1.600   -112.52267367
  46.0   1.700   -112.69381117
  46.0   1.800   -112.82764454
  46.0   1.900   -112.91833407
  46.0   2.000   -112.97781003
  46.0   2.100   -113.01476569
  46.0   2.200   -113.03557434
  46.0   2.300   -113.04490124
  46.0   2.400   -113.04616465
  46.0   2.500   -113.04187883
  46.0   2.600   -113.03389703
  46.0   2.700   -113.02357751
  46.0   2.800   -113.01190151
  46.0   2.900   -112.99119526
  46.0   3.000   -112.97046102
  46.0   3.100   -112.94800300
  46.0   3.200   -112.92680044

  47.0   1.600   -112.52266911
  47.0   1.700   -112.69380738
  47.0   1.800   -112.82764157
  47.0   1.900   -112.91833194
  47.0   2.000   -112.97780877
  47.0   2.100   -113.01476532
  47.0   2.200   -113.03557485
  47.0   2.300   -113.04490262
  47.0   2.400   -113.04616688
  47.0   2.500   -113.04188187
  47.0   2.600   -113.03390084
  47.0   2.700   -113.02358203
  47.0   2.800   -113.01190667
  47.0   2.900   -112.99120100
  47.0   3.000   -112.97046724
  47.0   3.100   -112.94800962
  47.0   3.200   -112.92680735

  48.0   1.600   -112.52266482
  48.0   1.700   -112.69380381
  48.0   1.800   -112.82763876
  48.0   1.900   -112.91832993
  48.0   2.000   -112.97780758
  48.0   2.100   -113.01476496
  48.0   2.200   -113.03557532
  48.0   2.300   -113.04490390
  48.0   2.400   -113.04616895
  48.0   2.500   -113.04188471
  48.0   2.600   -113.03390440
  48.0   2.700   -113.02358626
  48.0   2.800   -113.01191152
  48.0   2.900   -112.99120639
  48.0   3.000   -112.97047309
  48.0   3.100   -112.94801583
  48.0   3.200   -112.92681383

  49.0   1.600   -112.52266077
  49.0   1.700   -112.69380044
  49.0   1.800   -112.82763611
  49.0   1.900   -112.91832803
  49.0   2.000   -112.97780645
  49.0   2.100   -113.01476460
  49.0   2.200   -113.03557574
  49.0   2.300   -113.04490509
  49.0   2.400   -113.04617089
  49.0   2.500   -113.04188737
  49.0   2.600   -113.03390774
  49.0   2.700   -113.02359023
  49.0   2.800   -113.01191606
  49.0   2.900   -112.99121144
  49.0   3.000   -112.97047857
  49.0   3.100   -112.94802166
  49.0   3.200   -112.92681992

  50.0   1.600   -112.52265694
  50.0   1.700   -112.69379725
  50.0   1.800   -112.82763360
  50.0   1.900   -112.91832622
  50.0   2.000   -112.97780536
  50.0   2.100   -113.01476426
  50.0   2.200   -113.03557613
  50.0   2.300   -113.04490620
  50.0   2.400   -113.04617271
  50.0   2.500   -113.04188986
  50.0   2.600   -113.03391087
  50.0   2.700   -113.02359396
  50.0   2.800   -113.01192033
  50.0   2.900   -112.99121619
  50.0   3.000   -112.97048373
  50.0   3.100   -112.94802715
  50.0   3.200   -112.92682565

