   1.0   1.600   -110.16673030
   1.0   1.700   -110.55767140
   1.0   1.800   -110.79221170
   1.0   1.900   -111.00516250
   1.0   2.000   -111.20450840
   1.0   2.100   -111.38943850
   1.0   2.200   -111.56395320
   1.0   2.300   -111.71948860
   1.0   2.400   -111.86165840
   1.0   2.500   -111.99101660
   1.0   2.600   -112.22548470
   1.0   2.700   -112.20524360
   1.0   2.800   -112.29875910
   1.0   2.900   -112.38204890
   1.0   3.000   -112.51780690
   1.0   3.100   -112.52446700
   1.0   3.200   -112.58331310

   1.2   1.600   -110.89175884
   1.2   1.700   -111.22631329
   1.2   1.800   -111.38796413
   1.2   1.900   -111.52280911
   1.2   2.000   -111.64286224
   1.2   2.100   -111.75305885
   1.2   2.200   -111.85239805
   1.2   2.300   -111.94779874
   1.2   2.400   -112.03693833
   1.2   2.500   -112.11989699
   1.2   2.600   -112.29058309
   1.2   2.700   -112.28862167
   1.2   2.800   -112.36531460
   1.2   2.900   -112.43887670
   1.2   3.000   -112.55172645
   1.2   3.100   -112.56899112
   1.2   3.200   -112.62323214

   1.4   1.600   -111.43223630
   1.4   1.700   -111.73603820
   1.4   1.800   -111.86096350
   1.4   1.900   -111.95412140
   1.4   2.000   -112.02876260
   1.4   2.100   -112.09295790
   1.4   2.200   -112.14550770
   1.4   2.300   -112.19870270
   1.4   2.400   -112.24926060
   1.4   2.500   -112.29776640
   1.4   2.600   -112.40120340
   1.4   2.700   -112.40903320
   1.4   2.800   -112.46272540
   1.4   2.900   -112.51666610
   1.4   3.000   -112.58599420
   1.4   3.100   -112.61514390
   1.4   3.200   -112.65772100

   1.6   1.600   -111.81528788
   1.6   1.700   -112.10532913
   1.6   1.800   -112.21778617
   1.6   1.900   -112.29430501
   1.6   2.000   -112.34782231
   1.6   2.100   -112.38765900
   1.6   2.200   -112.41489388
   1.6   2.300   -112.44121471
   1.6   2.400   -112.46589962
   1.6   2.500   -112.49082058
   1.6   2.600   -112.53690776
   1.6   2.700   -112.54667275
   1.6   2.800   -112.57688815
   1.6   2.900   -112.60821770
   1.6   3.000   -112.63261692
   1.6   3.100   -112.66839656
   1.6   3.200   -112.69665061

   1.8   1.600   -112.06803880
   1.8   1.700   -112.35266910
   1.8   1.800   -112.46500850
   1.8   1.900   -112.53856560
   1.8   2.000   -112.58565420
   1.8   2.100   -112.61568550
   1.8   2.200   -112.63216830
   1.8   2.300   -112.64434900
   1.8   2.400   -112.65412980
   1.8   2.500   -112.66525530
   1.8   2.600   -112.67725830
   1.8   2.700   -112.68173490
   1.8   2.800   -112.69369950
   1.8   2.900   -112.70633210
   1.8   3.000   -112.70360140
   1.8   3.100   -112.73422030
   1.8   3.200   -112.74989190

   2.0   1.600   -112.22098470
   2.0   1.700   -112.50111380
   2.0   1.800   -112.61582150
   2.0   1.900   -112.69041780
   2.0   2.000   -112.73717740
   2.0   2.100   -112.76516560
   2.0   2.200   -112.77898650
   2.0   2.300   -112.78630920
   2.0   2.400   -112.79002940
   2.0   2.500   -112.79468150
   2.0   2.600   -112.80043520
   2.0   2.700   -112.79688770
   2.0   2.800   -112.79836430
   2.0   2.900   -112.80106380
   2.0   3.000   -112.79633350
   2.0   3.100   -112.81026440
   2.0   3.200   -112.81705690

   2.1   1.600   -112.27290070
   2.1   1.700   -112.55023780
   2.1   1.800   -112.66633250
   2.1   1.900   -112.74192320
   2.1   2.000   -112.78933460
   2.1   2.100   -112.81751710
   2.1   2.200   -112.83156770
   2.1   2.300   -112.83802710
   2.1   2.400   -112.84081360
   2.1   2.500   -112.84356990
   2.1   2.600   -112.84818710
   2.1   2.700   -112.84451110
   2.1   2.800   -112.84170890
   2.1   2.900   -112.84107010
   2.1   3.000   -112.83589390
   2.1   3.100   -112.84354030
   2.1   3.200   -112.84587210

   2.2   1.600   -112.31292680
   2.2   1.700   -112.58702840
   2.2   1.800   -112.70436570
   2.2   1.900   -112.78100150
   2.2   2.000   -112.82920180
   2.2   2.100   -112.85789400
   2.2   2.200   -112.87267400
   2.2   2.300   -112.87890560
   2.2   2.400   -112.88120420
   2.2   2.500   -112.88540181
   2.2   2.600   -112.88717190
   2.2   2.700   -112.88462894
   2.2   2.800   -112.88031665
   2.2   2.900   -112.87550340
   2.2   3.000   -112.87262880
   2.2   3.100   -112.87357480
   2.2   3.200   -112.87325800

   2.3   1.600   -112.34353500
   2.3   1.700   -112.61416630
   2.3   1.800   -112.73246010
   2.3   1.900   -112.81002090
   2.3   2.000   -112.85901440
   2.3   2.100   -112.88832590
   2.3   2.200   -112.90408140
   2.3   2.300   -112.91048670
   2.3   2.400   -112.91269680
   2.3   2.500   -112.91985336
   2.3   2.600   -112.91814990
   2.3   2.700   -112.91657250
   2.3   2.800   -112.91247500
   2.3   2.900   -112.90802710
   2.3   3.000   -112.90321240
   2.3   3.100   -112.89978490
   2.3   3.200   -112.89754250

   2.4   1.600   -112.36690270
   2.4   1.700   -112.63379810
   2.4   1.800   -112.75274850
   2.4   1.900   -112.83103650
   2.4   2.000   -112.88069730
   2.4   2.100   -112.91061440
   2.4   2.200   -112.92744720
   2.4   2.300   -112.93421770
   2.4   2.400   -112.93638130
   2.4   2.500   -112.94567530
   2.4   2.600   -112.94190330
   2.4   2.700   -112.94037770
   2.4   2.800   -112.93658160
   2.4   2.900   -112.93195580
   2.4   3.000   -112.92640200
   2.4   3.100   -112.92183420
   2.4   3.200   -112.91821270

   2.5   1.600   -112.38476010
   2.5   1.700   -112.64765140
   2.5   1.800   -112.76693640
   2.5   1.900   -112.84570670
   2.5   2.000   -112.89591100
   2.5   2.100   -112.92635770
   2.5   2.200   -112.94442931
   2.5   2.300   -112.95165294
   2.5   2.400   -112.95387860
   2.5   2.500   -112.96270480
   2.5   2.600   -112.95946960
   2.5   2.700   -112.95828770
   2.5   2.800   -112.95504920
   2.5   2.900   -112.95062820
   2.5   3.000   -112.94484570
   2.5   3.100   -112.93964350
   2.5   3.200   -112.93514650

   2.6   1.600   -112.39849110
   2.6   1.700   -112.65714560
   2.6   1.800   -112.77646900
   2.6   1.900   -112.85547380
   2.6   2.000   -112.90603540
   2.6   2.100   -112.93686790
   2.6   2.200   -112.95616500
   2.6   2.300   -112.96393487
   2.6   2.400   -112.96625890
   2.6   2.500   -112.97426570
   2.6   2.600   -112.97175290
   2.6   2.700   -112.97099030
   2.6   2.800   -112.96843490
   2.6   2.900   -112.96451350
   2.6   3.000   -112.95885960
   2.6   3.100   -112.95342740
   2.6   3.200   -112.94844540

   2.7   1.600   -112.40924220
   2.7   1.700   -112.66338430
   2.7   1.800   -112.78253560
   2.7   1.900   -112.86154560
   2.7   2.000   -112.91229350
   2.7   2.100   -112.94339050
   2.7   2.200   -112.96364446
   2.7   2.300   -112.97208214
   2.7   2.400   -112.97421270
   2.7   2.500   -112.98148200
   2.7   2.600   -112.97957550
   2.7   2.700   -112.97924810
   2.7   2.800   -112.97739670
   2.7   2.900   -112.97414480
   2.7   3.000   -112.96887100
   2.7   3.100   -112.96349530
   2.7   3.200   -112.95826180

   2.8   1.600   -112.41795480
   2.8   1.700   -112.66723530
   2.8   1.800   -112.78604970
   2.8   1.900   -112.86492750
   2.8   2.000   -112.91574700
   2.8   2.100   -112.94713860
   2.8   2.200   -112.96785790
   2.8   2.300   -112.97711340
   2.8   2.400   -112.97985650
   2.8   2.500   -112.98517920
   2.8   2.600   -112.98375000
   2.8   2.700   -112.98379390
   2.8   2.800   -112.98259670
   2.8   2.900   -112.98008500
   2.8   3.000   -112.97535440
   2.8   3.100   -112.97017650
   2.8   3.200   -112.96493370

   2.9   1.600   -112.42533580
   2.9   1.700   -112.66938860
   2.9   1.800   -112.78772000
   2.9   1.900   -112.86633540
   2.9   2.000   -112.91709770
   2.9   2.100   -112.94865480
   2.9   2.200   -112.96957190
   2.9   2.300   -112.97961830
   2.9   2.400   -112.98184190
   2.9   2.500   -112.98614560
   2.9   2.600   -112.98499830
   2.9   2.700   -112.98530320
   2.9   2.800   -112.98466360
   2.9   2.900   -112.98288560
   2.9   3.000   -112.97879940
   2.9   3.100   -112.97393020
   2.9   3.200   -112.96882390

   3.0   1.600   -112.43185740
   3.0   1.700   -112.67039990
   3.0   1.800   -112.78812530
   3.0   1.900   -112.86634800
   3.0   2.000   -112.91691210
   3.0   2.100   -112.94845560
   3.0   2.200   -112.96902790
   3.0   2.300   -112.97919300
   3.0   2.400   -112.98141230
   3.0   2.500   -112.98503940
   3.0   2.600   -112.98397410
   3.0   2.700   -112.98439150
   3.0   2.800   -112.98417660
   3.0   2.900   -112.98306400
   3.0   3.000   -112.97966680
   3.0   3.100   -112.97519330
   3.0   3.200   -112.97030470

   3.1   1.600   -112.43781790
   3.1   1.700   -112.67070580
   3.1   1.800   -112.78773070
   3.1   1.900   -112.86545980
   3.1   2.000   -112.91570330
   3.1   2.100   -112.94713700
   3.1   2.200   -112.96743330
   3.1   2.300   -112.97747850
   3.1   2.400   -112.97969450
   3.1   2.500   -112.98247970
   3.1   2.600   -112.98126220
   3.1   2.700   -112.98159640
   3.1   2.800   -112.98164860
   3.1   2.900   -112.98110640
   3.1   3.000   -112.97839270
   3.1   3.100   -112.97436770
   3.1   3.200   -112.96974080

   3.2   1.600   -112.44335220
   3.2   1.700   -112.67063640
   3.2   1.800   -112.78689210
   3.2   1.900   -112.86404950
   3.2   2.000   -112.91388540
   3.2   2.100   -112.94515910
   3.2   2.200   -112.96524820
   3.2   2.300   -112.97520390
   3.2   2.400   -112.97734770
   3.2   2.500   -112.97903350
   3.2   2.600   -112.97742050
   3.2   2.700   -112.97741050
   3.2   2.800   -112.97753840
   3.2   2.900   -112.97742820
   3.2   3.000   -112.97537900
   3.2   3.100   -112.97182800
   3.2   3.200   -112.96747700

   3.3   1.600   -112.44854120
   3.3   1.700   -112.67043220
   3.3   1.800   -112.78587190
   3.3   1.900   -112.86239730
   3.3   2.000   -112.91175150
   3.3   2.100   -112.94279370
   3.3   2.200   -112.96274850
   3.3   2.300   -112.97276460
   3.3   2.400   -112.97492470
   3.3   2.500   -112.97580070
   3.3   2.600   -112.97302730
   3.3   2.700   -112.97230060
   3.3   2.800   -112.97225470
   3.3   2.900   -112.97241730
   3.3   3.000   -112.97094710
   3.3   3.100   -112.96788250
   3.3   3.200   -112.96381320

   3.4   1.600   -112.45342250
   3.4   1.700   -112.67025970
   3.4   1.800   -112.78485120
   3.4   1.900   -112.86069740
   3.4   2.000   -112.90949390
   3.4   2.100   -112.94021700
   3.4   2.200   -112.96006830
   3.4   2.300   -112.97036630
   3.4   2.400   -112.97277130
   3.4   2.500   -112.97264040
   3.4   2.600   -112.96872320
   3.4   2.700   -112.96673620
   3.4   2.800   -112.96618840
   3.4   2.900   -112.96641680
   3.4   3.000   -112.96540980
   3.4   3.100   -112.96282740
   3.4   3.200   -112.95905060

   3.5   1.600   -112.45801400
   3.5   1.700   -112.67022510
   3.5   1.800   -112.78395070
   3.5   1.900   -112.85907250
   3.5   2.000   -112.90724220
   3.5   2.100   -112.93748900
   3.5   2.200   -112.95715910
   3.5   2.300   -112.96787430
   3.5   2.400   -112.97087020
   3.5   2.500   -112.97028310
   3.5   2.600   -112.96522880
   3.5   2.700   -112.96138700
   3.5   2.800   -112.95972670
   3.5   2.900   -112.95973340
   3.5   3.000   -112.95902780
   3.5   3.100   -112.95690430
   3.5   3.200   -112.95342570

   3.6   1.600   -112.46232430
   3.6   1.700   -112.67038810
   3.6   1.800   -112.78324840
   3.6   1.900   -112.85760640
   3.6   2.000   -112.90508510
   3.6   2.100   -112.93468360
   3.6   2.200   -112.95394140
   3.6   2.300   -112.96501690
   3.6   2.400   -112.96885330
   3.6   2.500   -112.96842950
   3.6   2.600   -112.96294140
   3.6   2.700   -112.95708260
   3.6   2.800   -112.95339870
   3.6   2.900   -112.95266080
   3.6   3.000   -112.95203400
   3.6   3.100   -112.95029960
   3.6   3.200   -112.94714060

   3.7   1.600   -112.46636190
   3.7   1.700   -112.67077440
   3.7   1.800   -112.78279370
   3.7   1.900   -112.85635300
   3.7   2.000   -112.90308500
   3.7   2.100   -112.93190020
   3.7   2.200   -112.95043400
   3.7   2.300   -112.96161440
   3.7   2.400   -112.96628150
   3.7   2.500   -112.96650190
   3.7   2.600   -112.96150710
   3.7   2.700   -112.95449770
   3.7   2.800   -112.94812090
   3.7   2.900   -112.94560090
   3.7   3.000   -112.94464220
   3.7   3.100   -112.94317400
   3.7   3.200   -112.94034880

   3.8   1.600   -112.47013160
   3.8   1.700   -112.67137890
   3.8   1.800   -112.78261310
   3.8   1.900   -112.85535960
   3.8   2.000   -112.90129180
   3.8   2.100   -112.92924280
   3.8   2.200   -112.94678370
   3.8   2.300   -112.95765530
   3.8   2.400   -112.96291750
   3.8   2.500   -112.96395360
   3.8   2.600   -112.95999050
   3.8   2.700   -112.95324570
   3.8   2.800   -112.94500300
   3.8   2.900   -112.93938330
   3.8   3.000   -112.93716510
   3.8   3.100   -112.93568380
   3.8   3.200   -112.93318330

   3.9   1.600   -112.47363380
   3.9   1.700   -112.67217430
   3.9   1.800   -112.78270650
   3.9   1.900   -112.85466250
   3.9   2.000   -112.89975920
   3.9   2.100   -112.92679640
   3.9   2.200   -112.94319180
   3.9   2.300   -112.95331170
   3.9   2.400   -112.95879170
   3.9   2.500   -112.96055250
   3.9   2.600   -112.95769600
   3.9   2.700   -112.95194090
   3.9   2.800   -112.94376590
   3.9   2.900   -112.93538940
   3.9   3.000   -112.93035390
   3.9   3.100   -112.92810720
   3.9   3.200   -112.92576900

   4.0   1.600   -112.47686750
   4.0   1.700   -112.67311680
   4.0   1.800   -112.78304930
   4.0   1.900   -112.85427920
   4.0   2.000   -112.89854160
   4.0   2.100   -112.92463630
   4.0   2.200   -112.93982480
   4.0   2.300   -112.94885010
   4.0   2.400   -112.95407440
   4.0   2.500   -112.95632520
   4.0   2.600   -112.95445760
   4.0   2.700   -112.94977370
   4.0   2.800   -112.94255170
   4.0   2.900   -112.93363840
   4.0   3.000   -112.92556070
   4.0   3.100   -112.92114390
   4.0   3.200   -112.91837820

   4.1   1.600   -112.47983310
   4.1   1.700   -112.67415850
   4.1   1.800   -112.78359730
   4.1   1.900   -112.85419630
   4.1   2.000   -112.89767640
   4.1   2.100   -112.92283470
   4.1   2.200   -112.93681580
   4.1   2.300   -112.94454880
   4.1   2.400   -112.94906710
   4.1   2.500   -112.95148490
   4.1   2.600   -112.95037470
   4.1   2.700   -112.94663980
   4.1   2.800   -112.94039630
   4.1   2.900   -112.93203260
   4.1   3.000   -112.92283000
   4.1   3.100   -112.91583390
   4.1   3.200   -112.91160810

   4.2   1.600   -112.48253330
   4.2   1.700   -112.67525190
   4.2   1.800   -112.78429660
   4.2   1.900   -112.85437050
   4.2   2.000   -112.89716230
   4.2   2.100   -112.92144380
   4.2   2.200   -112.93426040
   4.2   2.300   -112.94062360
   4.2   2.400   -112.94407540
   4.2   2.500   -112.94626700
   4.2   2.600   -112.94564990
   4.2   2.700   -112.94274150
   4.2   2.800   -112.93734530
   4.2   2.900   -112.92958910
   4.2   3.000   -112.92039030
   4.2   3.100   -112.91209830
   4.2   3.200   -112.90615580

   4.4   1.600   -112.48716770
   4.4   1.700   -112.67743760
   4.4   1.800   -112.78593900
   4.4   1.900   -112.85525950
   4.4   2.000   -112.89701150
   4.4   2.100   -112.91988030
   4.4   2.200   -112.93070690
   4.4   2.300   -112.93447430
   4.4   2.400   -112.93520210
   4.4   2.500   -112.93574450
   4.4   2.600   -112.93509920
   4.4   2.700   -112.93340470
   4.4   2.800   -112.92966680
   4.4   2.900   -112.92342912
   4.4   3.000   -112.91423280
   4.4   3.100   -112.90549350
   4.4   3.200   -112.89825470

   4.6   1.600   -112.49085940
   4.6   1.700   -112.68187070
   4.6   1.800   -112.78763320
   4.6   1.900   -112.85650270
   4.6   2.000   -112.89760390
   4.6   2.100   -112.91954860
   4.6   2.200   -112.92900810
   4.6   2.300   -112.93084560
   4.6   2.400   -112.92895600
   4.6   2.500   -112.92680150
   4.6   2.600   -112.92460690
   4.6   2.700   -112.92273310
   4.6   2.800   -112.92065970
   4.6   2.900   -112.91595261
   4.6   3.000   -112.90769830
   4.6   3.100   -112.89887830
   4.6   3.200   -112.89135450

   4.8   1.600   -112.49373160
   4.8   1.700   -112.68290480
   4.8   1.800   -112.78917520
   4.8   1.900   -112.85778540
   4.8   2.000   -112.89849810
   4.8   2.100   -112.91987540
   4.8   2.200   -112.92848770
   4.8   2.300   -112.92911990
   4.8   2.400   -112.92544220
   4.8   2.500   -112.92068730
   4.8   2.600   -112.91606130
   4.8   2.700   -112.91245910
   4.8   2.800   -112.90984580
   4.8   2.900   -112.90720259
   4.8   3.000   -112.90189820
   4.8   3.100   -112.89322990
   4.8   3.200   -112.88524530

   5.0   1.600   -112.49592380
   5.0   1.700   -112.68379690
   5.0   1.800   -112.79047520
   5.0   1.900   -112.85893750
   5.0   2.000   -112.89942050
   5.0   2.100   -112.92045660
   5.0   2.200   -112.92854310
   5.0   2.300   -112.92844920
   5.0   2.400   -112.92372660
   5.0   2.500   -112.91721910
   5.0   2.600   -112.91033300
   5.0   2.700   -112.90439440
   5.0   2.800   -112.89973470
   5.0   2.900   -112.89722210
   5.0   3.000   -112.89540741
   5.0   3.100   -112.88904020
   5.0   3.200   -112.88052010

   5.2   1.600   -112.49755470
   5.2   1.700   -112.68363950
   5.2   1.800   -112.79151380
   5.2   1.900   -112.85989110
   5.2   2.000   -112.90023680
   5.2   2.100   -112.92106140
   5.2   2.200   -112.92881500
   5.2   2.300   -112.92826830
   5.2   2.400   -112.92293220
   5.2   2.500   -112.91539730
   5.2   2.600   -112.90702260
   5.2   2.700   -112.89904380
   5.2   2.800   -112.89210250
   5.2   2.900   -112.88693580
   5.2   3.000   -112.88618700
   5.2   3.100   -112.88231970
   5.2   3.200   -112.87738280

   5.4   1.600   -112.49874660
   5.4   1.700   -112.68446190
   5.4   1.800   -112.79230970
   5.4   1.900   -112.86063730
   5.4   2.000   -112.90089850
   5.4   2.100   -112.92158880
   5.4   2.200   -112.92913040
   5.4   2.300   -112.92828380
   5.4   2.400   -112.92255720
   5.4   2.500   -112.91442220
   5.4   2.600   -112.90520170
   5.4   2.700   -112.89590860
   5.4   2.800   -112.88715100
   5.4   2.900   -112.87965140
   5.4   3.000   -112.87456010
   5.4   3.100   -112.87335094
   5.4   3.200   -112.87146384

   5.6   1.600   -112.49959970
   5.6   1.700   -112.68506520
   5.6   1.800   -112.79289820
   5.6   1.900   -112.86119610
   5.6   2.000   -112.90140240
   5.6   2.100   -112.92200440
   5.6   2.200   -112.92939970
   5.6   2.300   -112.92835300
   5.6   2.400   -112.92236260
   5.6   2.500   -112.91384950
   5.6   2.600   -112.90414280
   5.6   2.700   -112.89411250
   5.6   2.800   -112.88426380
   5.6   2.900   -112.87513780
   5.6   3.000   -112.86741900
   5.6   3.100   -112.86386580
   5.6   3.200   -112.86306036

   5.8   1.600   -112.50019470
   5.8   1.700   -112.68549470
   5.8   1.800   -112.79331900
   5.8   1.900   -112.86159700
   5.8   2.000   -112.90176730
   5.8   2.100   -112.92230860
   5.8   2.200   -112.92960220
   5.8   2.300   -112.92841340
   5.8   2.400   -112.92223910
   5.8   2.500   -112.91347470
   5.8   2.600   -112.90346480
   5.8   2.700   -112.89302300
   5.8   2.800   -112.88259250
   5.8   2.900   -112.87257000
   5.8   3.000   -112.86334330
   5.8   3.100   -112.85601830
   5.8   3.200   -112.85404150

   6.0   1.600   -112.50059710
   6.0   1.700   -112.68579050
   6.0   1.800   -112.79360870
   6.0   1.900   -112.86187280
   6.0   2.000   -112.90201760
   6.0   2.100   -112.92251560
   6.0   2.200   -112.92973630
   6.0   2.300   -112.92844500
   6.0   2.400   -112.92213770
   6.0   2.500   -112.91319530
   6.0   2.600   -112.90298600
   6.0   2.700   -112.89229700
   6.0   2.800   -112.88155230
   6.0   2.900   -112.87107630
   6.0   3.000   -112.86112950
   6.0   3.100   -112.85219500
   6.0   3.200   -112.84627640

   7.0   1.600   -112.50116620
   7.0   1.700   -112.68621980
   7.0   1.800   -112.79401880
   7.0   1.900   -112.86224570
   7.0   2.000   -112.90232730
   7.0   2.100   -112.92272200
   7.0   2.200   -112.92977540
   7.0   2.300   -112.92824990
   7.0   2.400   -112.92164040
   7.0   2.500   -112.91231770
   7.0   2.600   -112.90151440
   7.0   2.700   -112.89020349
   7.0   2.800   -112.87934300
   7.0   2.900   -112.86830780
   7.0   3.000   -112.85675478
   7.0   3.100   -112.84753970
   7.0   3.200   -112.83808630

   8.0   1.600   -112.50105780
   8.0   1.700   -112.68613410
   8.0   1.800   -112.79392030
   8.0   1.900   -112.86212950
   8.0   2.000   -112.90218630
   8.0   2.100   -112.92254610
   8.0   2.200   -112.92955010
   8.0   2.300   -112.92795930
   8.0   2.400   -112.92126870
   8.0   2.500   -112.91185130
   8.0   2.600   -112.90099844
   8.0   2.700   -112.88963148
   8.0   2.800   -112.87859350
   8.0   2.900   -112.86747440
   8.0   3.000   -112.85674310
   8.0   3.100   -112.84654470
   8.0   3.200   -112.83697760

   9.0   1.600   -112.50094530
   9.0   1.700   -112.68604380
   9.0   1.800   -112.79382380
   9.0   1.900   -112.86202490
   9.0   2.000   -112.90207170
   9.0   2.100   -112.92241870
   9.0   2.200   -112.92940600
   9.0   2.300   -112.92779510
   9.0   2.400   -112.92108110
   9.0   2.500   -112.91163790
   9.0   2.600   -112.90089610
   9.0   2.700   -112.88964030
   9.0   2.800   -112.87827749
   9.0   2.900   -112.86716590
   9.0   3.000   -112.85641650
   9.0   3.100   -112.84620060
   9.0   3.200   -112.83661590

  10.0   1.600   -112.50088100
  10.0   1.700   -112.68599190
  10.0   1.800   -112.79376900
  10.0   1.900   -112.86196670
  10.0   2.000   -112.90200930
  10.0   2.100   -112.92235110
  10.0   2.200   -112.92933220
  10.0   2.300   -112.92771410
  10.0   2.400   -112.92099240
  10.0   2.500   -112.91154130
  10.0   2.600   -112.90079180
  10.0   2.700   -112.88952870
  10.0   2.800   -112.87818730
  10.0   2.900   -112.86704160
  10.0   3.000   -112.85628710
  10.0   3.100   -112.84606680
  10.0   3.200   -112.83647800

  12.0   1.600   -112.50082520
  12.0   1.700   -112.68594700
  12.0   1.800   -112.79372210
  12.0   1.900   -112.86191740
  12.0   2.000   -112.90195700
  12.0   2.100   -112.92229520
  12.0   2.200   -112.92927220
  12.0   2.300   -112.92764940
  12.0   2.400   -112.92092300
  12.0   2.500   -112.91146730
  12.0   2.600   -112.90071360
  12.0   2.700   -112.88944670
  12.0   2.800   -112.87810180
  12.0   2.900   -112.86695310
  12.0   3.000   -112.85619630
  12.0   3.100   -112.84597430
  12.0   3.200   -112.83638470

  14.0   1.600   -112.50080480
  14.0   1.700   -112.68593090
  14.0   1.800   -112.79370550
  14.0   1.900   -112.86190000
  14.0   2.000   -112.90193860
  14.0   2.100   -112.92227560
  14.0   2.200   -112.92925110
  14.0   2.300   -112.92762670
  14.0   2.400   -112.92089880
  14.0   2.500   -112.91144160
  14.0   2.600   -112.90068660
  14.0   2.700   -112.88941840
  14.0   2.800   -112.87807250
  14.0   2.900   -112.86692300
  14.0   3.000   -112.85616570
  14.0   3.100   -112.84594360
  14.0   3.200   -112.83635430

  16.0   1.600   -112.50079550
  16.0   1.700   -112.68592370
  16.0   1.800   -112.79369810
  16.0   1.900   -112.86189230
  16.0   2.000   -112.90193050
  16.0   2.100   -112.92226690
  16.0   2.200   -112.92924170
  16.0   2.300   -112.92761650
  16.0   2.400   -112.92088780
  16.0   2.500   -112.91142990
  16.0   2.600   -112.90067430
  16.0   2.700   -112.88940550
  16.0   2.800   -112.87805910
  16.0   2.900   -112.86690920
  16.0   3.000   -112.85615170
  16.0   3.100   -112.84592970
  16.0   3.200   -112.83634080

  18.0   1.600   -112.50079070
  18.0   1.700   -112.68592010
  18.0   1.800   -112.79369440
  18.0   1.900   -112.86188840
  18.0   2.000   -112.90192640
  18.0   2.100   -112.92226260
  18.0   2.200   -112.92923700
  18.0   2.300   -112.92761130
  18.0   2.400   -112.92088220
  18.0   2.500   -112.91142390
  18.0   2.600   -112.90066780
  18.0   2.700   -112.88939870
  18.0   2.800   -112.87805200
  18.0   2.900   -112.86690190
  18.0   3.000   -112.85614430
  18.0   3.100   -112.84592240
  18.0   3.200   -112.83633380

  20.0   1.600   -112.50078800
  20.0   1.700   -112.68591820
  20.0   1.800   -112.79369240
  20.0   1.900   -112.86188640
  20.0   2.000   -112.90192420
  20.0   2.100   -112.92226020
  20.0   2.200   -112.92923430
  20.0   2.300   -112.92760850
  20.0   2.400   -112.92087900
  20.0   2.500   -112.91142050
  20.0   2.600   -112.90066430
  20.0   2.700   -112.88939490
  20.0   2.800   -112.87804790
  20.0   2.900   -112.86689780
  20.0   3.000   -112.85614020
  20.0   3.100   -112.84591820
  20.0   3.200   -112.83633000

  21.0   1.600   -112.50078827
  21.0   1.700   -112.68591869
  21.0   1.800   -112.79369209
  21.0   1.900   -112.86188684
  21.0   2.000   -112.90192428
  21.0   2.100   -112.92225975
  21.0   2.200   -112.92923454
  21.0   2.300   -112.92760894
  21.0   2.400   -112.92087922
  21.0   2.500   -112.91142060
  21.0   2.600   -112.90066430
  21.0   2.700   -112.88939453
  21.0   2.800   -112.87804745
  21.0   2.900   -112.86689821
  21.0   3.000   -112.85613994
  21.0   3.100   -112.84591775
  21.0   3.200   -112.83632973

  22.0   1.600   -112.50075482
  22.0   1.700   -112.68589259
  22.0   1.800   -112.79367376
  22.0   1.900   -112.86187656
  22.0   2.000   -112.90192222
  22.0   2.100   -112.92226597
  22.0   2.200   -112.92924897
  22.0   2.300   -112.92763141
  22.0   2.400   -112.92090943
  22.0   2.500   -112.91145816
  22.0   2.600   -112.90070871
  22.0   2.700   -112.88944516
  22.0   2.800   -112.87810360
  22.0   2.900   -112.86695905
  22.0   3.000   -112.85620457
  22.0   3.100   -112.84598514
  22.0   3.200   -112.83639878

  23.0   1.600   -112.50072467
  23.0   1.700   -112.68586888
  23.0   1.800   -112.79365685
  23.0   1.900   -112.86186672
  23.0   2.000   -112.90191961
  23.0   2.100   -112.92227062
  23.0   2.200   -112.92926085
  23.0   2.300   -112.92765036
  23.0   2.400   -112.92093520
  23.0   2.500   -112.91149041
  23.0   2.600   -112.90074700
  23.0   2.700   -112.88948897
  23.0   2.800   -112.87815229
  23.0   2.900   -112.86701193
  23.0   3.000   -112.85626083
  23.0   3.100   -112.84604391
  23.0   3.200   -112.83645909

  24.0   1.600   -112.50069743
  24.0   1.700   -112.68584732
  24.0   1.800   -112.79364130
  24.0   1.900   -112.86185740
  24.0   2.000   -112.90191666
  24.0   2.100   -112.92227410
  24.0   2.200   -112.92927070
  24.0   2.300   -112.92766647
  24.0   2.400   -112.92095735
  24.0   2.500   -112.91151830
  24.0   2.600   -112.90078025
  24.0   2.700   -112.88952712
  24.0   2.800   -112.87819480
  24.0   2.900   -112.86705818
  24.0   3.000   -112.85631012
  24.0   3.100   -112.84609548
  24.0   3.200   -112.83651208

  25.0   1.600   -112.50067277
  25.0   1.700   -112.68582770
  25.0   1.800   -112.79362699
  25.0   1.900   -112.86184863
  25.0   2.000   -112.90191354
  25.0   2.100   -112.92227667
  25.0   2.200   -112.92927895
  25.0   2.300   -112.92768026
  25.0   2.400   -112.92097652
  25.0   2.500   -112.91154257
  25.0   2.600   -112.90080930
  25.0   2.700   -112.88956054
  25.0   2.800   -112.87823212
  25.0   2.900   -112.86709885
  25.0   3.000   -112.85635354
  25.0   3.100   -112.84614096
  25.0   3.200   -112.83655888

  26.0   1.600   -112.50065039
  26.0   1.700   -112.68580980
  26.0   1.800   -112.79361384
  26.0   1.900   -112.86184040
  26.0   2.000   -112.90191035
  26.0   2.100   -112.92227856
  26.0   2.200   -112.92928589
  26.0   2.300   -112.92769216
  26.0   2.400   -112.92099321
  26.0   2.500   -112.91156383
  26.0   2.600   -112.90083484
  26.0   2.700   -112.88958999
  26.0   2.800   -112.87826507
  26.0   2.900   -112.86713482
  26.0   3.000   -112.85639198
  26.0   3.100   -112.84618128
  26.0   3.200   -112.83660043

  27.0   1.600   -112.50063005
  27.0   1.700   -112.68579347
  27.0   1.800   -112.79360174
  27.0   1.900   -112.86183270
  27.0   2.000   -112.90190716
  27.0   2.100   -112.92227992
  27.0   2.200   -112.92929177
  27.0   2.300   -112.92770249
  27.0   2.400   -112.92100783
  27.0   2.500   -112.91158256
  27.0   2.600   -112.90085740
  27.0   2.700   -112.88961607
  27.0   2.800   -112.87829430
  27.0   2.900   -112.86716678
  27.0   3.000   -112.85642619
  27.0   3.100   -112.84621720
  27.0   3.200   -112.83663748

  28.0   1.600   -112.50061150
  28.0   1.700   -112.68577852
  28.0   1.800   -112.79359060
  28.0   1.900   -112.86182552
  28.0   2.000   -112.90190403
  28.0   2.100   -112.92228087
  28.0   2.200   -112.92929679
  28.0   2.300   -112.92771150
  28.0   2.400   -112.92102072
  28.0   2.500   -112.91159913
  28.0   2.600   -112.90087743
  28.0   2.700   -112.88963928
  28.0   2.800   -112.87832036
  28.0   2.900   -112.86719530
  28.0   3.000   -112.85645675
  28.0   3.100   -112.84624933
  28.0   3.200   -112.83667065

  29.0   1.600   -112.50059456
  29.0   1.700   -112.68576482
  29.0   1.800   -112.79358033
  29.0   1.900   -112.86181881
  29.0   2.000   -112.90190097
  29.0   2.100   -112.92228150
  29.0   2.200   -112.92930109
  29.0   2.300   -112.92771941
  29.0   2.400   -112.92103212
  29.0   2.500   -112.91161386
  29.0   2.600   -112.90089529
  29.0   2.700   -112.88966002
  29.0   2.800   -112.87834368
  29.0   2.900   -112.86722086
  29.0   3.000   -112.85648417
  29.0   3.100   -112.84627818
  29.0   3.200   -112.83670047

  30.0   1.600   -112.50057906
  30.0   1.700   -112.68575224
  30.0   1.800   -112.79357085
  30.0   1.900   -112.86181256
  30.0   2.000   -112.90189802
  30.0   2.100   -112.92228189
  30.0   2.200   -112.92930480
  30.0   2.300   -112.92772638
  30.0   2.400   -112.92104226
  30.0   2.500   -112.91162703
  30.0   2.600   -112.90091129
  30.0   2.700   -112.88967864
  30.0   2.800   -112.87836464
  30.0   2.900   -112.86724387
  30.0   3.000   -112.85650887
  30.0   3.100   -112.84630420
  30.0   3.200   -112.83672738

  31.0   1.600   -112.50056483
  31.0   1.700   -112.68574067
  31.0   1.800   -112.79356210
  31.0   1.900   -112.86180673
  31.0   2.000   -112.90189519
  31.0   2.100   -112.92228209
  31.0   2.200   -112.92930801
  31.0   2.300   -112.92773256
  31.0   2.400   -112.92105131
  31.0   2.500   -112.91163883
  31.0   2.600   -112.90092568
  31.0   2.700   -112.88969540
  31.0   2.800   -112.87838354
  31.0   2.900   -112.86726463
  31.0   3.000   -112.85653119
  31.0   3.100   -112.84632773
  31.0   3.200   -112.83675174

  32.0   1.600   -112.50055175
  32.0   1.700   -112.68573001
  32.0   1.800   -112.79355399
  32.0   1.900   -112.86180129
  32.0   2.000   -112.90189248
  32.0   2.100   -112.92228213
  32.0   2.200   -112.92931081
  32.0   2.300   -112.92773806
  32.0   2.400   -112.92105943
  32.0   2.500   -112.91164946
  32.0   2.600   -112.90093866
  32.0   2.700   -112.88971056
  32.0   2.800   -112.87840065
  32.0   2.900   -112.86728345
  32.0   3.000   -112.85655143
  32.0   3.100   -112.84634908
  32.0   3.200   -112.83677386

  33.0   1.600   -112.50053970
  33.0   1.700   -112.68572016
  33.0   1.800   -112.79354649
  33.0   1.900   -112.86179621
  33.0   2.000   -112.90188989
  33.0   2.100   -112.92228206
  33.0   2.200   -112.92931325
  33.0   2.300   -112.92774297
  33.0   2.400   -112.92106674
  33.0   2.500   -112.91165906
  33.0   2.600   -112.90095041
  33.0   2.700   -112.88972430
  33.0   2.800   -112.87841619
  33.0   2.900   -112.86730055
  33.0   3.000   -112.85656984
  33.0   3.100   -112.84636852
  33.0   3.200   -112.83679401

  34.0   1.600   -112.50052857
  34.0   1.700   -112.68571106
  34.0   1.800   -112.79353952
  34.0   1.900   -112.86179147
  34.0   2.000   -112.90188743
  34.0   2.100   -112.92228191
  34.0   2.200   -112.92931539
  34.0   2.300   -112.92774737
  34.0   2.400   -112.92107334
  34.0   2.500   -112.91166776
  34.0   2.600   -112.90096109
  34.0   2.700   -112.88973680
  34.0   2.800   -112.87843034
  34.0   2.900   -112.86731614
  34.0   3.000   -112.85658664
  34.0   3.100   -112.84638626
  34.0   3.200   -112.83681242

  35.0   1.600   -112.50051829
  35.0   1.700   -112.68570262
  35.0   1.800   -112.79353304
  35.0   1.900   -112.86178704
  35.0   2.000   -112.90188509
  35.0   2.100   -112.92228168
  35.0   2.200   -112.92931727
  35.0   2.300   -112.92775134
  35.0   2.400   -112.92107932
  35.0   2.500   -112.91167566
  35.0   2.600   -112.90097082
  35.0   2.700   -112.88974821
  35.0   2.800   -112.87844326
  35.0   2.900   -112.86733039
  35.0   3.000   -112.85660201
  35.0   3.100   -112.84640251
  35.0   3.200   -112.83682928

  36.0   1.600   -112.50050875
  36.0   1.700   -112.68569480
  36.0   1.800   -112.79352702
  36.0   1.900   -112.86178289
  36.0   2.000   -112.90188287
  36.0   2.100   -112.92228140
  36.0   2.200   -112.92931894
  36.0   2.300   -112.92775491
  36.0   2.400   -112.92108475
  36.0   2.500   -112.91168288
  36.0   2.600   -112.90097971
  36.0   2.700   -112.88975865
  36.0   2.800   -112.87845510
  36.0   2.900   -112.86734345
  36.0   3.000   -112.85661610
  36.0   3.100   -112.84641741
  36.0   3.200   -112.83684477

  37.0   1.600   -112.50049991
  37.0   1.700   -112.68568752
  37.0   1.800   -112.79352140
  37.0   1.900   -112.86177901
  37.0   2.000   -112.90188076
  37.0   2.100   -112.92228109
  37.0   2.200   -112.92932041
  37.0   2.300   -112.92775815
  37.0   2.400   -112.92108970
  37.0   2.500   -112.91168947
  37.0   2.600   -112.90098785
  37.0   2.700   -112.88976822
  37.0   2.800   -112.87846596
  37.0   2.900   -112.86735545
  37.0   3.000   -112.85662905
  37.0   3.100   -112.84643112
  37.0   3.200   -112.83685901

  38.0   1.600   -112.50049169
  38.0   1.700   -112.68568074
  38.0   1.800   -112.79351617
  38.0   1.900   -112.86177537
  38.0   2.000   -112.90187876
  38.0   2.100   -112.92228075
  38.0   2.200   -112.92932173
  38.0   2.300   -112.92776109
  38.0   2.400   -112.92109423
  38.0   2.500   -112.91169551
  38.0   2.600   -112.90099532
  38.0   2.700   -112.88977702
  38.0   2.800   -112.87847596
  38.0   2.900   -112.86736650
  38.0   3.000   -112.85664099
  38.0   3.100   -112.84644376
  38.0   3.200   -112.83687216

  39.0   1.600   -112.50048403
  39.0   1.700   -112.68567443
  39.0   1.800   -112.79351127
  39.0   1.900   -112.86177195
  39.0   2.000   -112.90187686
  39.0   2.100   -112.92228038
  39.0   2.200   -112.92932290
  39.0   2.300   -112.92776377
  39.0   2.400   -112.92109838
  39.0   2.500   -112.91170107
  39.0   2.600   -112.90100220
  39.0   2.700   -112.88978513
  39.0   2.800   -112.87848518
  39.0   2.900   -112.86737670
  39.0   3.000   -112.85665201
  39.0   3.100   -112.84645544
  39.0   3.200   -112.83688431

  40.0   1.600   -112.50047689
  40.0   1.700   -112.68566853
  40.0   1.800   -112.79350669
  40.0   1.900   -112.86176874
  40.0   2.000   -112.90187506
  40.0   2.100   -112.92228001
  40.0   2.200   -112.92932394
  40.0   2.300   -112.92776622
  40.0   2.400   -112.92110219
  40.0   2.500   -112.91170618
  40.0   2.600   -112.90100855
  40.0   2.700   -112.88979262
  40.0   2.800   -112.87849370
  40.0   2.900   -112.86738613
  40.0   3.000   -112.85666221
  40.0   3.100   -112.84646625
  40.0   3.200   -112.83689556

  41.0   1.600   -112.50047022
  41.0   1.700   -112.68566302
  41.0   1.800   -112.79350240
  41.0   1.900   -112.86176573
  41.0   2.000   -112.90187335
  41.0   2.100   -112.92227962
  41.0   2.200   -112.92932488
  41.0   2.300   -112.92776846
  41.0   2.400   -112.92110569
  41.0   2.500   -112.91171091
  41.0   2.600   -112.90101442
  41.0   2.700   -112.88979955
  41.0   2.800   -112.87850159
  41.0   2.900   -112.86739487
  41.0   3.000   -112.85667167
  41.0   3.100   -112.84647628
  41.0   3.200   -112.83690600

  42.0   1.600   -112.50046398
  42.0   1.700   -112.68565785
  42.0   1.800   -112.79349837
  42.0   1.900   -112.86176289
  42.0   2.000   -112.90187173
  42.0   2.100   -112.92227923
  42.0   2.200   -112.92932572
  42.0   2.300   -112.92777051
  42.0   2.400   -112.92110893
  42.0   2.500   -112.91171527
  42.0   2.600   -112.90101985
  42.0   2.700   -112.88980597
  42.0   2.800   -112.87850892
  42.0   2.900   -112.86740299
  42.0   3.000   -112.85668045
  42.0   3.100   -112.84648561
  42.0   3.200   -112.83691571

  43.0   1.600   -112.50045814
  43.0   1.700   -112.68565301
  43.0   1.800   -112.79349459
  43.0   1.900   -112.86176022
  43.0   2.000   -112.90187019
  43.0   2.100   -112.92227884
  43.0   2.200   -112.92932648
  43.0   2.300   -112.92777240
  43.0   2.400   -112.92111192
  43.0   2.500   -112.91171932
  43.0   2.600   -112.90102490
  43.0   2.700   -112.88981194
  43.0   2.800   -112.87851573
  43.0   2.900   -112.86741053
  43.0   3.000   -112.85668863
  43.0   3.100   -112.84649428
  43.0   3.200   -112.83692475

  44.0   1.600   -112.50045265
  44.0   1.700   -112.68564846
  44.0   1.800   -112.79349104
  44.0   1.900   -112.86175769
  44.0   2.000   -112.90186873
  44.0   2.100   -112.92227846
  44.0   2.200   -112.92932716
  44.0   2.300   -112.92777414
  44.0   2.400   -112.92111469
  44.0   2.500   -112.91172308
  44.0   2.600   -112.90102959
  44.0   2.700   -112.88981750
  44.0   2.800   -112.87852207
  44.0   2.900   -112.86741757
  44.0   3.000   -112.85669625
  44.0   3.100   -112.84650237
  44.0   3.200   -112.83693319

  45.0   1.600   -112.50044751
  45.0   1.700   -112.68564419
  45.0   1.800   -112.79348770
  45.0   1.900   -112.86175532
  45.0   2.000   -112.90186735
  45.0   2.100   -112.92227807
  45.0   2.200   -112.92932778
  45.0   2.300   -112.92777575
  45.0   2.400   -112.92111726
  45.0   2.500   -112.91172657
  45.0   2.600   -112.90103396
  45.0   2.700   -112.88982267
  45.0   2.800   -112.87852798
  45.0   2.900   -112.86742413
  45.0   3.000   -112.85670336
  45.0   3.100   -112.84650993
  45.0   3.200   -112.83694106

  46.0   1.600   -112.50044267
  46.0   1.700   -112.68564017
  46.0   1.800   -112.79348454
  46.0   1.900   -112.86175307
  46.0   2.000   -112.90186603
  46.0   2.100   -112.92227769
  46.0   2.200   -112.92932834
  46.0   2.300   -112.92777724
  46.0   2.400   -112.92111965
  46.0   2.500   -112.91172983
  46.0   2.600   -112.90103803
  46.0   2.700   -112.88982751
  46.0   2.800   -112.87853351
  46.0   2.900   -112.86743026
  46.0   3.000   -112.85671002
  46.0   3.100   -112.84651700
  46.0   3.200   -112.83694844

  47.0   1.600   -112.50043811
  47.0   1.700   -112.68563638
  47.0   1.800   -112.79348157
  47.0   1.900   -112.86175094
  47.0   2.000   -112.90186477
  47.0   2.100   -112.92227732
  47.0   2.200   -112.92932885
  47.0   2.300   -112.92777862
  47.0   2.400   -112.92112188
  47.0   2.500   -112.91173287
  47.0   2.600   -112.90104184
  47.0   2.700   -112.88983203
  47.0   2.800   -112.87853867
  47.0   2.900   -112.86743600
  47.0   3.000   -112.85671624
  47.0   3.100   -112.84652362
  47.0   3.200   -112.83695535

  48.0   1.600   -112.50043382
  48.0   1.700   -112.68563281
  48.0   1.800   -112.79347876
  48.0   1.900   -112.86174893
  48.0   2.000   -112.90186358
  48.0   2.100   -112.92227696
  48.0   2.200   -112.92932932
  48.0   2.300   -112.92777990
  48.0   2.400   -112.92112395
  48.0   2.500   -112.91173571
  48.0   2.600   -112.90104540
  48.0   2.700   -112.88983626
  48.0   2.800   -112.87854352
  48.0   2.900   -112.86744139
  48.0   3.000   -112.85672209
  48.0   3.100   -112.84652983
  48.0   3.200   -112.83696183

  49.0   1.600   -112.50042977
  49.0   1.700   -112.68562944
  49.0   1.800   -112.79347611
  49.0   1.900   -112.86174703
  49.0   2.000   -112.90186245
  49.0   2.100   -112.92227660
  49.0   2.200   -112.92932974
  49.0   2.300   -112.92778109
  49.0   2.400   -112.92112589
  49.0   2.500   -112.91173837
  49.0   2.600   -112.90104874
  49.0   2.700   -112.88984023
  49.0   2.800   -112.87854806
  49.0   2.900   -112.86744644
  49.0   3.000   -112.85672757
  49.0   3.100   -112.84653566
  49.0   3.200   -112.83696792

  50.0   1.600   -112.50042594
  50.0   1.700   -112.68562625
  50.0   1.800   -112.79347360
  50.0   1.900   -112.86174522
  50.0   2.000   -112.90186136
  50.0   2.100   -112.92227626
  50.0   2.200   -112.92933013
  50.0   2.300   -112.92778220
  50.0   2.400   -112.92112771
  50.0   2.500   -112.91174086
  50.0   2.600   -112.90105187
  50.0   2.700   -112.88984396
  50.0   2.800   -112.87855233
  50.0   2.900   -112.86745119
  50.0   3.000   -112.85673273
  50.0   3.100   -112.84654115
  50.0   3.200   -112.83697365

