   1.8   1.600   -111.49910340
   1.8   1.700   -111.55220370
   1.8   1.800   -111.48454170
   1.8   1.900   -111.34475140
   1.8   2.000   -111.15085520
   1.8   2.100   -110.87852510
   1.8   2.200   -110.56474620
   1.8   2.300   -110.20647400
   1.8   2.400   -109.81815960
   1.8   2.500   -109.40990220
   1.8   2.600   -109.00568570
   1.8   2.700   -108.62610740
   1.8   2.800   -108.29249980
   1.8   2.900   -108.03938270
   1.8   3.000   -107.90941570
   1.8   3.100   -107.90494170
   1.8   3.200   -108.03871350

   2.0   1.600   -111.95711120
   2.0   1.700   -112.08811350
   2.0   1.800   -112.11361700
   2.0   1.900   -112.07824150
   2.0   2.000   -112.00022250
   2.0   2.100   -111.85768640
   2.0   2.200   -111.68240960
   2.0   2.300   -111.47775950
   2.0   2.400   -111.23812400
   2.0   2.500   -110.96919560
   2.0   2.600   -110.68119050
   2.0   2.700   -110.37661260
   2.0   2.800   -110.05892000
   2.0   2.900   -109.73586210
   2.0   3.000   -109.42625250
   2.0   3.100   -109.15686470
   2.0   3.200   -108.94101290

   2.1   1.600   -112.09793840
   2.1   1.700   -112.25369320
   2.1   1.800   -112.30815960
   2.1   1.900   -112.30631490
   2.1   2.000   -112.26619090
   2.1   2.100   -112.16593360
   2.1   2.200   -112.03887360
   2.1   2.300   -111.88694360
   2.1   2.400   -111.70393600
   2.1   2.500   -111.49424710
   2.1   2.600   -111.26629570
   2.1   2.700   -111.01898680
   2.1   2.800   -110.75237430
   2.1   2.900   -110.47101300
   2.1   3.000   -110.17883790
   2.1   3.100   -109.89507480
   2.1   3.200   -109.62829260

   2.2   1.600   -112.19808380
   2.2   1.700   -112.37509640
   2.2   1.800   -112.44978780
   2.2   1.900   -112.47377110
   2.2   2.000   -112.46221190
   2.2   2.100   -112.39349200
   2.2   2.200   -112.30320900
   2.2   2.300   -112.19205440
   2.2   2.400   -112.05373520
   2.2   2.500   -111.89209430
   2.2   2.600   -111.71503450
   2.2   2.700   -111.51975320
   2.2   2.800   -111.30454880
   2.2   2.900   -111.07216420
   2.2   3.000   -110.82412300
   2.2   3.100   -110.56247450
   2.2   3.200   -110.29758400

   2.3   1.600   -112.26885320
   2.3   1.700   -112.46374860
   2.3   1.800   -112.54816150
   2.3   1.900   -112.59635440
   2.3   2.000   -112.60640290
   2.3   2.100   -112.56086640
   2.3   2.200   -112.49858520
   2.3   2.300   -112.41874530
   2.3   2.400   -112.31508790
   2.3   2.500   -112.19140010
   2.3   2.600   -112.05547300
   2.3   2.700   -111.90386140
   2.3   2.800   -111.73413090
   2.3   2.900   -111.54801690
   2.3   3.000   -111.34658110
   2.3   3.100   -111.12441350
   2.3   3.200   -110.88765750

   2.4   1.600   -112.31898470
   2.4   1.700   -112.52748030
   2.4   1.800   -112.61997310
   2.4   1.900   -112.68253014
   2.4   2.000   -112.70057220
   2.4   2.100   -112.68321080
   2.4   2.200   -112.64229060
   2.4   2.300   -112.58644820
   2.4   2.400   -112.50958430
   2.4   2.500   -112.41537960
   2.4   2.600   -112.31190620
   2.4   2.700   -112.19556790
   2.4   2.800   -112.06356130
   2.4   2.900   -111.91734920
   2.4   3.000   -111.75648560
   2.4   3.100   -111.57817300
   2.4   3.200   -111.37864990

   2.5   1.600   -112.35411510
   2.5   1.700   -112.57201530
   2.5   1.800   -112.67234020
   2.5   1.900   -112.74017644
   2.5   2.000   -112.77476760
   2.5   2.100   -112.77175430
   2.5   2.200   -112.74721830
   2.5   2.300   -112.70531940
   2.5   2.400   -112.65349520
   2.5   2.500   -112.58220110
   2.5   2.600   -112.50398060
   2.5   2.700   -112.41541570
   2.5   2.800   -112.31372610
   2.5   2.900   -112.20039870
   2.5   3.000   -112.07384510
   2.5   3.100   -111.93437120
   2.5   3.200   -111.77315330

   2.6   1.600   -112.37807930
   2.6   1.700   -112.60227780
   2.6   1.800   -112.70966430
   2.6   1.900   -112.77760445
   2.6   2.000   -112.82644870
   2.6   2.100   -112.83484980
   2.6   2.200   -112.82300380
   2.6   2.300   -112.79529890
   2.6   2.400   -112.75922110
   2.6   2.500   -112.70561600
   2.6   2.600   -112.64685280
   2.6   2.700   -112.58006120
   2.6   2.800   -112.50231140
   2.6   2.900   -112.41530260
   2.6   3.000   -112.31689950
   2.6   3.100   -112.20854120
   2.6   3.200   -112.08300610

   2.7   1.600   -112.39371270
   2.7   1.700   -112.62206330
   2.7   1.800   -112.73456280
   2.7   1.900   -112.80312530
   2.7   2.000   -112.86030120
   2.7   2.100   -112.87869550
   2.7   2.200   -112.87684020
   2.7   2.300   -112.86011350
   2.7   2.400   -112.83613830
   2.7   2.500   -112.79613050
   2.7   2.600   -112.75243820
   2.7   2.700   -112.70252150
   2.7   2.800   -112.64346160
   2.7   2.900   -112.57717400
   2.7   3.000   -112.50128940
   2.7   3.100   -112.41793490
   2.7   3.200   -112.32216550

   2.8   1.600   -112.40325460
   2.8   1.700   -112.63416110
   2.8   1.800   -112.75026800
   2.8   1.900   -112.82275580
   2.8   2.000   -112.87945230
   2.8   2.100   -112.90793850
   2.8   2.200   -112.91411240
   2.8   2.300   -112.90597370
   2.8   2.400   -112.89122590
   2.8   2.500   -112.86181920
   2.8   2.600   -112.82973470
   2.8   2.700   -112.79285030
   2.8   2.800   -112.74829290
   2.8   2.900   -112.69814130
   2.8   3.000   -112.64005150
   2.8   3.100   -112.57655720
   2.8   3.200   -112.50309180

   2.9   1.600   -112.40856040
   2.9   1.700   -112.64069790
   2.9   1.800   -112.75921910
   2.9   1.900   -112.83486210
   2.9   2.000   -112.88925210
   2.9   2.100   -112.92625530
   2.9   2.200   -112.93899810
   2.9   2.300   -112.93759540
   2.9   2.400   -112.92652180
   2.9   2.500   -112.90875560
   2.9   2.600   -112.88559620
   2.9   2.700   -112.85872520
   2.9   2.800   -112.82539320
   2.9   2.900   -112.78773390
   2.9   3.000   -112.74356500
   2.9   3.100   -112.69566440
   2.9   3.200   -112.63915470

   3.0   1.600   -112.41124830
   3.0   1.700   -112.64332990
   3.0   1.800   -112.76321920
   3.0   1.900   -112.84120070
   3.0   2.000   -112.89681850
   3.0   2.100   -112.93738710
   3.0   2.200   -112.95478440
   3.0   2.300   -112.95859080
   3.0   2.400   -112.95313760
   3.0   2.500   -112.94154790
   3.0   2.600   -112.92524390
   3.0   2.700   -112.90605770
   3.0   2.800   -112.88146983
   3.0   2.900   -112.85334150
   3.0   3.000   -112.82000080
   3.0   3.100   -112.78423090
   3.0   3.200   -112.74098470

   3.1   1.600   -112.41282590
   3.1   1.700   -112.64350760
   3.1   1.800   -112.76369430
   3.1   1.900   -112.84352280
   3.1   2.000   -112.90238030
   3.1   2.100   -112.94465530
   3.1   2.200   -112.96478930
   3.1   2.300   -112.97191910
   3.1   2.400   -112.97064740
   3.1   2.500   -112.96373840
   3.1   2.600   -112.95265020
   3.1   2.700   -112.93926180
   3.1   2.800   -112.92126110
   3.1   2.900   -112.90065830
   3.1   3.000   -112.87568020
   3.1   3.100   -112.84930290
   3.1   3.200   -112.81642850

   3.2   1.600   -112.41480280
   3.2   1.700   -112.64246520
   3.2   1.800   -112.76220930
   3.2   1.900   -112.84351810
   3.2   2.000   -112.90628940
   3.2   2.100   -112.94967260
   3.2   2.200   -112.97164420
   3.2   2.300   -112.98051330
   3.2   2.400   -112.98166630
   3.2   2.500   -112.97814390
   3.2   2.600   -112.97091120
   3.2   2.700   -112.96178170
   3.2   2.800   -112.94894600
   3.2   2.900   -112.93405430
   3.2   3.000   -112.91552800
   3.2   3.100   -112.89636690
   3.2   3.200   -112.87155990

   3.3   1.600   -112.41830790
   3.3   1.700   -112.64113730
   3.3   1.800   -112.75977120
   3.3   1.900   -112.84197620
   3.3   2.000   -112.90911090
   3.3   2.100   -112.95322730
   3.3   2.200   -112.97655870
   3.3   2.300   -112.98643670
   3.3   2.400   -112.98869760
   3.3   2.500   -112.98695070
   3.3   2.600   -112.98276080
   3.3   2.700   -112.97629610
   3.3   2.800   -112.96786189
   3.3   2.900   -112.95688980
   3.3   3.000   -112.94331240
   3.3   3.100   -112.93199670
   3.3   3.200   -112.91109280

   3.4   1.600   -112.42343740
   3.4   1.700   -112.64014640
   3.4   1.800   -112.75737170
   3.4   1.900   -112.83981280
   3.4   2.000   -112.91017500
   3.4   2.100   -112.95516120
   3.4   2.200   -112.98010450
   3.4   2.300   -112.99076910
   3.4   2.400   -112.99344260
   3.4   2.500   -112.99241310
   3.4   2.600   -112.98940940
   3.4   2.700   -112.98528160
   3.4   2.800   -112.97992140
   3.4   2.900   -112.97323780
   3.4   3.000   -112.96507690
   3.4   3.100   -112.95529550
   3.4   3.200   -112.94359370

   3.5   1.600   -112.42955680
   3.5   1.700   -112.63979400
   3.5   1.800   -112.75587580
   3.5   1.900   -112.83708810
   3.5   2.000   -112.90927850
   3.5   2.100   -112.95532290
   3.5   2.200   -112.98196320
   3.5   2.300   -112.99401640
   3.5   2.400   -112.99688730
   3.5   2.500   -112.99582270
   3.5   2.600   -112.99334250
   3.5   2.700   -112.99037240
   3.5   2.800   -112.98677760
   3.5   2.900   -112.98240990
   3.5   3.000   -112.97703010
   3.5   3.100   -112.97045440
   3.5   3.200   -112.96228310

   3.6   1.600   -112.43600740
   3.6   1.700   -112.64020730
   3.6   1.800   -112.75538470
   3.6   1.900   -112.83014640
   3.6   2.000   -112.90680260
   3.6   2.100   -112.95381330
   3.6   2.200   -112.98188940
   3.6   2.300   -112.99577270
   3.6   2.400   -112.99951880
   3.6   2.500   -112.99810420
   3.6   2.600   -112.99540830
   3.6   2.700   -112.99278550
   3.6   2.800   -112.99015590
   3.6   2.900   -112.98728300
   3.6   3.000   -112.98383360
   3.6   3.100   -112.97954760
   3.6   3.200   -112.97390290

   3.7   1.600   -112.44238740
   3.7   1.700   -112.64146630
   3.7   1.800   -112.75541020
   3.7   1.900   -112.82858120
   3.7   2.000   -112.90315530
   3.7   2.100   -112.95099200
   3.7   2.200   -112.98011650
   3.7   2.300   -112.99556220
   3.7   2.400   -113.00092550
   3.7   2.500   -112.99975030
   3.7   2.600   -112.99646070
   3.7   2.700   -112.99349790
   3.7   2.800   -112.99111400
   3.7   2.900   -112.98904780
   3.7   3.000   -112.98683270
   3.7   3.100   -112.98409310
   3.7   3.200   -112.98017230

   3.8   1.600   -112.44849430
   3.8   1.700   -112.64354210
   3.8   1.800   -112.75582720
   3.8   1.900   -112.83003180
   3.8   2.000   -112.89863260
   3.8   2.100   -112.94723630
   3.8   2.200   -112.97709160
   3.8   2.300   -112.99358790
   3.8   2.400   -113.00041640
   3.8   2.500   -113.00039600
   3.8   2.600   -112.99692330
   3.8   2.700   -112.99322960
   3.8   2.800   -112.99049470
   3.8   2.900   -112.98862070
   3.8   3.000   -112.98703030
   3.8   3.100   -112.98521460
   3.8   3.200   -112.98237560

   3.9   1.600   -112.45422490
   3.9   1.700   -112.64626430
   3.9   1.800   -112.75684510
   3.9   1.900   -112.83070860
   3.9   2.000   -112.87313180
   3.9   2.100   -112.94286320
   3.9   2.200   -112.97324290
   3.9   2.300   -112.99036710
   3.9   2.400   -112.99810390
   3.9   2.500   -112.99925090
   3.9   2.600   -112.99644130
   3.9   2.700   -112.99227590
   3.9   2.800   -112.98885240
   3.9   2.900   -112.98666560
   3.9   3.000   -112.98517250
   3.9   3.100   -112.98374760
   3.9   3.200   -112.98147620

   4.0   1.600   -112.45953160
   4.0   1.700   -112.64939640
   4.0   1.800   -112.75856600
   4.0   1.900   -112.83097570
   4.0   2.000   -112.87851880
   4.0   2.100   -112.93810020
   4.0   2.200   -112.96891910
   4.0   2.300   -112.98638860
   4.0   2.400   -112.99456970
   4.0   2.500   -112.99633610
   4.0   2.600   -112.99424120
   4.0   2.700   -112.99023090
   4.0   2.800   -112.98629450
   4.0   2.900   -112.98352320
   4.0   3.000   -112.98171850
   4.0   3.100   -112.98025030
   4.0   3.200   -112.97816320

   4.1   1.600   -112.46439700
   4.1   1.700   -112.65139620
   4.1   1.800   -112.76087080
   4.1   1.900   -112.83165020
   4.1   2.000   -112.87827300
   4.1   2.100   -112.94952910
   4.1   2.200   -112.96437750
   4.1   2.300   -112.98202820
   4.1   2.400   -112.99035770
   4.1   2.500   -112.99229060
   4.1   2.600   -112.99038280
   4.1   2.700   -112.98648800
   4.1   2.800   -112.98236530
   4.1   2.900   -112.97908840
   4.1   3.000   -112.97679160
   4.1   3.100   -112.97500940
   4.1   3.200   -112.97289630

   4.2   1.600   -112.46882140
   4.2   1.700   -112.65523570
   4.2   1.800   -112.76354330
   4.2   1.900   -112.83301090
   4.2   2.000   -112.87752000
   4.2   2.100   -112.94151550
   4.2   2.200   -112.97121140
   4.2   2.300   -112.98787860
   4.2   2.400   -112.98587380
   4.2   2.500   -112.98770620
   4.2   2.600   -112.98558450
   4.2   2.700   -112.98132170
   4.2   2.800   -112.97673660
   4.2   2.900   -112.97295280
   4.2   3.000   -112.97019560
   4.2   3.100   -112.96807290
   4.2   3.200   -112.96601070

   4.4   1.600   -112.47640150
   4.4   1.700   -112.66229780
   4.4   1.800   -112.76920400
   4.4   1.900   -112.83721140
   4.4   2.000   -112.87854460
   4.4   2.100   -112.90436760
   4.4   2.200   -112.95675220
   4.4   2.300   -112.97589240
   4.4   2.400   -112.98428440
   4.4   2.500   -112.98640050
   4.4   2.600   -112.98390250
   4.4   2.700   -112.97861350
   4.4   2.800   -112.96319940
   4.4   2.900   -112.95730500
   4.4   3.000   -112.95290500
   4.4   3.100   -112.95016170
   4.4   3.200   -112.94884490

   4.6   1.600   -112.48245150
   4.6   1.700   -112.66768550
   4.6   1.800   -112.77449260
   4.6   1.900   -112.84201430
   4.6   2.000   -112.88202640
   4.6   2.100   -112.90383490
   4.6   2.200   -112.91867420
   4.6   2.300   -112.96224380
   4.6   2.400   -112.97346620
   4.6   2.500   -112.97538160
   4.6   2.600   -112.97224990
   4.6   2.700   -112.96609480
   4.6   2.800   -112.95830890
   4.6   2.900   -112.95052860
   4.6   3.000   -112.94436340
   4.6   3.100   -112.94087180
   4.6   3.200   -112.94017430

   4.8   1.600   -112.48719330
   4.8   1.700   -112.67210640
   4.8   1.800   -112.77900840
   4.8   1.900   -112.84645940
   4.8   2.000   -112.88605590
   4.8   2.100   -112.90661690
   4.8   2.200   -112.91531230
   4.8   2.300   -112.92608410
   4.8   2.400   -112.96089310
   4.8   2.500   -112.96618100
   4.8   2.600   -112.96265600
   4.8   2.700   -112.95518920
   4.8   2.800   -112.94600710
   4.8   2.900   -112.93681990
   4.8   3.000   -112.92927130
   4.8   3.100   -112.92465230
   4.8   3.200   -112.92322810

   5.0   1.600   -112.49085450
   5.0   1.700   -112.67562640
   5.0   1.800   -112.78268200
   5.0   1.900   -112.85021600
   5.0   2.000   -112.88974810
   5.0   2.100   -112.90992260
   5.0   2.200   -112.91739700
   5.0   2.300   -112.91788580
   5.0   2.400   -112.92812230
   5.0   2.500   -112.95442990
   5.0   2.600   -112.95569480
   5.0   2.700   -112.94756170
   5.0   2.800   -112.93635570
   5.0   2.900   -112.92539140
   5.0   3.000   -112.91644000
   5.0   3.100   -112.91057960
   5.0   3.200   -112.90806470

   5.2   1.600   -112.49364320
   5.2   1.700   -112.67836840
   5.2   1.800   -112.78558050
   5.2   1.900   -112.85324060
   5.2   2.000   -112.89283210
   5.2   2.100   -112.91292210
   5.2   2.200   -112.92002320
   5.2   2.300   -112.91913560
   5.2   2.400   -112.91538620
   5.2   2.500   -112.92501520
   5.2   2.600   -112.94451960
   5.2   2.700   -112.94316800
   5.2   2.800   -112.93140640
   5.2   2.900   -112.91791890
   5.2   3.000   -112.90683380
   5.2   3.100   -112.89923930
   5.2   3.200   -112.89520710

   5.4   1.600   -112.49574090
   5.4   1.700   -112.68046840
   5.4   1.800   -112.78781840
   5.4   1.900   -112.85560350
   5.4   2.000   -112.89528830
   5.4   2.100   -112.91539920
   5.4   2.200   -112.92238790
   5.4   2.300   -112.92111760
   5.4   2.400   -112.91535430
   5.4   2.500   -112.91021050
   5.4   2.600   -112.91794700
   5.4   2.700   -112.93242050
   5.4   2.800   -112.92940670
   5.4   2.900   -112.91560980
   5.4   3.000   -112.90178280
   5.4   3.100   -112.89156530
   5.4   3.200   -112.88529730

   5.6   1.600   -112.49729970
   5.6   1.700   -112.68205370
   5.6   1.800   -112.78951670
   5.6   1.900   -112.85741020
   5.6   2.000   -112.89718690
   5.6   2.100   -112.91734960
   5.6   2.200   -112.92431750
   5.6   2.300   -112.92290600
   5.6   2.400   -112.91670320
   5.6   2.500   -112.90840980
   5.6   2.600   -112.90303050
   5.6   2.700   -112.90810010
   5.6   2.800   -112.91978030
   5.6   2.900   -112.91508850
   5.6   3.000   -112.90088680
   5.6   3.100   -112.88802500
   5.6   3.200   -112.87893400

   5.8   1.600   -112.49844360
   5.8   1.700   -112.68323450
   5.8   1.800   -112.79078670
   5.8   1.900   -112.85876750
   5.8   2.000   -112.89862250
   5.8   2.100   -112.91883920
   5.8   2.200   -112.92581690
   5.8   2.300   -112.92434820
   5.8   2.400   -112.91797620
   5.8   2.500   -112.90911820
   5.8   2.600   -112.89970460
   5.8   2.700   -112.89387970
   5.8   2.800   -112.89686520
   5.8   2.900   -112.90786250
   5.8   3.000   -112.89967663
   5.8   3.100   -112.88742600
   5.8   3.200   -112.87597360

   6.0   1.600   -112.49927130
   6.0   1.700   -112.68410260
   6.0   1.800   -112.79172300
   6.0   1.900   -112.85977140
   6.0   2.000   -112.89968830
   6.0   2.100   -112.91995110
   6.0   2.200   -112.92694580
   6.0   2.300   -112.92545160
   6.0   2.400   -112.91896650
   6.0   2.500   -112.90994340
   6.0   2.600   -112.89979790
   6.0   2.700   -112.88987100
   6.0   2.800   -112.88337360
   6.0   2.900   -112.89976481
   6.0   3.000   -112.89641100
   6.0   3.100   -112.88717640
   6.0   3.200   -112.87509930

   7.0   1.600   -112.50084950
   7.0   1.700   -112.68584770
   7.0   1.800   -112.79361490
   7.0   1.900   -112.86180830
   7.0   2.000   -112.90185670
   7.0   2.100   -112.92222090
   7.0   2.200   -112.92924940
   7.0   2.300   -112.92771030
   7.0   2.400   -112.92109980
   7.0   2.500   -112.91192825
   7.0   2.600   -112.90117770
   7.0   2.700   -112.89006270
   7.0   2.800   -112.87886520
   7.0   2.900   -112.87481815
   7.0   3.000   -112.85722950
   7.0   3.100   -112.84717740
   7.0   3.200   -112.83818810

   8.0   1.600   -112.50096690
   8.0   1.700   -112.68604270
   8.0   1.800   -112.79382730
   8.0   1.900   -112.86203570
   8.0   2.000   -112.90209350
   8.0   2.100   -112.92245720
   8.0   2.200   -112.92946880
   8.0   2.300   -112.92789120
   8.0   2.400   -112.92121930
   8.0   2.500   -112.91182360
   8.0   2.600   -112.90127408
   8.0   2.700   -112.89182222
   8.0   2.800   -112.87863600
   8.0   2.900   -112.86753840
   8.0   3.000   -112.83900473
   8.0   3.100   -112.84664160
   8.0   3.200   -112.83708610

   9.0   1.600   -112.50090450
   9.0   1.700   -112.68600950
   9.0   1.800   -112.79379100
   9.0   1.900   -112.86199460
   9.0   2.000   -112.90204500
   9.0   2.100   -112.92239730
   9.0   2.200   -112.92939210
   9.0   2.300   -112.92779140
   9.0   2.400   -112.92109010
   9.0   2.500   -112.91166080
   9.0   2.600   -112.90093320
   9.0   2.700   -112.89095625
   9.0   2.800   -112.87748864
   9.0   2.900   -112.86724430
   9.0   3.000   -112.84499621
   9.0   3.100   -112.84630220
   9.0   3.200   -112.83672690

  10.0   1.600   -112.50085600
  10.0   1.700   -112.68597230
  10.0   1.800   -112.79375060
  10.0   1.900   -112.86195010
  10.0   2.000   -112.90199520
  10.0   2.100   -112.92234050
  10.0   2.200   -112.92932640
  10.0   2.300   -112.92771450
  10.0   2.400   -112.92100020
  10.0   2.500   -112.91155700
  10.0   2.600   -112.90081530
  10.0   2.700   -112.88955980
  10.0   2.800   -112.87822570
  10.0   2.900   -112.86708690
  10.0   3.000   -112.85633870
  10.0   3.100   -112.84612400
  10.0   3.200   -112.83653980

  12.0   1.600   -112.50081270
  12.0   1.700   -112.68593700
  12.0   1.800   -112.79371260
  12.0   1.900   -112.86190850
  12.0   2.000   -112.90194910
  12.0   2.100   -112.92228880
  12.0   2.200   -112.92926780
  12.0   2.300   -112.92764770
  12.0   2.400   -112.92092440
  12.0   2.500   -112.91147180
  12.0   2.600   -112.90072110
  12.0   2.700   -112.88945690
  12.0   2.800   -112.87811460
  12.0   2.900   -112.86696830
  12.0   3.000   -112.85621350
  12.0   3.100   -112.84599300
  12.0   3.200   -112.83640410

  14.0   1.600   -112.50079750
  14.0   1.700   -112.68592490
  14.0   1.800   -112.79369960
  14.0   1.900   -112.86189440
  14.0   2.000   -112.90193360
  14.0   2.100   -112.92227140
  14.0   2.200   -112.92924800
  14.0   2.300   -112.92762500
  14.0   2.400   -112.92089870
  14.0   2.500   -112.91144320
  14.0   2.600   -112.90068970
  14.0   2.700   -112.88942290
  14.0   2.800   -112.87807840
  14.0   2.900   -112.86693000
  14.0   3.000   -112.85617360
  14.0   3.100   -112.84595200
  14.0   3.200   -112.83636260

  16.0   1.600   -112.50079080
  16.0   1.700   -112.68591980
  16.0   1.800   -112.79369420
  16.0   1.900   -112.86188860
  16.0   2.000   -112.90192710
  16.0   2.100   -112.92226400
  16.0   2.200   -112.92923950
  16.0   2.300   -112.92761530
  16.0   2.400   -112.92088750
  16.0   2.500   -112.91143070
  16.0   2.600   -112.90067600
  16.0   2.700   -112.88940810
  16.0   2.800   -112.87806250
  16.0   2.900   -112.86691330
  16.0   3.000   -112.85615620
  16.0   3.100   -112.84593440
  16.0   3.200   -112.83634530

  18.0   1.600   -112.50078750
  18.0   1.700   -112.68591740
  18.0   1.800   -112.79369160
  18.0   1.900   -112.86188580
  18.0   2.000   -112.90192400
  18.0   2.100   -112.92226050
  18.0   2.200   -112.92923540
  18.0   2.300   -112.92761040
  18.0   2.400   -112.92088190
  18.0   2.500   -112.91142430
  18.0   2.600   -112.90066890
  18.0   2.700   -112.88940040
  18.0   2.800   -112.87805420
  18.0   2.900   -112.86690460
  18.0   3.000   -112.85614730
  18.0   3.100   -112.84592540
  18.0   3.200   -112.83633660

  20.0   1.600   -112.50078580
  20.0   1.700   -112.68591610
  20.0   1.800   -112.79369040
  20.0   1.900   -112.86188440
  20.0   2.000   -112.90192240
  20.0   2.100   -112.92225860
  20.0   2.200   -112.92923310
  20.0   2.300   -112.92760770
  20.0   2.400   -112.92087880
  20.0   2.500   -112.91142080
  20.0   2.600   -112.90066490
  20.0   2.700   -112.88939610
  20.0   2.800   -112.87804950
  20.0   2.900   -112.86689970
  20.0   3.000   -112.85614230
  20.0   3.100   -112.84592040
  20.0   3.200   -112.83633190

21.00    1.60   -112.50078592
21.00    1.70   -112.68591654
21.00    1.80   -112.79369024
21.00    1.90   -112.86188488
21.00    2.00   -112.90192232
21.00    2.10   -112.92225836
21.00    2.20   -112.92923278
21.00    2.30   -112.92760734
21.00    2.40   -112.92087877
21.00    2.50   -112.91142074
21.00    2.60   -112.90066494
21.00    2.70   -112.88939601
21.00    2.80   -112.87804954
21.00    2.90   -112.86690011
21.00    3.00   -112.85614229
21.00    3.10   -112.84592059
21.00    3.20   -112.83633150

22.00    1.60   -112.50074026
22.00    1.70   -112.68588100
22.00    1.80   -112.79366540
22.00    1.90   -112.86187115
22.00    2.00   -112.90191993
22.00    2.10   -112.92226740
22.00    2.20   -112.92925317
22.00    2.30   -112.92763886
22.00    2.40   -112.92092102
22.00    2.50   -112.91147320
22.00    2.60   -112.90072692
22.00    2.70   -112.88946667
22.00    2.80   -112.87812792
22.00    2.90   -112.86698511
22.00    3.00   -112.85623264
22.00    3.10   -112.84601491
22.00    3.20   -112.83642828

23.00    1.60   -112.50069910
23.00    1.70   -112.68584870
23.00    1.80   -112.79364247
23.00    1.90   -112.86185795
23.00    2.00   -112.90191669
23.00    2.10   -112.92227419
23.00    2.20   -112.92926994
23.00    2.30   -112.92766539
23.00    2.40   -112.92095700
23.00    2.50   -112.91151816
23.00    2.60   -112.90078027
23.00    2.70   -112.88952770
23.00    2.80   -112.87819578
23.00    2.90   -112.86705883
23.00    3.00   -112.85631115
23.00    3.10   -112.84609700
23.00    3.20   -112.83651263

24.00    1.60   -112.50066190
24.00    1.70   -112.68581932
24.00    1.80   -112.79362135
24.00    1.90   -112.86184542
24.00    2.00   -112.90191293
24.00    2.10   -112.92227928
24.00    2.20   -112.92928383
24.00    2.30   -112.92768792
24.00    2.40   -112.92098787
24.00    2.50   -112.91155698
24.00    2.60   -112.90082653
24.00    2.70   -112.88958076
24.00    2.80   -112.87825492
24.00    2.90   -112.86712320
24.00    3.00   -112.85637980
24.00    3.10   -112.84616889
24.00    3.20   -112.83658660

25.00    1.60   -112.50062823
25.00    1.70   -112.68579257
25.00    1.80   -112.79360192
25.00    1.90   -112.86183359
25.00    2.00   -112.90190889
25.00    2.10   -112.92228309
25.00    2.20   -112.92929544
25.00    2.30   -112.92770720
25.00    2.40   -112.92101456
25.00    2.50   -112.91159074
25.00    2.60   -112.90086690
25.00    2.70   -112.88962720
25.00    2.80   -112.87830677
25.00    2.90   -112.86717974
25.00    3.00   -112.85644019
25.00    3.10   -112.84623220
25.00    3.20   -112.83665182

26.00    1.60   -112.50059768
26.00    1.70   -112.68576818
26.00    1.80   -112.79358404
26.00    1.90   -112.86182248
26.00    2.00   -112.90190471
26.00    2.10   -112.92228590
26.00    2.20   -112.92930522
26.00    2.30   -112.92772380
26.00    2.40   -112.92103778
26.00    2.50   -112.91162027
26.00    2.60   -112.90090234
26.00    2.70   -112.88966807
26.00    2.80   -112.87835250
26.00    2.90   -112.86722967
26.00    3.00   -112.85649359
26.00    3.10   -112.84628825
26.00    3.20   -112.83670963

27.00    1.60   -112.50056990
27.00    1.70   -112.68574590
27.00    1.80   -112.79356758
27.00    1.90   -112.86181208
27.00    2.00   -112.90190050
27.00    2.10   -112.92228795
27.00    2.20   -112.92931349
27.00    2.30   -112.92773820
27.00    2.40   -112.92105811
27.00    2.50   -112.91164624
27.00    2.60   -112.90093362
27.00    2.70   -112.88970422
27.00    2.80   -112.87839302
27.00    2.90   -112.86727398
27.00    3.00   -112.85654104
27.00    3.10   -112.84633811
27.00    3.20   -112.83676110

28.00    1.60   -112.50054458
28.00    1.70   -112.68572551
28.00    1.80   -112.79355242
28.00    1.90   -112.86180235
28.00    2.00   -112.90189634
28.00    2.10   -112.92228940
28.00    2.20   -112.92932054
28.00    2.30   -112.92775075
28.00    2.40   -112.92107599
28.00    2.50   -112.91166921
28.00    2.60   -112.90096136
28.00    2.70   -112.88973636
28.00    2.80   -112.87842910
28.00    2.90   -112.86731349
28.00    3.00   -112.85658339
28.00    3.10   -112.84638266
28.00    3.20   -112.83680714

29.00    1.60   -112.50052145
29.00    1.70   -112.68570683
29.00    1.80   -112.79353844
29.00    1.90   -112.86179327
29.00    2.00   -112.90189227
29.00    2.10   -112.92229040
29.00    2.20   -112.92932659
29.00    2.30   -112.92776175
29.00    2.40   -112.92109180
29.00    2.50   -112.91168962
29.00    2.60   -112.90098609
29.00    2.70   -112.88976506
29.00    2.80   -112.87846137
29.00    2.90   -112.86734887
29.00    3.00   -112.85662136
29.00    3.10   -112.84642263
29.00    3.20   -112.83684848

30.00    1.60   -112.50050027
30.00    1.70   -112.68568967
30.00    1.80   -112.79352554
30.00    1.90   -112.86178479
30.00    2.00   -112.90188833
30.00    2.10   -112.92229104
30.00    2.20   -112.92933179
30.00    2.30   -112.92777145
30.00    2.40   -112.92110585
30.00    2.50   -112.91170783
30.00    2.60   -112.90100821
30.00    2.70   -112.88979079
30.00    2.80   -112.87849035
30.00    2.90   -112.86738067
30.00    3.00   -112.85665552
30.00    3.10   -112.84645863
30.00    3.20   -112.83688574

31.00    1.60   -112.50048084
31.00    1.70   -112.68567389
31.00    1.80   -112.79351361
31.00    1.90   -112.86177688
31.00    2.00   -112.90188453
31.00    2.10   -112.92229140
31.00    2.20   -112.92933630
31.00    2.30   -112.92778003
31.00    2.40   -112.92111839
31.00    2.50   -112.91172416
31.00    2.60   -112.90102809
31.00    2.70   -112.88981395
31.00    2.80   -112.87851647
31.00    2.90   -112.86740937
31.00    3.00   -112.85668637
31.00    3.10   -112.84649117
31.00    3.20   -112.83691945

32.00    1.60   -112.50046298
32.00    1.70   -112.68565934
32.00    1.80   -112.79350258
32.00    1.90   -112.86176950
32.00    2.00   -112.90188089
32.00    2.10   -112.92229154
32.00    2.20   -112.92934021
32.00    2.30   -112.92778766
32.00    2.40   -112.92112963
32.00    2.50   -112.91173884
32.00    2.60   -112.90104602
32.00    2.70   -112.88983487
32.00    2.80   -112.87854009
32.00    2.90   -112.86743535
32.00    3.00   -112.85671433
32.00    3.10   -112.84652067
32.00    3.20   -112.83695003

33.00    1.60   -112.50044652
33.00    1.70   -112.68564590
33.00    1.80   -112.79349234
33.00    1.90   -112.86176260
33.00    2.00   -112.90187741
33.00    2.10   -112.92229152
33.00    2.20   -112.92934363
33.00    2.30   -112.92779447
33.00    2.40   -112.92113973
33.00    2.50   -112.91175210
33.00    2.60   -112.90106224
33.00    2.70   -112.88985384
33.00    2.80   -112.87856152
33.00    2.90   -112.86745895
33.00    3.00   -112.85673974
33.00    3.10   -112.84654751
33.00    3.20   -112.83697787

34.00    1.60   -112.50043133
34.00    1.70   -112.68563348
34.00    1.80   -112.79348285
34.00    1.90   -112.86175615
34.00    2.00   -112.90187410
34.00    2.10   -112.92229136
34.00    2.20   -112.92934663
34.00    2.30   -112.92780058
34.00    2.40   -112.92114885
34.00    2.50   -112.91176410
34.00    2.60   -112.90107697
34.00    2.70   -112.88987108
34.00    2.80   -112.87858103
34.00    2.90   -112.86748045
34.00    3.00   -112.85676291
34.00    3.10   -112.84657200
34.00    3.20   -112.83700329

35.00    1.60   -112.50041728
35.00    1.70   -112.68562196
35.00    1.80   -112.79347402
35.00    1.90   -112.86175013
35.00    2.00   -112.90187094
35.00    2.10   -112.92229110
35.00    2.20   -112.92934927
35.00    2.30   -112.92780607
35.00    2.40   -112.92115711
35.00    2.50   -112.91177502
35.00    2.60   -112.90109038
35.00    2.70   -112.88988680
35.00    2.80   -112.87859885
35.00    2.90   -112.86750009
35.00    3.00   -112.85678409
35.00    3.10   -112.84659440
35.00    3.20   -112.83702655

36.00    1.60   -112.50040426
36.00    1.70   -112.68561128
36.00    1.80   -112.79346581
36.00    1.90   -112.86174449
36.00    2.00   -112.90186793
36.00    2.10   -112.92229077
36.00    2.20   -112.92935160
36.00    2.30   -112.92781102
36.00    2.40   -112.92116461
36.00    2.50   -112.91178496
36.00    2.60   -112.90110263
36.00    2.70   -112.88990118
36.00    2.80   -112.87861515
36.00    2.90   -112.86751808
36.00    3.00   -112.85680351
36.00    3.10   -112.84661495
36.00    3.20   -112.83704790

37.00    1.60   -112.50039218
37.00    1.70   -112.68560135
37.00    1.80   -112.79345816
37.00    1.90   -112.86173920
37.00    2.00   -112.90186508
37.00    2.10   -112.92229038
37.00    2.20   -112.92935366
37.00    2.30   -112.92781550
37.00    2.40   -112.92117145
37.00    2.50   -112.91179405
37.00    2.60   -112.90111384
37.00    2.70   -112.88991436
37.00    2.80   -112.87863011
37.00    2.90   -112.86753461
37.00    3.00   -112.85682135
37.00    3.10   -112.84663384
37.00    3.20   -112.83706754

38.00    1.60   -112.50038095
38.00    1.70   -112.68559210
38.00    1.80   -112.79345101
38.00    1.90   -112.86173425
38.00    2.00   -112.90186237
38.00    2.10   -112.92228994
38.00    2.20   -112.92935550
38.00    2.30   -112.92781957
38.00    2.40   -112.92117769
38.00    2.50   -112.91180238
38.00    2.60   -112.90112414
38.00    2.70   -112.88992647
38.00    2.80   -112.87864387
38.00    2.90   -112.86754982
38.00    3.00   -112.85683779
38.00    3.10   -112.84665124
38.00    3.20   -112.83708565

39.00    1.60   -112.50037049
39.00    1.70   -112.68558348
39.00    1.80   -112.79344433
39.00    1.90   -112.86172960
39.00    2.00   -112.90185980
39.00    2.10   -112.92228948
39.00    2.20   -112.92935713
39.00    2.30   -112.92782327
39.00    2.40   -112.92118341
39.00    2.50   -112.91181002
39.00    2.60   -112.90113361
39.00    2.70   -112.88993763
39.00    2.80   -112.87865656
39.00    2.90   -112.86756385
39.00    3.00   -112.85685296
39.00    3.10   -112.84666732
39.00    3.20   -112.83710238

40.00    1.60   -112.50036074
40.00    1.70   -112.68557543
40.00    1.80   -112.79343809
40.00    1.90   -112.86172523
40.00    2.00   -112.90185736
40.00    2.10   -112.92228899
40.00    2.20   -112.92935859
40.00    2.30   -112.92782666
40.00    2.40   -112.92118866
40.00    2.50   -112.91181707
40.00    2.60   -112.90114234
40.00    2.70   -112.88994793
40.00    2.80   -112.87866828
40.00    2.90   -112.86757682
40.00    3.00   -112.85686699
40.00    3.10   -112.84668220
40.00    3.20   -112.83711787

41.00    1.60   -112.50035163
41.00    1.70   -112.68556790
41.00    1.80   -112.79343223
41.00    1.90   -112.86172112
41.00    2.00   -112.90185505
41.00    2.10   -112.92228849
41.00    2.20   -112.92935990
41.00    2.30   -112.92782975
41.00    2.40   -112.92119349
41.00    2.50   -112.91182356
41.00    2.60   -112.90115041
41.00    2.70   -112.88995746
41.00    2.80   -112.87867913
41.00    2.90   -112.86758884
41.00    3.00   -112.85688000
41.00    3.10   -112.84669600
41.00    3.20   -112.83713224

42.00    1.60   -112.50034310
42.00    1.70   -112.68556085
42.00    1.80   -112.79342674
42.00    1.90   -112.86171726
42.00    2.00   -112.90185285
42.00    2.10   -112.92228797
42.00    2.20   -112.92936107
42.00    2.30   -112.92783259
42.00    2.40   -112.92119795
42.00    2.50   -112.91182957
42.00    2.60   -112.90115788
42.00    2.70   -112.88996629
42.00    2.80   -112.87868920
42.00    2.90   -112.86759999
42.00    3.00   -112.85689207
42.00    3.10   -112.84670881
42.00    3.20   -112.83714559

43.00    1.60   -112.50033512
43.00    1.70   -112.68555424
43.00    1.80   -112.79342159
43.00    1.90   -112.86171362
43.00    2.00   -112.90185076
43.00    2.10   -112.92228746
43.00    2.20   -112.92936213
43.00    2.30   -112.92783520
43.00    2.40   -112.92120206
43.00    2.50   -112.91183514
43.00    2.60   -112.90116482
43.00    2.70   -112.88997450
43.00    2.80   -112.87869855
43.00    2.90   -112.86761037
43.00    3.00   -112.85690331
43.00    3.10   -112.84672074
43.00    3.20   -112.83715802

44.00    1.60   -112.50032764
44.00    1.70   -112.68554803
44.00    1.80   -112.79341674
44.00    1.90   -112.86171018
44.00    2.00   -112.90184878
44.00    2.10   -112.92228695
44.00    2.20   -112.92936309
44.00    2.30   -112.92783760
44.00    2.40   -112.92120588
44.00    2.50   -112.91184031
44.00    2.60   -112.90117126
44.00    2.70   -112.88998213
44.00    2.80   -112.87870726
44.00    2.90   -112.86762003
44.00    3.00   -112.85691378
44.00    3.10   -112.84673186
44.00    3.20   -112.83716961

45.00    1.60   -112.50032061
45.00    1.70   -112.68554220
45.00    1.80   -112.79341218
45.00    1.90   -112.86170694
45.00    2.00   -112.90184690
45.00    2.10   -112.92228644
45.00    2.20   -112.92936395
45.00    2.30   -112.92783982
45.00    2.40   -112.92120941
45.00    2.50   -112.91184511
45.00    2.60   -112.90117727
45.00    2.70   -112.88998924
45.00    2.80   -112.87871538
45.00    2.90   -112.86762904
45.00    3.00   -112.85692355
45.00    3.10   -112.84674224
45.00    3.20   -112.83718044

46.00    1.60   -112.50031400
46.00    1.70   -112.68553671
46.00    1.80   -112.79340787
46.00    1.90   -112.86170388
46.00    2.00   -112.90184511
46.00    2.10   -112.92228593
46.00    2.20   -112.92936473
46.00    2.30   -112.92784187
46.00    2.40   -112.92121270
46.00    2.50   -112.91184959
46.00    2.60   -112.90118286
46.00    2.70   -112.88999588
46.00    2.80   -112.87872297
46.00    2.90   -112.86763747
46.00    3.00   -112.85693269
46.00    3.10   -112.84675195
46.00    3.20   -112.83719057

47.00    1.60   -112.50030778
47.00    1.70   -112.68553154
47.00    1.80   -112.79340382
47.00    1.90   -112.86170098
47.00    2.00   -112.90184340
47.00    2.10   -112.92228544
47.00    2.20   -112.92936544
47.00    2.30   -112.92784377
47.00    2.40   -112.92121576
47.00    2.50   -112.91185376
47.00    2.60   -112.90118809
47.00    2.70   -112.89000209
47.00    2.80   -112.87873007
47.00    2.90   -112.86764535
47.00    3.00   -112.85694124
47.00    3.10   -112.84676104
47.00    3.20   -112.83720006

48.00    1.60   -112.50030191
48.00    1.70   -112.68552666
48.00    1.80   -112.79339999
48.00    1.90   -112.86169824
48.00    2.00   -112.90184178
48.00    2.10   -112.92228495
48.00    2.20   -112.92936609
48.00    2.30   -112.92784554
48.00    2.40   -112.92121862
48.00    2.50   -112.91185766
48.00    2.60   -112.90119298
48.00    2.70   -112.89000790
48.00    2.80   -112.87873672
48.00    2.90   -112.86765274
48.00    3.00   -112.85694926
48.00    3.10   -112.84676957
48.00    3.20   -112.83720896

49.00    1.60   -112.50029638
49.00    1.70   -112.68552206
49.00    1.80   -112.79339636
49.00    1.90   -112.86169565
49.00    2.00   -112.90184024
49.00    2.10   -112.92228447
49.00    2.20   -112.92936668
49.00    2.30   -112.92784718
49.00    2.40   -112.92122129
49.00    2.50   -112.91186131
49.00    2.60   -112.90119757
49.00    2.70   -112.89001335
49.00    2.80   -112.87874295
49.00    2.90   -112.86765967
49.00    3.00   -112.85695679
49.00    3.10   -112.84677758
49.00    3.20   -112.83721733

50.00    1.60   -112.50029115
50.00    1.70   -112.68551770
50.00    1.80   -112.79339294
50.00    1.90   -112.86169318
50.00    2.00   -112.90183877
50.00    2.10   -112.92228401
50.00    2.20   -112.92936722
50.00    2.30   -112.92784871
50.00    2.40   -112.92122378
50.00    2.50   -112.91186474
50.00    2.60   -112.90120187
50.00    2.70   -112.89001847
50.00    2.80   -112.87874881
50.00    2.90   -112.86766619
50.00    3.00   -112.85696386
50.00    3.10   -112.84678511
50.00    3.20   -112.83722519

