   0.6   1.600   -110.93706110
   0.6   1.700   -111.32130290
   0.6   1.800   -111.61407610
   0.6   1.900   -111.84892510
   0.6   2.000   -112.04294420
   0.6   2.100   -112.22439710
   0.6   2.200   -112.33270320
   0.6   2.300   -112.44201380
   0.6   2.400   -112.52726440
   0.6   2.500   -112.60640220
   0.6   2.600   -112.67409050
   0.6   2.700   -112.73160960
   0.6   2.800   -112.78123400
   0.6   2.900   -112.82102400
   0.6   3.000   -112.85400260
   0.6   3.100   -112.88103070
   0.6   3.200   -112.90394990

   1.0   1.600   -111.78879970
   1.0   1.700   -112.01194740
   1.0   1.800   -112.15857910
   1.0   1.900   -112.30952850
   1.0   2.000   -112.42733610
   1.0   2.100   -112.52303130
   1.0   2.200   -112.58901720
   1.0   2.300   -112.64842710
   1.0   2.400   -112.69266180
   1.0   2.500   -112.73595530
   1.0   2.600   -112.77320000
   1.0   2.700   -112.80633760
   1.0   2.800   -112.83793630
   1.0   2.900   -112.86476120
   1.0   3.000   -112.88752550
   1.0   3.100   -112.90624340
   1.0   3.200   -112.92229160

   1.4   1.600   -112.40381860
   1.4   1.700   -112.56008620
   1.4   1.800   -112.64639700
   1.4   1.900   -112.72258080
   1.4   2.000   -112.77597470
   1.4   2.100   -112.89598060
   1.4   2.200   -112.84171360
   1.4   2.300   -112.86145840
   1.4   2.400   -112.87867960
   1.4   2.500   -112.89326560
   1.4   2.600   -112.90646910
   1.4   2.700   -112.91834220
   1.4   2.800   -112.92972810
   1.4   2.900   -112.95437560
   1.4   3.000   -112.95808500
   1.4   3.100   -112.95673220
   1.4   3.200   -112.96217560

   1.6   1.600   -112.57148846
   1.6   1.700   -112.72466277
   1.6   1.800   -112.83287560
   1.6   1.900   -112.88564522
   1.6   2.000   -112.92266225
   1.6   2.100   -113.03118840
   1.6   2.200   -112.95959634
   1.6   2.300   -112.96267402
   1.6   2.400   -112.97178629
   1.6   2.500   -112.97502587
   1.6   2.600   -112.97730696
   1.6   2.700   -112.97902830
   1.6   2.800   -112.98138768
   1.6   2.900   -112.98738760
   1.6   3.000   -112.98817167
   1.6   3.100   -112.98720169
   1.6   3.200   -112.98741017

   1.8   1.600   -112.67846570
   1.8   1.700   -112.83032890
   1.8   1.800   -112.92880540
   1.8   1.900   -112.98393180
   1.8   2.000   -113.01898220
   1.8   2.100   -113.08176395
   1.8   2.200   -113.04745920
   1.8   2.300   -113.04687920
   1.8   2.400   -113.04441860
   1.8   2.500   -113.03921640
   1.8   2.600   -113.03362980
   1.8   2.700   -113.02795920
   1.8   2.800   -113.02367520
   1.8   2.900   -113.02057780
   1.8   3.000   -113.01735250
   1.8   3.100   -113.01373960
   1.8   3.200   -113.00995110

   2.0   1.600   -112.73862290
   2.0   1.700   -112.89192090
   2.0   1.800   -112.98041390
   2.0   1.900   -113.04193810
   2.0   2.000   -113.07883330
   2.0   2.100   -113.09339840
   2.0   2.200   -113.10537680
   2.0   2.300   -113.10394950
   2.0   2.400   -113.09494850
   2.0   2.500   -113.08465310
   2.0   2.600   -113.07411710
   2.0   2.700   -113.06359900
   2.0   2.800   -113.05473140
   2.0   2.900   -113.04749000
   2.0   3.000   -113.04063520
   2.0   3.100   -113.03388180
   2.0   3.200   -113.02736420

   2.1   1.600   -112.75594690
   2.1   1.700   -112.91001200
   2.1   1.800   -113.00175070
   2.1   1.900   -113.06261450
   2.1   2.000   -113.09906590
   2.1   2.100   -113.09889120
   2.1   2.200   -113.12363290
   2.1   2.300   -113.12057790
   2.1   2.400   -113.11171440
   2.1   2.500   -113.10017300
   2.1   2.600   -113.08814750
   2.1   2.700   -113.07606220
   2.1   2.800   -113.06556440
   2.1   2.900   -113.05681790
   2.1   3.000   -113.04868030
   2.1   3.100   -113.04085970
   2.1   3.200   -113.03345050

   2.2   1.600   -112.76897700
   2.2   1.700   -112.92068640
   2.2   1.800   -113.01757150
   2.2   1.900   -113.07791830
   2.2   2.000   -113.11371080
   2.2   2.100   -113.10909540
   2.2   2.200   -113.13704490
   2.2   2.300   -113.13356420
   2.2   2.400   -113.12399820
   2.2   2.500   -113.11167800
   2.2   2.600   -113.09852420
   2.2   2.700   -113.08526150
   2.2   2.800   -113.07346840
   2.2   2.900   -113.06352230
   2.2   3.000   -113.05437580
   2.2   3.100   -113.04575710
   2.2   3.200   -113.03771590

   2.3   1.600   -112.77907100
   2.3   1.700   -112.93161390
   2.3   1.800   -113.02922430
   2.3   1.900   -113.08919270
   2.3   2.000   -113.12442700
   2.3   2.100   -113.11827400
   2.3   2.200   -113.14665890
   2.3   2.300   -113.14271270
   2.3   2.400   -113.13269990
   2.3   2.500   -113.11976420
   2.3   2.600   -113.10578650
   2.3   2.700   -113.09161440
   2.3   2.800   -113.07876750
   2.3   2.900   -113.06783930
   2.3   3.000   -113.05789990
   2.3   3.100   -113.04868730
   2.3   3.200   -113.04021900

   2.4   1.600   -112.78634340
   2.4   1.700   -112.93972730
   2.4   1.800   -113.03770310
   2.4   1.900   -113.09733210
   2.4   2.000   -113.13210620
   2.4   2.100   -113.12566670
   2.4   2.200   -113.15327540
   2.4   2.300   -113.14894450
   2.4   2.400   -113.13852260
   2.4   2.500   -113.12510920
   2.4   2.600   -113.11046910
   2.4   2.700   -113.09556600
   2.4   2.800   -113.08184800
   2.4   2.900   -113.07009780
   2.4   3.000   -113.05949200
   2.4   3.100   -113.04982310
   2.4   3.200   -113.04107840

   2.5   1.600   -112.79122610
   2.5   1.700   -112.94536660
   2.5   1.800   -113.04373350
   2.5   1.900   -113.10312920
   2.5   2.000   -113.13739940
   2.5   2.100   -113.13137600
   2.5   2.200   -113.15758920
   2.5   2.300   -113.15288010
   2.5   2.400   -113.14207510
   2.5   2.500   -113.12826050
   2.5   2.600   -113.11305340
   2.5   2.700   -113.09752950
   2.5   2.800   -113.08307800
   2.5   2.900   -113.07058810
   2.5   3.000   -113.05940190
   2.5   3.100   -113.04938240
   2.5   3.200   -113.04045580

   2.6   1.600   -112.79444430
   2.6   1.700   -112.94912580
   2.6   1.800   -113.04790540
   2.6   1.900   -113.10713320
   2.6   2.000   -113.14089340
   2.6   2.100   -113.13555290
   2.6   2.200   -113.16011500
   2.6   2.300   -113.15504360
   2.6   2.400   -113.14384510
   2.6   2.500   -113.12966810
   2.6   2.600   -113.11395660
   2.6   2.700   -113.09793580
   2.6   2.800   -113.08279830
   2.6   2.900   -113.06965960
   2.6   3.000   -113.05794010
   2.6   3.100   -113.04757600
   2.6   3.200   -113.03851790

   2.7   1.600   -112.79694490
   2.7   1.700   -112.95148870
   2.7   1.800   -113.05052540
   2.7   1.900   -113.10979430
   2.7   2.000   -113.14300080
   2.7   2.100   -113.13873530
   2.7   2.200   -113.16124410
   2.7   2.300   -113.15582420
   2.7   2.400   -113.14422910
   2.7   2.500   -113.12970740
   2.7   2.600   -113.11358490
   2.7   2.700   -113.09705420
   2.7   2.800   -113.08131770
   2.7   2.900   -113.06758400
   2.7   3.000   -113.05535200
   2.7   3.100   -113.04466810
   2.7   3.200   -113.03549660

   2.8   1.600   -112.79755640
   2.8   1.700   -112.95277050
   2.8   1.800   -113.05208640
   2.8   1.900   -113.11140860
   2.8   2.000   -113.14405190
   2.8   2.100   -113.14065130
   2.8   2.200   -113.16151590
   2.8   2.300   -113.15551930
   2.8   2.400   -113.14355040
   2.8   2.500   -113.12868830
   2.8   2.600   -113.11215520
   2.8   2.700   -113.09519440
   2.8   2.800   -113.07891340
   2.8   2.900   -113.06461350
   2.8   3.000   -113.05187560
   2.8   3.100   -113.04086610
   2.8   3.200   -113.03157490

   2.9   1.600   -112.79739650
   2.9   1.700   -112.95322390
   2.9   1.800   -113.05287620
   2.9   1.900   -113.11220410
   2.9   2.000   -113.14436320
   2.9   2.100   -113.14187790
   2.9   2.200   -113.16078130
   2.9   2.300   -113.15455500
   2.9   2.400   -113.14207870
   2.9   2.500   -113.12685320
   2.9   2.600   -113.10993980
   2.9   2.700   -113.09256770
   2.9   2.800   -113.07576970
   2.9   2.900   -113.06094290
   2.9   3.000   -113.04772430
   2.9   3.100   -113.03638470
   2.9   3.200   -113.02695580

   3.0   1.600   -112.79662040
   3.0   1.700   -112.95304970
   3.0   1.800   -113.05309380
   3.0   1.900   -113.11248720
   3.0   2.000   -113.14420990
   3.0   2.100   -113.14264010
   3.0   2.200   -113.15954850
   3.0   2.300   -113.15283940
   3.0   2.400   -113.13993890
   3.0   2.500   -113.12443680
   3.0   2.600   -113.10717240
   3.0   2.700   -113.08923690
   3.0   2.800   -113.07211220
   3.0   2.900   -113.05677220
   3.0   3.000   -113.04309920
   3.0   3.100   -113.03141960
   3.0   3.200   -113.02181750

   3.1   1.600   -112.79538510
   3.1   1.700   -112.95241080
   3.1   1.800   -113.05287200
   3.1   1.900   -113.11244060
   3.1   2.000   -113.14384830
   3.1   2.100   -113.14298360
   3.1   2.200   -113.15800320
   3.1   2.300   -113.15081630
   3.1   2.400   -113.13755670
   3.1   2.500   -113.12160640
   3.1   2.600   -113.10400650
   3.1   2.700   -113.08564510
   3.1   2.800   -113.06806300
   3.1   2.900   -113.05226820
   3.1   3.000   -113.03815950
   3.1   3.100   -113.02613450
   3.1   3.200   -113.01632240

   3.2   1.600   -112.79383060
   3.2   1.700   -112.95141260
   3.2   1.800   -113.05233060
   3.2   1.900   -113.11216430
   3.2   2.000   -113.14341190
   3.2   2.100   -113.14327710
   3.2   2.200   -113.15630070
   3.2   2.300   -113.14857740
   3.2   2.400   -113.13489690
   3.2   2.500   -113.11849960
   3.2   2.600   -113.10048740
   3.2   2.700   -113.08173130
   3.2   2.800   -113.06375480
   3.2   2.900   -113.04753950
   3.2   3.000   -113.03302490
   3.2   3.100   -113.02065930
   3.2   3.200   -113.01061220

   3.3   1.600   -112.79207920
   3.3   1.700   -112.95015640
   3.3   1.800   -113.05153690
   3.3   1.900   -113.11169710
   3.3   2.000   -113.14296400
   3.3   2.100   -113.14359510
   3.3   2.200   -113.15464290
   3.3   2.300   -113.14629310
   3.3   2.400   -113.13209120
   3.3   2.500   -113.11526350
   3.3   2.600   -113.09676550
   3.3   2.700   -113.07764250
   3.3   2.800   -113.05928520
   3.3   2.900   -113.04266810
   3.3   3.000   -113.02778080
   3.3   3.100   -113.01510360
   3.3   3.200   -113.00481010

   3.4   1.600   -112.79023490
   3.4   1.700   -112.94873330
   3.4   1.800   -113.05052840
   3.4   1.900   -113.11109020
   3.4   2.000   -113.14248200
   3.4   2.100   -113.14401230
   3.4   2.200   -113.15319470
   3.4   2.300   -113.14412640
   3.4   2.400   -113.12933360
   3.4   2.500   -113.11196720
   3.4   2.600   -113.09300150
   3.4   2.700   -113.07350130
   3.4   2.800   -113.05475010
   3.4   2.900   -113.03773360
   3.4   3.000   -113.02250930
   3.4   3.100   -113.00955060
   3.4   3.200   -112.99901130

   3.5   1.600   -112.78836660
   3.5   1.700   -112.94721850
   3.5   1.800   -113.04936100
   3.5   1.900   -113.11032380
   3.5   2.000   -113.14196190
   3.5   2.100   -113.14447670
   3.5   2.200   -113.15205250
   3.5   2.300   -113.14223560
   3.5   2.400   -113.12677500
   3.5   2.500   -113.10880850
   3.5   2.600   -113.08933050
   3.5   2.700   -113.06934340
   3.5   2.800   -113.05018290
   3.5   2.900   -113.03280010
   3.5   3.000   -113.01725640
   3.5   3.100   -113.00405570
   3.5   3.200   -112.99330060

   3.6   1.600   -112.78653930
   3.6   1.700   -112.94571360
   3.6   1.800   -113.04809480
   3.6   1.900   -113.10941610
   3.6   2.000   -113.14137590
   3.6   2.100   -113.14487900
   3.6   2.200   -113.15121600
   3.6   2.300   -113.14072380
   3.6   2.400   -113.12455650
   3.6   2.500   -113.10592880
   3.6   2.600   -113.08586480
   3.6   2.700   -113.06532160
   3.6   2.800   -113.04569310
   3.6   2.900   -113.02787640
   3.6   3.000   -113.01204540
   3.6   3.100   -112.99865260
   3.6   3.200   -112.98770400

   3.7   1.600   -112.78486210
   3.7   1.700   -112.94414170
   3.7   1.800   -113.04678720
   3.7   1.900   -113.10841640
   3.7   2.000   -113.14069550
   3.7   2.100   -113.14531990
   3.7   2.200   -113.15059810
   3.7   2.300   -113.13959930
   3.7   2.400   -113.12277030
   3.7   2.500   -113.10345440
   3.7   2.600   -113.08274010
   3.7   2.700   -113.06155960
   3.7   2.800   -113.04129290
   3.7   2.900   -113.02302280
   3.7   3.000   -113.00686290
   3.7   3.100   -112.99330510
   3.7   3.200   -112.98224570

   3.8   1.600   -112.78330540
   3.8   1.700   -112.94272440
   3.8   1.800   -113.04551830
   3.8   1.900   -113.10738820
   3.8   2.000   -113.13994090
   3.8   2.100   -113.14563690
   3.8   2.200   -113.15004600
   3.8   2.300   -113.13879100
   3.8   2.400   -113.12142680
   3.8   2.500   -113.10146190
   3.8   2.600   -113.08007840
   3.8   2.700   -113.05819080
   3.8   2.800   -113.03721260
   3.8   2.900   -113.01829900
   3.8   3.000   -113.00174190
   3.8   3.100   -112.98801360
   3.8   3.200   -112.97686460

   3.9   1.600   -112.78187940
   3.9   1.700   -112.94142030
   3.9   1.800   -113.04432600
   3.9   1.900   -113.10637470
   3.9   2.000   -113.13914780
   3.9   2.100   -113.14583490
   3.9   2.200   -113.14956740
   3.9   2.300   -113.13812830
   3.9   2.400   -113.12044860
   3.9   2.500   -113.09994540
   3.9   2.600   -113.07794660
   3.9   2.700   -113.05534530
   3.9   2.800   -113.03354400
   3.9   2.900   -113.01381410
   3.9   3.000   -112.99671390
   3.9   3.100   -112.98275730
   3.9   3.200   -112.97153310

   4.0   1.600   -112.78057920
   4.0   1.700   -112.94020940
   4.0   1.800   -113.04321000
   4.0   1.900   -113.10539600
   4.0   2.000   -113.13834960
   4.0   2.100   -113.14590660
   4.0   2.200   -113.14906920
   4.0   2.300   -113.13762440
   4.0   2.400   -113.11974880
   4.0   2.500   -113.09881960
   4.0   2.600   -113.07631820
   4.0   2.700   -113.05309770
   4.0   2.800   -113.03043880
   4.0   2.900   -113.00971580
   4.0   3.000   -112.99180480
   4.0   3.100   -112.97752770
   4.0   3.200   -112.96737710

   4.1   1.600   -112.77940090
   4.1   1.700   -112.93910510
   4.1   1.800   -113.04218230
   4.1   1.900   -113.10446520
   4.1   2.000   -113.13757370
   4.1   2.100   -113.14590320
   4.1   2.200   -113.14855020
   4.1   2.300   -113.13715560
   4.1   2.400   -113.11913590
   4.1   2.500   -113.09799230
   4.1   2.600   -113.07509080
   4.1   2.700   -113.05140590
   4.1   2.800   -113.02802050
   4.1   2.900   -113.00614570
   4.1   3.000   -112.98716970
   4.1   3.100   -112.97401450
   4.1   3.200   -112.96500480

   4.2   1.600   -112.77833830
   4.2   1.700   -112.93810110
   4.2   1.800   -113.04124860
   4.2   1.900   -113.10361810
   4.2   2.000   -113.13683890
   4.2   2.100   -113.14582130
   4.2   2.200   -113.14802300
   4.2   2.300   -113.13669420
   4.2   2.400   -113.11867960
   4.2   2.500   -113.09732110
   4.2   2.600   -113.07415390
   4.2   2.700   -113.05013210
   4.2   2.800   -113.02628710
   4.2   2.900   -113.00331110
   4.2   3.000   -112.98290560
   4.2   3.100   -112.97219420
   4.2   3.200   -112.96294720

   4.4   1.600   -112.77651290
   4.4   1.700   -112.93636480
   4.4   1.800   -113.03962150
   4.4   1.900   -113.10212690
   4.4   2.000   -113.13551480
   4.4   2.100   -113.14559190
   4.4   2.200   -113.14699960
   4.4   2.300   -113.13579000
   4.4   2.400   -113.11787630
   4.4   2.500   -113.09633730
   4.4   2.600   -113.07277550
   4.4   2.700   -113.04834770
   4.4   2.800   -113.02402180
   4.4   2.900   -113.00030490
   4.4   3.000   -112.97908770
   4.4   3.100   -112.96990387
   4.4   3.200   -112.95978980

   4.6   1.600   -112.77502210
   4.6   1.700   -112.93493980
   4.6   1.800   -113.03827900
   4.6   1.900   -113.10088290
   4.6   2.000   -113.13439680
   4.6   2.100   -113.14537630
   4.6   2.200   -113.14608400
   4.6   2.300   -113.13495380
   4.6   2.400   -113.11715450
   4.6   2.500   -113.09557240
   4.6   2.600   -113.07184930
   4.6   2.700   -113.04717500
   4.6   2.800   -113.02254600
   4.6   2.900   -112.99866310
   4.6   3.000   -112.97800080
   4.6   3.100   -112.96859695
   4.6   3.200   -112.95790623

   4.8   1.600   -112.77379260
   4.8   1.700   -112.93374040
   4.8   1.800   -113.03716500
   4.8   1.900   -113.09984870
   4.8   2.000   -113.13346050
   4.8   2.100   -113.14504890
   4.8   2.200   -113.14529620
   4.8   2.300   -113.13422500
   4.8   2.400   -113.11651800
   4.8   2.500   -113.09492940
   4.8   2.600   -113.07113660
   4.8   2.700   -113.04634790
   4.8   2.800   -113.02154190
   4.8   2.900   -112.99743160
   4.8   3.000   -112.97854520
   4.8   3.100   -112.96815816
   4.8   3.200   -112.95705541

   5.0   1.600   -112.77276100
   5.0   1.700   -112.93274800
   5.0   1.800   -113.03622510
   5.0   1.900   -113.09897650
   5.0   2.000   -113.13266780
   5.0   2.100   -113.14472690
   5.0   2.200   -113.14462680
   5.0   2.300   -113.13360070
   5.0   2.400   -113.11597090
   5.0   2.500   -113.09438710
   5.0   2.600   -113.07055930
   5.0   2.700   -113.04571840
   5.0   2.800   -113.02081280
   5.0   2.900   -112.99654230
   5.0   3.000   -112.98015350
   5.0   3.100   -112.96847220
   5.0   3.200   -112.95703324

   5.2   1.600   -112.77391090
   5.2   1.700   -112.93190760
   5.2   1.800   -113.03542080
   5.2   1.900   -113.09823320
   5.2   2.000   -113.13199650
   5.2   2.100   -113.14441200
   5.2   2.200   -113.14406090
   5.2   2.300   -113.13306890
   5.2   2.400   -113.11550670
   5.2   2.500   -113.09394560
   5.2   2.600   -113.07009930
   5.2   2.700   -113.04522360
   5.2   2.800   -113.02025560
   5.2   2.900   -112.99587250
   5.2   3.000   -112.98179960
   5.2   3.100   -112.96942380
   5.2   3.200   -112.95763560

   5.4   1.600   -112.77622160
   5.4   1.700   -112.93152870
   5.4   1.800   -113.03472360
   5.4   1.900   -113.09758840
   5.4   2.000   -113.13141430
   5.4   2.100   -113.14410540
   5.4   2.200   -113.14357670
   5.4   2.300   -113.13262290
   5.4   2.400   -113.11513120
   5.4   2.500   -113.09357330
   5.4   2.600   -113.06971810
   5.4   2.700   -113.04482500
   5.4   2.800   -113.01981700
   5.4   2.900   -112.99591590
   5.4   3.000   -112.98321920
   5.4   3.100   -112.97076330
   5.4   3.200   -112.95865840

   5.6   1.600   -112.77793740
   5.6   1.700   -112.93324110
   5.6   1.800   -113.03411210
   5.6   1.900   -113.09702840
   5.6   2.000   -113.13090830
   5.6   2.100   -113.14379600
   5.6   2.200   -113.14315430
   5.6   2.300   -113.13223060
   5.6   2.400   -113.11479180
   5.6   2.500   -113.09324470
   5.6   2.600   -113.06938790
   5.6   2.700   -113.04448780
   5.6   2.800   -113.01945810
   5.6   2.900   -112.99702610
   5.6   3.000   -112.98434850
   5.6   3.100   -112.97188710
   5.6   3.200   -112.95983000

   5.8   1.600   -112.77919280
   5.8   1.700   -112.93448680
   5.8   1.800   -113.03378330
   5.8   1.900   -113.09653950
   5.8   2.000   -113.13046650
   5.8   2.100   -113.14350670
   5.8   2.200   -113.14279080
   5.8   2.300   -113.13189770
   5.8   2.400   -113.11449050
   5.8   2.500   -113.09295680
   5.8   2.600   -113.06910240
   5.8   2.700   -113.04419960
   5.8   2.800   -113.01915620
   5.8   2.900   -112.99784670
   5.8   3.000   -112.98519840
   5.8   3.100   -112.97275710
   5.8   3.200   -112.96074150

   6.0   1.600   -112.78009830
   6.0   1.700   -112.93538460
   6.0   1.800   -113.03466640
   6.0   1.900   -113.09610560
   6.0   2.000   -113.13007440
   6.0   2.100   -113.14323580
   6.0   2.200   -113.14246800
   6.0   2.300   -113.13161300
   6.0   2.400   -113.11421850
   6.0   2.500   -113.09270070
   6.0   2.600   -113.06885030
   6.0   2.700   -113.04394970
   6.0   2.800   -113.01889970
   6.0   2.900   -112.99843050
   6.0   3.000   -112.98581130
   6.0   3.100   -112.97339810
   6.0   3.200   -112.96141990

   7.0   1.600   -112.78182870
   7.0   1.700   -112.93709620
   7.0   1.800   -113.03634040
   7.0   1.900   -113.09552700
   7.0   2.000   -113.12856270
   7.0   2.100   -113.14206820
   7.0   2.200   -113.14125790
   7.0   2.300   -113.13052490
   7.0   2.400   -113.11322980
   7.0   2.500   -113.09180340
   7.0   2.600   -113.06815032
   7.0   2.700   -113.04330623
   7.0   2.800   -113.01802857
   7.0   2.900   -112.99941140
   7.0   3.000   -112.98687500
   7.0   3.100   -112.97454840
   7.0   3.200   -112.96267200

   8.0   1.600   -112.78196230
   8.0   1.700   -112.93722350
   8.0   1.800   -113.03645730
   8.0   1.900   -113.09562980
   8.0   2.000   -113.12755880
   8.0   2.100   -113.14125230
   8.0   2.200   -113.14053240
   8.0   2.300   -113.12992410
   8.0   2.400   -113.11275530
   8.0   2.500   -113.09146650
   8.0   2.600   -113.06800378
   8.0   2.700   -113.04324550
   8.0   2.800   -113.01768119
   8.0   2.900   -112.99935940
   8.0   3.000   -112.98684260
   8.0   3.100   -112.97453550
   8.0   3.200   -112.96268370

   9.0   1.600   -112.78188260
   9.0   1.700   -112.93714110
   9.0   1.800   -113.03637140
   9.0   1.900   -113.09553970
   9.0   2.000   -113.12692760
   9.0   2.100   -113.14067860
   9.0   2.200   -113.14002150
   9.0   2.300   -113.12947090
   9.0   2.400   -113.11234360
   9.0   2.500   -113.09108010
   9.0   2.600   -113.06784900
   9.0   2.700   -113.04314570
   9.0   2.800   -113.01766980
   9.0   2.900   -112.99905250
   9.0   3.000   -112.98672140
   9.0   3.100   -112.97441700
   9.0   3.200   -112.96256870

  10.0   1.600   -112.78181410
  10.0   1.700   -112.93707130
  10.0   1.800   -113.03630010
  10.0   1.900   -113.09546690
  10.0   2.000   -113.12653670
  10.0   2.100   -113.14034990
  10.0   2.200   -113.13975050
  10.0   2.300   -113.12925430
  10.0   2.400   -113.11217560
  10.0   2.500   -113.09094280
  10.0   2.600   -113.06740080
  10.0   2.700   -113.04269550
  10.0   2.800   -113.01778580
  10.0   2.900   -112.99913080
  10.0   3.000   -112.98664270
  10.0   3.100   -112.97433790
  10.0   3.200   -112.96248940

  12.0   1.600   -112.78174650
  12.0   1.700   -112.93700240
  12.0   1.800   -113.03623010
  12.0   1.900   -113.09539570
  12.0   2.000   -113.12614180
  12.0   2.100   -113.13997440
  12.0   2.200   -113.13945620
  12.0   2.300   -113.12903800
  12.0   2.400   -113.11203270
  12.0   2.500   -113.09086770
  12.0   2.600   -113.06731810
  12.0   2.700   -113.04265680
  12.0   2.800   -113.01778500
  12.0   2.900   -112.99908780
  12.0   3.000   -112.98657310
  12.0   3.100   -112.97426740
  12.0   3.200   -112.96241790

  14.0   1.600   -112.78172000
  14.0   1.700   -112.93697550
  14.0   1.800   -113.03620260
  14.0   1.900   -113.09536780
  14.0   2.000   -113.12611350
  14.0   2.100   -113.13976690
  14.0   2.200   -113.13929220
  14.0   2.300   -113.12892430
  14.0   2.400   -113.11195480
  14.0   2.500   -113.09089280
  14.0   2.600   -113.06734790
  14.0   2.700   -113.04268390
  14.0   2.800   -113.01782950
  14.0   2.900   -112.99906400
  14.0   3.000   -112.98654830
  14.0   3.100   -112.97424230
  14.0   3.200   -112.96239240

  16.0   1.600   -112.78170760
  16.0   1.700   -112.93696270
  16.0   1.800   -113.03618960
  16.0   1.900   -113.09535460
  16.0   2.000   -113.12610000
  16.0   2.100   -113.13953980
  16.0   2.200   -113.13910040
  16.0   2.300   -113.12875730
  16.0   2.400   -113.11182320
  16.0   2.500   -113.09084380
  16.0   2.600   -113.06723970
  16.0   2.700   -113.04263960
  16.0   2.800   -113.01782510
  16.0   2.900   -112.99905340
  16.0   3.000   -112.98653760
  16.0   3.100   -112.97423140
  16.0   3.200   -112.96238120

  18.0   1.600   -112.78170090
  18.0   1.700   -112.93695590
  18.0   1.800   -113.03618260
  18.0   1.900   -113.09534740
  18.0   2.000   -113.12609280
  18.0   2.100   -113.13948860
  18.0   2.200   -113.13907310
  18.0   2.300   -113.12875310
  18.0   2.400   -113.11184100
  18.0   2.500   -113.09076450
  18.0   2.600   -113.06729750
  18.0   2.700   -113.04271510
  18.0   2.800   -113.01791660
  18.0   2.900   -112.99904830
  18.0   3.000   -112.98653240
  18.0   3.100   -112.97422610
  18.0   3.200   -112.96237580

  20.0   1.600   -112.78169710
  20.0   1.700   -112.93695200
  20.0   1.800   -113.03617860
  20.0   1.900   -113.09534330
  20.0   2.000   -113.12608860
  20.0   2.100   -113.13945490
  20.0   2.200   -113.13905660
  20.0   2.300   -113.12875320
  20.0   2.400   -113.11185720
  20.0   2.500   -113.09079580
  20.0   2.600   -113.06734280
  20.0   2.700   -113.04277330
  20.0   2.800   -113.01798660
  20.0   2.900   -112.99904560
  20.0   3.000   -112.98652970
  20.0   3.100   -112.97422330
  20.0   3.200   -112.96237290

  21.0   1.600   -112.78169731
  21.0   1.700   -112.93695218
  21.0   1.800   -113.03617855
  21.0   1.900   -113.09534339
  21.0   2.000   -113.12608864
  21.0   2.100   -113.13945526
  21.0   2.200   -113.13905616
  21.0   2.300   -113.12875324
  21.0   2.400   -113.11185740
  21.0   2.500   -113.09079551
  21.0   2.600   -113.06734242
  21.0   2.700   -113.04277299
  21.0   2.800   -113.01798702
  21.0   2.900   -112.99904533
  21.0   3.000   -112.98652971
  21.0   3.100   -112.97422294
  21.0   3.200   -112.96237278

  22.0   1.600   -112.78167364
  22.0   1.700   -112.93693364
  22.0   1.800   -113.03616542
  22.0   1.900   -113.09533587
  22.0   2.000   -113.12608685
  22.0   2.100   -113.13945922
  22.0   2.200   -113.13906582
  22.0   2.300   -113.12876847
  22.0   2.400   -113.11187798
  22.0   2.500   -113.09082116
  22.0   2.600   -113.06737277
  22.0   2.700   -113.04280760
  22.0   2.800   -113.01802538
  22.0   2.900   -112.99908686
  22.0   3.000   -112.98657376
  22.0   3.100   -112.97426878
  22.0   3.200   -112.96241962

  23.0   1.600   -112.78165230
  23.0   1.700   -112.93691680
  23.0   1.800   -113.03615334
  23.0   1.900   -113.09532872
  23.0   2.000   -113.12608474
  23.0   2.100   -113.13946217
  23.0   2.200   -113.13907378
  23.0   2.300   -113.12878134
  23.0   2.400   -113.11189558
  23.0   2.500   -113.09084323
  23.0   2.600   -113.06739901
  23.0   2.700   -113.04283762
  23.0   2.800   -113.01805874
  23.0   2.900   -112.99912306
  23.0   3.000   -112.98661222
  23.0   3.100   -112.97430889
  23.0   3.200   -112.96246070

  24.0   1.600   -112.78163302
  24.0   1.700   -112.93690150
  24.0   1.800   -113.03614224
  24.0   1.900   -113.09532197
  24.0   2.000   -113.12608244
  24.0   2.100   -113.13946435
  24.0   2.200   -113.13908041
  24.0   2.300   -113.12879231
  24.0   2.400   -113.11191074
  24.0   2.500   -113.09086237
  24.0   2.600   -113.06742185
  24.0   2.700   -113.04286383
  24.0   2.800   -113.01808794
  24.0   2.900   -112.99915480
  24.0   3.000   -112.98664601
  24.0   3.100   -112.97434419
  24.0   3.200   -112.96249690

  25.0   1.600   -112.78161557
  25.0   1.700   -112.93688758
  25.0   1.800   -113.03613204
  25.0   1.900   -113.09531564
  25.0   2.000   -113.12608006
  25.0   2.100   -113.13946594
  25.0   2.200   -113.13908595
  25.0   2.300   -113.12880173
  25.0   2.400   -113.11192389
  25.0   2.500   -113.09087906
  25.0   2.600   -113.06744185
  25.0   2.700   -113.04288684
  25.0   2.800   -113.01811363
  25.0   2.900   -112.99918278
  25.0   3.000   -112.98667585
  25.0   3.100   -112.97437541
  25.0   3.200   -112.96252897

  26.0   1.600   -112.78159974
  26.0   1.700   -112.93687489
  26.0   1.800   -113.03612267
  26.0   1.900   -113.09530972
  26.0   2.000   -113.12607766
  26.0   2.100   -113.13946709
  26.0   2.200   -113.13909063
  26.0   2.300   -113.12880986
  26.0   2.400   -113.11193536
  26.0   2.500   -113.09089371
  26.0   2.600   -113.06745946
  26.0   2.700   -113.04290716
  26.0   2.800   -113.01813635
  26.0   2.900   -112.99920757
  26.0   3.000   -112.98670233
  26.0   3.100   -112.97440315
  26.0   3.200   -112.96255751

  27.0   1.600   -112.78158534
  27.0   1.700   -112.93686330
  27.0   1.800   -113.03611406
  27.0   1.900   -113.09530419
  27.0   2.000   -113.12607528
  27.0   2.100   -113.13946790
  27.0   2.200   -113.13909460
  27.0   2.300   -113.12881693
  27.0   2.400   -113.11194543
  27.0   2.500   -113.09090662
  27.0   2.600   -113.06747504
  27.0   2.700   -113.04292518
  27.0   2.800   -113.01815655
  27.0   2.900   -112.99922964
  27.0   3.000   -112.98672594
  27.0   3.100   -112.97442791
  27.0   3.200   -112.96258301

  28.0   1.600   -112.78157222
  28.0   1.700   -112.93685271
  28.0   1.800   -113.03610613
  28.0   1.900   -113.09529904
  28.0   2.000   -113.12607297
  28.0   2.100   -113.13946845
  28.0   2.200   -113.13909799
  28.0   2.300   -113.12882311
  28.0   2.400   -113.11195431
  28.0   2.500   -113.09091808
  28.0   2.600   -113.06748890
  28.0   2.700   -113.04294124
  28.0   2.800   -113.01817458
  28.0   2.900   -112.99924938
  28.0   3.000   -112.98674707
  28.0   3.100   -112.97445009
  28.0   3.200   -112.96260589

  29.0   1.600   -112.78156024
  29.0   1.700   -112.93684300
  29.0   1.800   -113.03609883
  29.0   1.900   -113.09529424
  29.0   2.000   -113.12607073
  29.0   2.100   -113.13946879
  29.0   2.200   -113.13910090
  29.0   2.300   -113.12882854
  29.0   2.400   -113.11196218
  29.0   2.500   -113.09092827
  29.0   2.600   -113.06750127
  29.0   2.700   -113.04295562
  29.0   2.800   -113.01819075
  29.0   2.900   -112.99926709
  29.0   3.000   -112.98676605
  29.0   3.100   -112.97447006
  29.0   3.200   -112.96262650

  30.0   1.600   -112.78154927
  30.0   1.700   -112.93683408
  30.0   1.800   -113.03609209
  30.0   1.900   -113.09528977
  30.0   2.000   -113.12606857
  30.0   2.100   -113.13946897
  30.0   2.200   -113.13910341
  30.0   2.300   -113.12883334
  30.0   2.400   -113.11196919
  30.0   2.500   -113.09093739
  30.0   2.600   -113.06751237
  30.0   2.700   -113.04296853
  30.0   2.800   -113.01820529
  30.0   2.900   -112.99928304
  30.0   3.000   -112.98678318
  30.0   3.100   -112.97448808
  30.0   3.200   -112.96264512

  31.0   1.600   -112.78153920
  31.0   1.700   -112.93682589
  31.0   1.800   -113.03608587
  31.0   1.900   -113.09528560
  31.0   2.000   -113.12606651
  31.0   2.100   -113.13946903
  31.0   2.200   -113.13910559
  31.0   2.300   -113.12883759
  31.0   2.400   -113.11197546
  31.0   2.500   -113.09094558
  31.0   2.600   -113.06752236
  31.0   2.700   -113.04298018
  31.0   2.800   -113.01821843
  31.0   2.900   -112.99929747
  31.0   3.000   -112.98679867
  31.0   3.100   -112.97450440
  31.0   3.200   -112.96266200

  32.0   1.600   -112.78152995
  32.0   1.700   -112.93681833
  32.0   1.800   -113.03608012
  32.0   1.900   -113.09528172
  32.0   2.000   -113.12606455
  32.0   2.100   -113.13946900
  32.0   2.200   -113.13910749
  32.0   2.300   -113.12884138
  32.0   2.400   -113.11198108
  32.0   2.500   -113.09095296
  32.0   2.600   -113.06753138
  32.0   2.700   -113.04299072
  32.0   2.800   -113.01823033
  32.0   2.900   -112.99931055
  32.0   3.000   -112.98681274
  32.0   3.100   -112.97451923
  32.0   3.200   -112.96267735

  33.0   1.600   -112.78152142
  33.0   1.700   -112.93681136
  33.0   1.800   -113.03607479
  33.0   1.900   -113.09527810
  33.0   2.000   -113.12606268
  33.0   2.100   -113.13946890
  33.0   2.200   -113.13910914
  33.0   2.300   -113.12884477
  33.0   2.400   -113.11198615
  33.0   2.500   -113.09095963
  33.0   2.600   -113.06753956
  33.0   2.700   -113.04300029
  33.0   2.800   -113.01824114
  33.0   2.900   -112.99932245
  33.0   3.000   -112.98682555
  33.0   3.100   -112.97453274
  33.0   3.200   -112.96269135

  34.0   1.600   -112.78151355
  34.0   1.700   -112.93680491
  34.0   1.800   -113.03606985
  34.0   1.900   -113.09527472
  34.0   2.000   -113.12606090
  34.0   2.100   -113.13946874
  34.0   2.200   -113.13911060
  34.0   2.300   -113.12884782
  34.0   2.400   -113.11199073
  34.0   2.500   -113.09096568
  34.0   2.600   -113.06754700
  34.0   2.700   -113.04300900
  34.0   2.800   -113.01825100
  34.0   2.900   -112.99933332
  34.0   3.000   -112.98683725
  34.0   3.100   -112.97454509
  34.0   3.200   -112.96270415

  35.0   1.600   -112.78150628
  35.0   1.700   -112.93679894
  35.0   1.800   -113.03606525
  35.0   1.900   -113.09527156
  35.0   2.000   -113.12605921
  35.0   2.100   -113.13946854
  35.0   2.200   -113.13911188
  35.0   2.300   -113.12885055
  35.0   2.400   -113.11199489
  35.0   2.500   -113.09097119
  35.0   2.600   -113.06755378
  35.0   2.700   -113.04301695
  35.0   2.800   -113.01826001
  35.0   2.900   -112.99934325
  35.0   3.000   -112.98684796
  35.0   3.100   -112.97455641
  35.0   3.200   -112.96271589

  36.0   1.600   -112.78149954
  36.0   1.700   -112.93679340
  36.0   1.800   -113.03606098
  36.0   1.900   -113.09526861
  36.0   2.000   -113.12605761
  36.0   2.100   -113.13946831
  36.0   2.200   -113.13911301
  36.0   2.300   -113.12885303
  36.0   2.400   -113.11199867
  36.0   2.500   -113.09097622
  36.0   2.600   -113.06755998
  36.0   2.700   -113.04302423
  36.0   2.800   -113.01826827
  36.0   2.900   -112.99935236
  36.0   3.000   -112.98685779
  36.0   3.100   -112.97456680
  36.0   3.200   -112.96272668

  37.0   1.600   -112.78149328
  37.0   1.700   -112.93678825
  37.0   1.800   -113.03605700
  37.0   1.900   -113.09526584
  37.0   2.000   -113.12605610
  37.0   2.100   -113.13946806
  37.0   2.200   -113.13911402
  37.0   2.300   -113.12885527
  37.0   2.400   -113.11200211
  37.0   2.500   -113.09098082
  37.0   2.600   -113.06756566
  37.0   2.700   -113.04303092
  37.0   2.800   -113.01827586
  37.0   2.900   -112.99936074
  37.0   3.000   -112.98686683
  37.0   3.100   -112.97457637
  37.0   3.200   -112.96273661

  38.0   1.600   -112.78148746
  38.0   1.700   -112.93678345
  38.0   1.800   -113.03605328
  38.0   1.900   -113.09526326
  38.0   2.000   -113.12605466
  38.0   2.100   -113.13946779
  38.0   2.200   -113.13911491
  38.0   2.300   -113.12885731
  38.0   2.400   -113.11200526
  38.0   2.500   -113.09098503
  38.0   2.600   -113.06757088
  38.0   2.700   -113.04303707
  38.0   2.800   -113.01828284
  38.0   2.900   -112.99936846
  38.0   3.000   -112.98687517
  38.0   3.100   -112.97458519
  38.0   3.200   -112.96274578

  39.0   1.600   -112.78148205
  39.0   1.700   -112.93677898
  39.0   1.800   -113.03604981
  39.0   1.900   -113.09526083
  39.0   2.000   -113.12605330
  39.0   2.100   -113.13946751
  39.0   2.200   -113.13911571
  39.0   2.300   -113.12885917
  39.0   2.400   -113.11200816
  39.0   2.500   -113.09098891
  39.0   2.600   -113.06757569
  39.0   2.700   -113.04304274
  39.0   2.800   -113.01828929
  39.0   2.900   -112.99937559
  39.0   3.000   -112.98688287
  39.0   3.100   -112.97459336
  39.0   3.200   -112.96275427

  40.0   1.600   -112.78147700
  40.0   1.700   -112.93677480
  40.0   1.800   -113.03604656
  40.0   1.900   -113.09525855
  40.0   2.000   -113.12605201
  40.0   2.100   -113.13946722
  40.0   2.200   -113.13911642
  40.0   2.300   -113.12886087
  40.0   2.400   -113.11201081
  40.0   2.500   -113.09099248
  40.0   2.600   -113.06758013
  40.0   2.700   -113.04304797
  40.0   2.800   -113.01829525
  40.0   2.900   -112.99938219
  40.0   3.000   -112.98689000
  40.0   3.100   -112.97460091
  40.0   3.200   -112.96276213

  41.0   1.600   -112.78147228
  41.0   1.700   -112.93677090
  41.0   1.800   -113.03604352
  41.0   1.900   -113.09525640
  41.0   2.000   -113.12605079
  41.0   2.100   -113.13946693
  41.0   2.200   -113.13911706
  41.0   2.300   -113.12886243
  41.0   2.400   -113.11201326
  41.0   2.500   -113.09099578
  41.0   2.600   -113.06758423
  41.0   2.700   -113.04305282
  41.0   2.800   -113.01830078
  41.0   2.900   -112.99938831
  41.0   3.000   -112.98689662
  41.0   3.100   -112.97460793
  41.0   3.200   -112.96276943

  42.0   1.600   -112.78146787
  42.0   1.700   -112.93676725
  42.0   1.800   -113.03604067
  42.0   1.900   -113.09525439
  42.0   2.000   -113.12604963
  42.0   2.100   -113.13946664
  42.0   2.200   -113.13911764
  42.0   2.300   -113.12886386
  42.0   2.400   -113.11201552
  42.0   2.500   -113.09099884
  42.0   2.600   -113.06758804
  42.0   2.700   -113.04305732
  42.0   2.800   -113.01830591
  42.0   2.900   -112.99939399
  42.0   3.000   -112.98690277
  42.0   3.100   -112.97461445
  42.0   3.200   -112.96277622

  43.0   1.600   -112.78146374
  43.0   1.700   -112.93676382
  43.0   1.800   -113.03603799
  43.0   1.900   -113.09525249
  43.0   2.000   -113.12604853
  43.0   2.100   -113.13946635
  43.0   2.200   -113.13911816
  43.0   2.300   -113.12886517
  43.0   2.400   -113.11201761
  43.0   2.500   -113.09100167
  43.0   2.600   -113.06759157
  43.0   2.700   -113.04306151
  43.0   2.800   -113.01831068
  43.0   2.900   -112.99939928
  43.0   3.000   -112.98690850
  43.0   3.100   -112.97462053
  43.0   3.200   -112.96278255

  44.0   1.600   -112.78145986
  44.0   1.700   -112.93676060
  44.0   1.800   -113.03603548
  44.0   1.900   -113.09525070
  44.0   2.000   -113.12604749
  44.0   2.100   -113.13946606
  44.0   2.200   -113.13911862
  44.0   2.300   -113.12886638
  44.0   2.400   -113.11201954
  44.0   2.500   -113.09100430
  44.0   2.600   -113.06759486
  44.0   2.700   -113.04306540
  44.0   2.800   -113.01831512
  44.0   2.900   -112.99940421
  44.0   3.000   -112.98691384
  44.0   3.100   -112.97462620
  44.0   3.200   -112.96278846

  45.0   1.600   -112.78145622
  45.0   1.700   -112.93675758
  45.0   1.800   -113.03603311
  45.0   1.900   -113.09524901
  45.0   2.000   -113.12604650
  45.0   2.100   -113.13946578
  45.0   2.200   -113.13911905
  45.0   2.300   -113.12886750
  45.0   2.400   -113.11202134
  45.0   2.500   -113.09100675
  45.0   2.600   -113.06759792
  45.0   2.700   -113.04306903
  45.0   2.800   -113.01831927
  45.0   2.900   -112.99940881
  45.0   3.000   -112.98691882
  45.0   3.100   -112.97463149
  45.0   3.200   -112.96279398

  46.0   1.600   -112.78145280
  46.0   1.700   -112.93675473
  46.0   1.800   -113.03603087
  46.0   1.900   -113.09524742
  46.0   2.000   -113.12604556
  46.0   2.100   -113.13946550
  46.0   2.200   -113.13911943
  46.0   2.300   -113.12886854
  46.0   2.400   -113.11202301
  46.0   2.500   -113.09100903
  46.0   2.600   -113.06760077
  46.0   2.700   -113.04307242
  46.0   2.800   -113.01832314
  46.0   2.900   -112.99941311
  46.0   3.000   -112.98692349
  46.0   3.100   -112.97463645
  46.0   3.200   -112.96279914

  47.0   1.600   -112.78144957
  47.0   1.700   -112.93675205
  47.0   1.800   -113.03602877
  47.0   1.900   -113.09524591
  47.0   2.000   -113.12604467
  47.0   2.100   -113.13946523
  47.0   2.200   -113.13911978
  47.0   2.300   -113.12886950
  47.0   2.400   -113.11202457
  47.0   2.500   -113.09101116
  47.0   2.600   -113.06760344
  47.0   2.700   -113.04307559
  47.0   2.800   -113.01832677
  47.0   2.900   -112.99941714
  47.0   3.000   -112.98692786
  47.0   3.100   -112.97464109
  47.0   3.200   -112.96280399

  48.0   1.600   -112.78144654
  48.0   1.700   -112.93674953
  48.0   1.800   -113.03602678
  48.0   1.900   -113.09524448
  48.0   2.000   -113.12604382
  48.0   2.100   -113.13946496
  48.0   2.200   -113.13912010
  48.0   2.300   -113.12887039
  48.0   2.400   -113.11202602
  48.0   2.500   -113.09101315
  48.0   2.600   -113.06760594
  48.0   2.700   -113.04307856
  48.0   2.800   -113.01833017
  48.0   2.900   -112.99942092
  48.0   3.000   -112.98693196
  48.0   3.100   -112.97464545
  48.0   3.200   -112.96280853

  49.0   1.600   -112.78144367
  49.0   1.700   -112.93674714
  49.0   1.800   -113.03602490
  49.0   1.900   -113.09524313
  49.0   2.000   -113.12604301
  49.0   2.100   -113.13946471
  49.0   2.200   -113.13912039
  49.0   2.300   -113.12887123
  49.0   2.400   -113.11202738
  49.0   2.500   -113.09101501
  49.0   2.600   -113.06760829
  49.0   2.700   -113.04308135
  49.0   2.800   -113.01833336
  49.0   2.900   -112.99942446
  49.0   3.000   -112.98693581
  49.0   3.100   -112.97464954
  49.0   3.200   -112.96281281

  50.0   1.600   -112.78144097
  50.0   1.700   -112.93674488
  50.0   1.800   -113.03602312
  50.0   1.900   -113.09524185
  50.0   2.000   -113.12604224
  50.0   2.100   -113.13946445
  50.0   2.200   -113.13912065
  50.0   2.300   -113.12887200
  50.0   2.400   -113.11202865
  50.0   2.500   -113.09101676
  50.0   2.600   -113.06761048
  50.0   2.700   -113.04308397
  50.0   2.800   -113.01833636
  50.0   2.900   -112.99942780
  50.0   3.000   -112.98693943
  50.0   3.100   -112.97465339
  50.0   3.200   -112.96281683

