   0.6   1.600     -0.01391227
   0.6   1.700      0.03325182
   0.6   1.800      0.00501733
   0.6   1.900      0.00922474
   0.6   2.000      0.00659123
   0.6   2.100     -0.02978822
   0.6   2.200     -0.00141548
   0.6   2.300      0.00123188
   0.6   2.400      0.00408115
   0.6   2.500      0.00949549
   0.6   2.600      0.01351041
   0.6   2.700      0.01570356
   0.6   2.800      0.01651331
   0.6   2.900     -0.02837847
   0.6   3.000     -0.02527403
   0.6   3.100      0.00031025
   0.6   3.200      0.00391926

   1.0   1.600      0.10285998
   1.0   1.700      0.08424637
   1.0   1.800      0.06085122
   1.0   1.900      0.05416451
   1.0   2.000      0.04933270
   1.0   2.100     -0.05007416
   1.0   2.200     -0.03587049
   1.0   2.300     -0.02904932
   1.0   2.400     -0.02308765
   1.0   2.500     -0.01525068
   1.0   2.600     -0.00778539
   1.0   2.700     -0.00061459
   1.0   2.800      0.00490973
   1.0   2.900     -0.04661924
   1.0   3.000     -0.04183804
   1.0   3.100     -0.00352351
   1.0   3.200      0.00084756

   1.4   1.600      0.15305406
   1.4   1.700      0.14278078
   1.4   1.800      0.15211339
   1.4   1.900      0.14195893
   1.4   2.000      0.12611943
   1.4   2.100      0.04572803
   1.4   2.200     -0.09077097
   1.4   2.300     -0.07401701
   1.4   2.400     -0.05800635
   1.4   2.500     -0.04327571
   1.4   2.600     -0.03025351
   1.4   2.700     -0.01943993
   1.4   2.800     -0.01097524
   1.4   2.900     -0.05985548
   1.4   3.000     -0.05939904
   1.4   3.100     -0.01484263
   1.4   3.200     -0.00755719

   1.6   1.600      0.16178344
   1.6   1.700      0.15712318
   1.6   1.800      0.16163098
   1.6   1.900      0.15047000
   1.6   2.000      0.13717590
   1.6   2.100     -0.09874096
   1.6   2.200     -0.10548909
   1.6   2.300     -0.09279486
   1.6   2.400     -0.07299262
   1.6   2.500     -0.05711609
   1.6   2.600     -0.04298476
   1.6   2.700     -0.03099752
   1.6   2.800     -0.02124212
   1.6   2.900     -0.06378492
   1.6   3.000     -0.05790580
   1.6   3.100     -0.01573566
   1.6   3.200     -0.01006668

   1.8   1.600      0.17649752
   1.8   1.700      0.16848986
   1.8   1.800      0.17757269
   1.8   1.900      0.16611907
   1.8   2.000      0.15271328
   1.8   2.100     -0.15238720
   1.8   2.200     -0.11885187
   1.8   2.300     -0.10166368
   1.8   2.400     -0.08453444
   1.8   2.500     -0.06850046
   1.8   2.600     -0.05381685
   1.8   2.700     -0.04106857
   1.8   2.800     -0.03043918
   1.8   2.900     -0.06484548
   1.8   3.000     -0.05777317
   1.8   3.100     -0.01581780
   1.8   3.200     -0.01130550

   2.0   1.600      0.18865671
   2.0   1.700      0.17871096
   2.0   1.800      0.18581668
   2.0   1.900      0.17552298
   2.0   2.000      0.16221923
   2.0   2.100     -0.15678286
   2.0   2.200     -0.12825867
   2.0   2.300     -0.10918392
   2.0   2.400     -0.09346714
   2.0   2.500     -0.07742998
   2.0   2.600     -0.06260631
   2.0   2.700     -0.04954409
   2.0   2.800     -0.03844145
   2.0   2.900     -0.06471250
   2.0   3.000     -0.05821871
   2.0   3.100     -0.01550933
   2.0   3.200     -0.01186064

   2.1   1.600      0.19117356
   2.1   1.700      0.18361578
   2.1   1.800      0.18394310
   2.1   1.900      0.17483194
   2.1   2.000      0.16236133
   2.1   2.100     -0.15350302
   2.1   2.200     -0.13070923
   2.1   2.300     -0.11378120
   2.1   2.400     -0.09696685
   2.1   2.500     -0.08089982
   2.1   2.600     -0.06616561
   2.1   2.700     -0.05313802
   2.1   2.800     -0.04195042
   2.1   2.900     -0.06466387
   2.1   3.000     -0.05844009
   2.1   3.100     -0.01532852
   2.1   3.200     -0.01204704

   2.2   1.600      0.19065678
   2.2   1.700      0.18630489
   2.2   1.800      0.18149363
   2.2   1.900      0.17332956
   2.2   2.000      0.16178076
   2.2   2.100     -0.15198260
   2.2   2.200     -0.13167598
   2.2   2.300     -0.11534986
   2.2   2.400     -0.09910715
   2.2   2.500     -0.08347490
   2.2   2.600     -0.06907841
   2.2   2.700     -0.05625213
   2.2   2.800     -0.04509669
   2.2   2.900     -0.06462206
   2.2   3.000     -0.05865285
   2.2   3.100     -0.01514597
   2.2   3.200     -0.01218350

   2.3   1.600      0.18840117
   2.3   1.700      0.18432385
   2.3   1.800      0.17884358
   2.3   1.900      0.17128441
   2.3   2.000      0.16058714
   2.3   2.100     -0.15060911
   2.3   2.200     -0.13197331
   2.3   2.300     -0.11627226
   2.3   2.400     -0.10060265
   2.3   2.500     -0.08545674
   2.3   2.600     -0.07148066
   2.3   2.700     -0.05893958
   2.3   2.800     -0.04789924
   2.3   2.900     -0.06456614
   2.3   3.000     -0.05883350
   2.3   3.100     -0.01497850
   2.3   3.200     -0.01228318

   2.4   1.600      0.18549186
   2.4   1.700      0.18145254
   2.4   1.800      0.17597358
   2.4   1.900      0.16883690
   2.4   2.000      0.15892393
   2.4   2.100     -0.14916113
   2.4   2.200     -0.13179040
   2.4   2.300     -0.11670676
   2.4   2.400     -0.10161948
   2.4   2.500     -0.08698515
   2.4   2.600     -0.07346313
   2.4   2.700     -0.06124988
   2.4   2.800     -0.05038533
   2.4   2.900     -0.06446998
   2.4   3.000     -0.05896427
   2.4   3.100     -0.01484200
   2.4   3.200     -0.01236159

   2.5   1.600      0.18245631
   2.5   1.700      0.17819437
   2.5   1.800      0.17279492
   2.5   1.900      0.16602018
   2.5   2.000      0.15686665
   2.5   2.100     -0.14749118
   2.5   2.200     -0.13123693
   2.5   2.300     -0.11676148
   2.5   2.400     -0.10225814
   2.5   2.500     -0.08814288
   2.5   2.600     -0.07507876
   2.5   2.700     -0.06322199
   2.5   2.800     -0.05257934
   2.5   2.900     -0.06432388
   2.5   3.000     -0.05904264
   2.5   3.100     -0.01474450
   2.5   3.200     -0.01243226

   2.6   1.600      0.17922380
   2.6   1.700      0.17474845
   2.6   1.800      0.16939057
   2.6   1.900      0.16288771
   2.6   2.000      0.15445083
   2.6   2.100     -0.14563589
   2.6   2.200     -0.13035804
   2.6   2.300     -0.11649817
   2.6   2.400     -0.10258098
   2.6   2.500     -0.08898924
   2.6   2.600     -0.07638664
   2.6   2.700     -0.06489962
   2.6   2.800     -0.05450454
   2.6   2.900     -0.06411275
   2.6   3.000     -0.05904332
   2.6   3.100     -0.01468835
   2.6   3.200     -0.01250824

   2.7   1.600      0.17564694
   2.7   1.700      0.17121896
   2.7   1.800      0.16584878
   2.7   1.900      0.15950881
   2.7   2.000      0.15170389
   2.7   2.100     -0.14350980
   2.7   2.200     -0.12919797
   2.7   2.300     -0.11597070
   2.7   2.400     -0.10263531
   2.7   2.500     -0.08956358
   2.7   2.600     -0.07741438
   2.7   2.700     -0.06630493
   2.7   2.800     -0.05618730
   2.7   2.900     -0.06385345
   2.7   3.000     -0.05898530
   2.7   3.100     -0.01466596
   2.7   3.200     -0.01259583

   2.8   1.600      0.17204498
   2.8   1.700      0.16758860
   2.8   1.800      0.16221652
   2.8   1.900      0.15598877
   2.8   2.000      0.14868422
   2.8   2.100     -0.14117833
   2.8   2.200     -0.12772815
   2.8   2.300     -0.11520711
   2.8   2.400     -0.10245316
   2.8   2.500     -0.08990055
   2.8   2.600     -0.07821346
   2.8   2.700     -0.06748058
   2.8   2.800     -0.05764776
   2.8   2.900     -0.06355793
   2.8   3.000     -0.05888172
   2.8   3.100     -0.01466894
   2.8   3.200     -0.01269305

   2.9   1.600      0.16801176
   2.9   1.700      0.16375684
   2.9   1.800      0.15850940
   2.9   1.900      0.15240142
   2.9   2.000      0.14545704
   2.9   2.100     -0.13859478
   2.9   2.200     -0.12606126
   2.9   2.300     -0.11419309
   2.9   2.400     -0.10205444
   2.9   2.500     -0.09003096
   2.9   2.600     -0.07880049
   2.9   2.700     -0.06844583
   2.9   2.800     -0.05890693
   2.9   2.900     -0.06326363
   2.9   3.000     -0.05872107
   2.9   3.100     -0.01467824
   2.9   3.200     -0.01279206

   3.0   1.600      0.16351764
   3.0   1.700      0.15960387
   3.0   1.800      0.15464263
   3.0   1.900      0.14874165
   3.0   2.000      0.14208663
   3.0   2.100     -0.13576586
   3.0   2.200     -0.12413596
   3.0   2.300     -0.11299351
   3.0   2.400     -0.10147924
   3.0   2.500     -0.08995805
   3.0   2.600     -0.07917997
   3.0   2.700     -0.06914028
   3.0   2.800     -0.05992636
   3.0   2.900     -0.06291557
   3.0   3.000     -0.05850148
   3.0   3.100     -0.01466813
   3.0   3.200     -0.01288084

   3.1   1.600      0.15855396
   3.1   1.700      0.15504227
   3.1   1.800      0.15050928
   3.1   1.900      0.14495125
   3.1   2.000      0.13860059
   3.1   2.100     -0.13279351
   3.1   2.200     -0.12196024
   3.1   2.300     -0.11156781
   3.1   2.400     -0.10068491
   3.1   2.500     -0.08970260
   3.1   2.600     -0.07938733
   3.1   2.700     -0.06973887
   3.1   2.800     -0.06083449
   3.1   2.900     -0.06253895
   3.1   3.000     -0.05824078
   3.1   3.100     -0.01461333
   3.1   3.200     -0.01294478

   3.2   1.600      0.15315093
   3.2   1.700      0.15005189
   3.2   1.800      0.14600908
   3.2   1.900      0.14093486
   3.2   2.000      0.13497625
   3.2   2.100     -0.12957230
   3.2   2.200     -0.11953515
   3.2   2.300     -0.10990919
   3.2   2.400     -0.09969000
   3.2   2.500     -0.08928476
   3.2   2.600     -0.07941582
   3.2   2.700     -0.07016582
   3.2   2.800     -0.06157694
   3.2   2.900     -0.06215528
   3.2   3.000     -0.05795156
   3.2   3.100     -0.01449085
   3.2   3.200     -0.01296763

   3.3   1.600      0.14736922
   3.3   1.700      0.14465994
   3.3   1.800      0.14111082
   3.3   1.900      0.13659695
   3.3   2.000      0.13115050
   3.3   2.100     -0.12618841
   3.3   2.200     -0.11687669
   3.3   2.300     -0.10800775
   3.3   2.400     -0.09847657
   3.3   2.500     -0.08864161
   3.3   2.600     -0.07923641
   3.3   2.700     -0.07040548
   3.3   2.800     -0.06215599
   3.3   2.900     -0.06177709
   3.3   3.000     -0.05764255
   3.3   3.100     -0.01427699
   3.3   3.200     -0.01293038

   3.4   1.600      0.14128871
   3.4   1.700      0.13893094
   3.4   1.800      0.13584300
   3.4   1.900      0.13188430
   3.4   2.000      0.12704504
   3.4   2.100     -0.12258982
   3.4   2.200     -0.11399447
   3.4   2.300     -0.10586354
   3.4   2.400     -0.09703198
   3.4   2.500     -0.08779622
   3.4   2.600     -0.07889094
   3.4   2.700     -0.07046808
   3.4   2.800     -0.06257483
   3.4   2.900     -0.06141488
   3.4   3.000     -0.05732591
   3.4   3.100     -0.01394858
   3.4   3.200     -0.01281530

   3.5   1.600      0.13499495
   3.5   1.700      0.13295350
   3.5   1.800      0.13026836
   3.5   1.900      0.12682211
   3.5   2.000      0.12259118
   3.5   2.100     -0.11865838
   3.5   2.200     -0.11086077
   3.5   2.300     -0.10346102
   3.5   2.400     -0.09533641
   3.5   2.500     -0.08673110
   3.5   2.600     -0.07834427
   3.5   2.700     -0.07033247
   3.5   2.800     -0.06282368
   3.5   2.900     -0.06107256
   3.5   3.000     -0.05701395
   3.5   3.100     -0.01348643
   3.5   3.200     -0.01259565

   3.6   1.600      0.12857970
   3.6   1.700      0.12681179
   3.6   1.800      0.12447163
   3.6   1.900      0.12147393
   3.6   2.000      0.11780551
   3.6   2.100     -0.11444971
   3.6   2.200     -0.10744986
   3.6   2.300     -0.10077490
   3.6   2.400     -0.09336975
   3.6   2.500     -0.08542240
   3.6   2.600     -0.07758397
   3.6   2.700     -0.07002128
   3.6   2.800     -0.06290080
   3.6   2.900     -0.06075983
   3.6   3.000     -0.05672350
   3.6   3.100     -0.01286535
   3.6   3.200     -0.01225612

   3.7   1.600      0.12213450
   3.7   1.700      0.12057302
   3.7   1.800      0.11854400
   3.7   1.900      0.11592899
   3.7   2.000      0.11275101
   3.7   2.100     -0.10990429
   3.7   2.200     -0.10372908
   3.7   2.300     -0.09779252
   3.7   2.400     -0.09111772
   3.7   2.500     -0.08384232
   3.7   2.600     -0.07658017
   3.7   2.700     -0.06950390
   3.7   2.800     -0.06278456
   3.7   2.900     -0.06045837
   3.7   3.000     -0.05646654
   3.7   3.100     -0.01208042
   3.7   3.200     -0.01176709

   3.8   1.600      0.11572201
   3.8   1.700      0.11435332
   3.8   1.800      0.11257330
   3.8   1.900      0.11028124
   3.8   2.000      0.10751546
   3.8   2.100     -0.10508592
   3.8   2.200     -0.09969357
   3.8   2.300     -0.09449461
   3.8   2.400     -0.08855500
   3.8   2.500     -0.08196849
   3.8   2.600     -0.07530650
   3.8   2.700     -0.06874434
   3.8   2.800     -0.06248617
   3.8   2.900     -0.06013689
   3.8   3.000     -0.05623696
   3.8   3.100     -0.01110796
   3.8   3.200     -0.01111877

   3.9   1.600      0.10940395
   3.9   1.700      0.10820990
   3.9   1.800      0.10662934
   3.9   1.900      0.10461233
   3.9   2.000      0.10219098
   3.9   2.100     -0.10008821
   3.9   2.200     -0.09540160
   3.9   2.300     -0.09088175
   3.9   2.400     -0.08567059
   3.9   2.500     -0.07978600
   3.9   2.600     -0.07373169
   3.9   2.700     -0.06770170
   3.9   2.800     -0.06194363
   3.9   2.900     -0.05972177
   3.9   3.000     -0.05601117
   3.9   3.100     -0.00994055
   3.9   3.200     -0.01028328

   4.0   1.600      0.10322931
   4.0   1.700      0.10217349
   4.0   1.800      0.10076967
   4.0   1.900      0.09899451
   4.0   2.000      0.09685743
   4.0   2.100     -0.09501072
   4.0   2.200     -0.09093260
   4.0   2.300     -0.08702463
   4.0   2.400     -0.08248186
   4.0   2.500     -0.07728767
   4.0   2.600     -0.07184002
   4.0   2.700     -0.06633974
   4.0   2.800     -0.06109698
   4.0   2.900     -0.05918748
   4.0   3.000     -0.05574058
   4.0   3.100     -0.00858991
   4.0   3.200     -0.00925326

   4.1   1.600      0.09723264
   4.1   1.700      0.09629724
   4.1   1.800      0.09504258
   4.1   1.900      0.09349108
   4.1   2.000      0.09157788
   4.1   2.100     -0.08992715
   4.1   2.200     -0.08637625
   4.1   2.300     -0.08298369
   4.1   2.400     -0.07903672
   4.1   2.500     -0.07449932
   4.1   2.600     -0.06963963
   4.1   2.700     -0.06465753
   4.1   2.800     -0.05988519
   4.1   2.900     -0.05846422
   4.1   3.000     -0.05539124
   4.1   3.100     -0.00709906
   4.1   3.200     -0.00804040

   4.2   1.600      0.09144076
   4.2   1.700      0.09061116
   4.2   1.800      0.08948954
   4.2   1.900      0.08810689
   4.2   2.000      0.08640214
   4.2   2.100     -0.08489645
   4.2   2.200     -0.08180715
   4.2   2.300     -0.07884486
   4.2   2.400     -0.07542643
   4.2   2.500     -0.07145947
   4.2   2.600     -0.06715581
   4.2   2.700     -0.06268393
   4.2   2.800     -0.05831726
   4.2   2.900     -0.05750599
   4.2   3.000     -0.05488664
   4.2   3.100     -0.00551855
   4.2   3.200     -0.00668335

   4.4   1.600      0.08053838
   4.4   1.700      0.07988409
   4.4   1.800      0.07898448
   4.4   1.900      0.07787061
   4.4   2.000      0.07649852
   4.4   2.100     -0.07524498
   4.4   2.200     -0.07285631
   4.4   2.300     -0.07055739
   4.4   2.400     -0.06793513
   4.4   2.500     -0.06489660
   4.4   2.600     -0.06153640
   4.4   2.700     -0.05800832
   4.4   2.800     -0.05441678
   4.4   2.900     -0.05477916
   4.4   3.000     -0.05313997
   4.4   3.100     -0.00270900
   4.4   3.200     -0.00380627

   4.6   1.600      0.07060044
   4.6   1.700      0.07008162
   4.6   1.800      0.06935872
   4.6   1.900      0.06845096
   4.6   2.000      0.06733258
   4.6   2.100     -0.06629296
   4.6   2.200     -0.06439968
   4.6   2.300     -0.06257564
   4.6   2.400     -0.06051028
   4.6   2.500     -0.05814452
   4.6   2.600     -0.05551137
   4.6   2.700     -0.05272484
   4.6   2.800     -0.04982825
   4.6   2.900     -0.05058489
   4.6   3.000     -0.05031370
   4.6   3.100     -0.00051150
   4.6   3.200     -0.00143599

   4.8   1.600      0.06163862
   4.8   1.700      0.06123489
   4.8   1.800      0.06064453
   4.8   1.900      0.05989760
   4.8   2.000      0.05897989
   4.8   2.100     -0.05808862
   4.8   2.200     -0.05659233
   4.8   2.300     -0.05512344
   4.8   2.400     -0.05346427
   4.8   2.500     -0.05158605
   4.8   2.600     -0.04949660
   4.8   2.700     -0.04727116
   4.8   2.800     -0.04493259
   4.8   2.900     -0.04551158
   4.8   3.000     -0.04632561
   4.8   3.100      0.00105401
   4.8   3.200      0.00027121

   5.0   1.600      0.05362359
   5.0   1.700      0.05330446
   5.0   1.800      0.05282513
   5.0   1.900      0.05220638
   5.0   2.000      0.05145031
   5.0   2.100     -0.05068879
   5.0   2.200     -0.04949437
   5.0   2.300     -0.04829846
   5.0   2.400     -0.04694918
   5.0   2.500     -0.04543377
   5.0   2.600     -0.04375830
   5.0   2.700     -0.04196667
   5.0   2.800     -0.04006515
   5.0   2.900     -0.04027611
   5.0   3.000     -0.04144192
   5.0   3.100      0.00196757
   5.0   3.200      0.00136427

   5.2   1.600      0.04650304
   5.2   1.700      0.04624586
   5.2   1.800      0.04585673
   5.2   1.900      0.04534474
   5.2   2.000      0.04472136
   5.2   2.100     -0.04407091
   5.2   2.200     -0.04311280
   5.2   2.300     -0.04213045
   5.2   2.400     -0.04102229
   5.2   2.500     -0.03980089
   5.2   2.600     -0.03844002
   5.2   2.700     -0.03698455
   5.2   2.800     -0.03542805
   5.2   2.900     -0.03524104
   5.2   3.000     -0.03650235
   5.2   3.100      0.00220926
   5.2   3.200      0.00189218

   5.4   1.600      0.04021288
   5.4   1.700      0.03999464
   5.4   1.800      0.03968502
   5.4   1.900      0.03926131
   5.4   2.000      0.03874625
   5.4   2.100     -0.03819412
   5.4   2.200     -0.03741919
   5.4   2.300     -0.03661212
   5.4   2.400     -0.03569757
   5.4   2.500     -0.03469917
   5.4   2.600     -0.03358774
   5.4   2.700     -0.03240097
   5.4   2.800     -0.03112300
   5.4   2.900     -0.03058987
   5.4   3.000     -0.03182722
   5.4   3.100      0.00189641
   5.4   3.200      0.00190387

   5.6   1.600      0.03467705
   5.6   1.700      0.03450126
   5.6   1.800      0.03424482
   5.6   1.900      0.03389430
   5.6   2.000      0.03346845
   5.6   2.100     -0.03300838
   5.6   2.200     -0.03236970
   5.6   2.300     -0.03170316
   5.6   2.400     -0.03094369
   5.6   2.500     -0.03012324
   5.6   2.600     -0.02921138
   5.6   2.700     -0.02823963
   5.6   2.800     -0.02718927
   5.6   2.900     -0.02640271
   5.6   3.000     -0.02755802
   5.6   3.100      0.00154261
   5.6   3.200      0.00154529

   5.8   1.600      0.02982631
   5.8   1.700      0.02968208
   5.8   1.800      0.02946935
   5.8   1.900      0.02918013
   5.8   2.000      0.02882754
   5.8   2.100     -0.02844562
   5.8   2.200     -0.02791642
   5.8   2.300     -0.02736480
   5.8   2.400     -0.02673482
   5.8   2.500     -0.02605788
   5.8   2.600     -0.02530712
   5.8   2.700     -0.02450809
   5.8   2.800     -0.02364221
   5.8   2.900     -0.02269364
   5.8   3.000     -0.02374471
   5.8   3.100      0.00121621
   5.8   3.200      0.00122051

   6.0   1.600      0.02559260
   6.0   1.700      0.02547376
   6.0   1.800      0.02529683
   6.0   1.900      0.02505670
   6.0   2.000      0.02476362
   6.0   2.100     -0.02444204
   6.0   2.200     -0.02400834
   6.0   2.300     -0.02355047
   6.0   2.400     -0.02303010
   6.0   2.500     -0.02246896
   6.0   2.600     -0.02185007
   6.0   2.700     -0.02119100
   6.0   2.800     -0.02047555
   6.0   2.900     -0.01944159
   6.0   3.000     -0.02038395
   6.0   3.100      0.00093786
   6.0   3.200      0.00094318

   7.0   1.600      0.01151841
   7.0   1.700      0.01147350
   7.0   1.800      0.01140406
   7.0   1.900      0.01130975
   7.0   2.000      0.01119383
   7.0   2.100     -0.01106272
   7.0   2.200     -0.01089503
   7.0   2.300     -0.01071480
   7.0   2.400     -0.01051464
   7.0   2.500     -0.01029475
   7.0   2.600     -0.01105517
   7.0   2.700     -0.00994455
   7.0   2.800     -0.00860385
   7.0   2.900     -0.00867206
   7.0   3.000     -0.00916473
   7.0   3.100      0.00020920
   7.0   3.200      0.00021490

   8.0   1.600      0.00493400
   8.0   1.700      0.00491859
   8.0   1.800      0.00489300
   8.0   1.900      0.00485754
   8.0   2.000      0.00481344
   8.0   2.100      0.00476223
   8.0   2.200      0.00469623
   8.0   2.300      0.00462350
   8.0   2.400      0.00453931
   8.0   2.500      0.00443772
   8.0   2.600     -0.00740534
   8.0   2.700     -0.00506884
   8.0   2.800     -0.00220431
   8.0   2.900     -0.00371228
   8.0   3.000     -0.00394684
   8.0   3.100      0.00002420
   8.0   3.200      0.00002232

   9.0   1.600      0.00202499
   9.0   1.700      0.00202085
   9.0   1.800      0.00201256
   9.0   1.900      0.00200043
   9.0   2.000     -0.00198494
   9.0   2.100      0.00196652
   9.0   2.200      0.00194309
   9.0   2.300      0.00191732
   9.0   2.400      0.00188839
   9.0   2.500      0.00185604
   9.0   2.600     -0.00568559
   9.0   2.700     -0.00310516
   9.0   2.800      0.00002756
   9.0   2.900     -0.00212396
   9.0   3.000     -0.00163370
   9.0   3.100     -0.00000871
   9.0   3.200     -0.00000913

  10.0   1.600      0.00079825
  10.0   1.700      0.00079792
  10.0   1.800      0.00079592
  10.0   1.900      0.00079238
  10.0   2.000     -0.00078747
  10.0   2.100      0.00078118
  10.0   2.200      0.00077335
  10.0   2.300      0.00076438
  10.0   2.400      0.00075423
  10.0   2.500      0.00074299
  10.0   2.600     -0.00253183
  10.0   2.700     -0.00144444
  10.0   2.800     -0.00019724
  10.0   2.900     -0.00085793
  10.0   3.000     -0.00065333
  10.0   3.100     -0.00001010
  10.0   3.200     -0.00000972

  12.0   1.600      0.00010485
  12.0   1.700      0.00010532
  12.0   1.800      0.00010556
  12.0   1.900      0.00010559
  12.0   2.000      0.00010542
  12.0   2.100      0.00010502
  12.0   2.200      0.00010449
  12.0   2.300      0.00010376
  12.0   2.400      0.00010286
  12.0   2.500      0.00010182
  12.0   2.600     -0.00035335
  12.0   2.700     -0.00020273
  12.0   2.800     -0.00003220
  12.0   2.900     -0.00013051
  12.0   3.000     -0.00009641
  12.0   3.100     -0.00000471
  12.0   3.200     -0.00000438

  14.0   1.600      0.00000953
  14.0   1.700      0.00000963
  14.0   1.800      0.00000972
  14.0   1.900      0.00000978
  14.0   2.000      0.00000983
  14.0   2.100      0.00000985
  14.0   2.200      0.00000986
  14.0   2.300      0.00000986
  14.0   2.400      0.00000985
  14.0   2.500      0.00000983
  14.0   2.600     -0.00003411
  14.0   2.700     -0.00001973
  14.0   2.800     -0.00000314
  14.0   2.900     -0.00001527
  14.0   3.000     -0.00001116
  14.0   3.100     -0.00000239
  14.0   3.200     -0.00000221

  16.0   1.600      0.00000054
  16.0   1.700      0.00000055
  16.0   1.800      0.00000056
  16.0   1.900      0.00000057
  16.0   2.000      0.00000057
  16.0   2.100      0.00000058
  16.0   2.200      0.00000058
  16.0   2.300      0.00000059
  16.0   2.400      0.00000059
  16.0   2.500      0.00000061
  16.0   2.600     -0.00000211
  16.0   2.700     -0.00000122
  16.0   2.800     -0.00000019
  16.0   2.900     -0.00000113
  16.0   3.000     -0.00000082
  16.0   3.100     -0.00000122
  16.0   3.200     -0.00000113

  18.0   1.600      0.00000002
  18.0   1.700      0.00000002
  18.0   1.800      0.00000002
  18.0   1.900      0.00000002
  18.0   2.000      0.00000002
  18.0   2.100      0.00000002
  18.0   2.200      0.00000002
  18.0   2.300      0.00000002
  18.0   2.400      0.00000002
  18.0   2.500      0.00000002
  18.0   2.600     -0.00000008
  18.0   2.700     -0.00000005
  18.0   2.800     -0.00000001
  18.0   2.900     -0.00000005
  18.0   3.000     -0.00000004
  18.0   3.100     -0.00000056
  18.0   3.200     -0.00000051

  20.0   1.600      0.00000000
  20.0   1.700      0.00000000
  20.0   1.800      0.00000000
  20.0   1.900      0.00000000
  20.0   2.000      0.00000000
  20.0   2.100      0.00000000
  20.0   2.200      0.00000000
  20.0   2.300      0.00000000
  20.0   2.400      0.00000000
  20.0   2.500      0.00000000
  20.0   2.600      0.00000000
  20.0   2.700      0.00000000
  20.0   2.800      0.00000000
  20.0   2.900      0.00000000
  20.0   3.000      0.00000000
  20.0   3.100     -0.00000014
  20.0   3.200     -0.00000013

