   0.6   1.600   -110.34780990
   0.6   1.700   -110.92777970
   0.6   1.800   -111.25403900
   0.6   1.900   -111.54974860
   0.6   2.000   -111.76811690
   0.6   2.100   -111.94818510
   0.6   2.200   -112.09074960
   0.6   2.300   -112.21022530
   0.6   2.400   -112.30711380
   0.6   2.500   -112.38714650
   0.6   2.600   -112.45471540
   0.6   2.700   -112.51472560
   0.6   2.800   -112.57271150
   0.6   2.900   -112.64693520
   0.6   3.000   -112.69874460
   0.6   3.100   -112.74393000
   0.6   3.200   -112.78268860

   1.0   1.600   -111.36759130
   1.0   1.700   -111.72218890
   1.0   1.800   -111.93190310
   1.0   1.900   -112.09540710
   1.0   2.000   -112.22639820
   1.0   2.100   -112.33683700
   1.0   2.200   -112.41590040
   1.0   2.300   -112.48517330
   1.0   2.400   -112.54216810
   1.0   2.500   -112.58940040
   1.0   2.600   -112.62950590
   1.0   2.700   -112.66313670
   1.0   2.800   -112.69420350
   1.0   2.900   -112.72404070
   1.0   3.000   -112.76051370
   1.0   3.100   -112.79253120
   1.0   3.200   -112.81981570

   1.4   1.600   -112.08192090
   1.4   1.700   -112.30442930
   1.4   1.800   -112.45253230
   1.4   1.900   -112.55686380
   1.4   2.000   -112.64075240
   1.4   2.100   -112.65387760
   1.4   2.200   -112.75001090
   1.4   2.300   -112.78444010
   1.4   2.400   -112.80781650
   1.4   2.500   -112.82345100
   1.4   2.600   -112.83294450
   1.4   2.700   -112.83805540
   1.4   2.800   -112.84014910
   1.4   2.900   -112.83349360
   1.4   3.000   -112.80617860
   1.4   3.100   -112.87208320
   1.4   3.200   -112.88630630

   1.6   1.600   -112.27879563
   1.6   1.700   -112.47994550
   1.6   1.800   -112.60454076
   1.6   1.900   -112.70736843
   1.6   2.000   -112.78012573
   1.6   2.100   -112.75070857
   1.6   2.200   -112.87122782
   1.6   2.300   -112.89837949
   1.6   2.400   -112.91001471
   1.6   2.500   -112.91645209
   1.6   2.600   -112.91765171
   1.6   2.700   -112.91522913
   1.6   2.800   -112.91021613
   1.6   2.900   -112.90219770
   1.6   3.000   -112.89082454
   1.6   3.100   -112.91166326
   1.6   3.200   -112.91961917

   1.8   1.600   -112.40342340
   1.8   1.700   -112.59700050
   1.8   1.800   -112.71404330
   1.8   1.900   -112.80975930
   1.8   2.000   -112.87521490
   1.8   2.100   -112.87144793
   1.8   2.200   -112.95127560
   1.8   2.300   -112.97175030
   1.8   2.400   -112.98142190
   1.8   2.500   -112.98416350
   1.8   2.600   -112.98110540
   1.8   2.700   -112.97436740
   1.8   2.800   -112.96494380
   1.8   2.900   -112.95415400
   1.8   3.000   -112.94183050
   1.8   3.100   -112.94567810
   1.8   3.200   -112.94867040

   2.0   1.600   -112.48331400
   2.0   1.700   -112.67278330
   2.0   1.800   -112.79299410
   2.0   1.900   -112.88154020
   2.0   2.000   -112.94184710
   2.0   2.100   -112.97897920
   2.0   2.200   -113.00761190
   2.0   2.300   -113.02316640
   2.0   2.400   -113.03134400
   2.0   2.500   -113.03164580
   2.0   2.600   -113.02599650
   2.0   2.700   -113.01666520
   2.0   2.800   -113.00462940
   2.0   2.900   -112.99122190
   2.0   3.000   -112.97288470
   2.0   3.100   -112.97255700
   2.0   3.200   -112.97185430

   2.1   1.600   -112.51445050
   2.1   1.700   -112.70058840
   2.1   1.800   -112.82412290
   2.1   1.900   -112.91048170
   2.1   2.000   -112.96862740
   2.1   2.100   -113.01619290
   2.1   2.200   -113.03112510
   2.1   2.300   -113.04503260
   2.1   2.400   -113.05066560
   2.1   2.500   -113.04923970
   2.1   2.600   -113.04231270
   2.1   2.700   -113.03192380
   2.1   2.800   -113.01899100
   2.1   2.900   -113.00474560
   2.1   3.000   -112.98476490
   2.1   3.100   -112.98289500
   2.1   3.200   -112.98079670

   2.2   1.600   -112.54106510
   2.2   1.700   -112.72425540
   2.2   1.800   -112.84898470
   2.2   1.900   -112.93360300
   2.2   2.000   -112.99008070
   2.2   2.100   -113.03909110
   2.2   2.200   -113.04928070
   2.2   2.300   -113.06151410
   2.2   2.400   -113.06567840
   2.2   2.500   -113.06295480
   2.2   2.600   -113.05497300
   2.2   2.700   -113.04371930
   2.2   2.800   -113.03008840
   2.2   2.900   -113.01522000
   2.2   3.000   -112.99436780
   2.2   3.100   -112.99123380
   2.2   3.200   -112.98797550

   2.3   1.600   -112.56348930
   2.3   1.700   -112.74419760
   2.3   1.800   -112.86844620
   2.3   1.900   -112.95180080
   2.3   2.000   -113.00679030
   2.3   2.100   -113.05535010
   2.3   2.200   -113.06318320
   2.3   2.300   -113.07408980
   2.3   2.400   -113.07702760
   2.3   2.500   -113.07323780
   2.3   2.600   -113.06441470
   2.3   2.700   -113.05246600
   2.3   2.800   -113.03829100
   2.3   2.900   -113.02295070
   2.3   3.000   -113.00185580
   2.3   3.100   -112.99769110
   2.3   3.200   -112.99347120

   2.4   1.600   -112.58241600
   2.4   1.700   -112.76077370
   2.4   1.800   -112.88374900
   2.4   1.900   -112.96609420
   2.4   2.000   -113.01966000
   2.4   2.100   -113.06705810
   2.4   2.200   -113.07359150
   2.4   2.300   -113.08336260
   2.4   2.400   -113.08527950
   2.4   2.500   -113.08060390
   2.4   2.600   -113.07109750
   2.4   2.700   -113.05858460
   2.4   2.800   -113.04398020
   2.4   2.900   -113.02826970
   2.4   3.000   -113.00741930
   2.4   3.100   -113.00242120
   2.4   3.200   -112.99741040

   2.5   1.600   -112.59856100
   2.5   1.700   -112.77473390
   2.5   1.800   -112.89609480
   2.5   1.900   -112.97730150
   2.5   2.000   -113.02954730
   2.5   2.100   -113.07536820
   2.5   2.200   -113.08114850
   2.5   2.300   -113.08990340
   2.5   2.400   -113.09095750
   2.5   2.500   -113.08552700
   2.5   2.600   -113.07545380
   2.5   2.700   -113.06247500
   2.5   2.800   -113.04752130
   2.5   2.900   -113.03151720
   2.5   3.000   -113.01127530
   2.5   3.100   -113.00559930
   2.5   3.200   -112.99994610

   2.6   1.600   -112.61239920
   2.6   1.700   -112.78659960
   2.6   1.800   -112.90622050
   2.6   1.900   -112.98618900
   2.6   2.000   -113.03712500
   2.6   2.100   -113.08117620
   2.6   2.200   -113.08642250
   2.6   2.300   -113.09422700
   2.6   2.400   -113.09453590
   2.6   2.500   -113.08844680
   2.6   2.600   -113.07789100
   2.6   2.700   -113.06449590
   2.6   2.800   -113.04926310
   2.6   2.900   -113.03301740
   2.6   3.000   -113.01360600
   2.6   3.100   -113.00743040
   2.6   3.200   -113.00126080

   2.7   1.600   -112.62419500
   2.7   1.700   -112.79681760
   2.7   1.800   -112.91478620
   2.7   1.900   -112.99336310
   2.7   2.000   -113.04302860
   2.7   2.100   -113.08492510
   2.7   2.200   -113.08994350
   2.7   2.300   -113.09681270
   2.7   2.400   -113.09643160
   2.7   2.500   -113.08974430
   2.7   2.600   -113.07873600
   2.7   2.700   -113.06500600
   2.7   2.800   -113.04952820
   2.7   2.900   -113.03306920
   2.7   3.000   -113.01464770
   2.7   3.100   -113.00808230
   2.7   3.200   -113.00148970

   2.8   1.600   -112.63540650
   2.8   1.700   -112.80584950
   2.8   1.800   -112.92212840
   2.8   1.900   -112.99930450
   2.8   2.000   -113.04777610
   2.8   2.100   -113.08762330
   2.8   2.200   -113.09199850
   2.8   2.300   -113.09810170
   2.8   2.400   -113.09701760
   2.8   2.500   -113.08976610
   2.8   2.600   -113.07835250
   2.8   2.700   -113.06430040
   2.8   2.800   -113.04860350
   2.8   2.900   -113.03194060
   2.8   3.000   -113.01462530
   2.8   3.100   -113.00774640
   2.8   3.200   -113.00081080

   2.9   1.600   -112.64572370
   2.9   1.700   -112.81409890
   2.9   1.800   -112.92857930
   2.9   1.900   -113.00437720
   2.9   2.000   -113.05173400
   2.9   2.100   -113.08946120
   2.9   2.200   -113.09336700
   2.9   2.300   -113.09832210
   2.9   2.400   -113.09662320
   2.9   2.500   -113.08883070
   2.9   2.600   -113.07701220
   2.9   2.700   -113.06265230
   2.9   2.800   -113.04677560
   2.9   2.900   -113.02986210
   2.9   3.000   -113.01370850
   2.9   3.100   -113.00658210
   2.9   3.200   -112.99937910

   3.0   1.600   -112.65553560
   3.0   1.700   -112.82189390
   3.0   1.800   -112.93448590
   3.0   1.900   -113.00881960
   3.0   2.000   -113.05512360
   3.0   2.100   -113.09079190
   3.0   2.200   -113.09419230
   3.0   2.300   -113.09810470
   3.0   2.400   -113.09567250
   3.0   2.500   -113.08720040
   3.0   2.600   -113.07494920
   3.0   2.700   -113.06024960
   3.0   2.800   -113.04406980
   3.0   2.900   -113.02713430
   3.0   3.000   -113.01205150
   3.0   3.100   -113.00475160
   3.0   3.200   -112.99734620

   3.1   1.600   -112.66504480
   3.1   1.700   -112.82947150
   3.1   1.800   -112.94016450
   3.1   1.900   -113.01287670
   3.1   2.000   -113.05806960
   3.1   2.100   -113.09198320
   3.1   2.200   -113.09476800
   3.1   2.300   -113.09753400
   3.1   2.400   -113.09419930
   3.1   2.500   -113.08514740
   3.1   2.600   -113.07244240
   3.1   2.700   -113.05745610
   3.1   2.800   -113.04104030
   3.1   2.900   -113.02391730
   3.1   3.000   -113.00983180
   3.1   3.100   -113.00241010
   3.1   3.200   -112.99485200

   3.2   1.600   -112.67434560
   3.2   1.700   -112.83701380
   3.2   1.800   -112.94582680
   3.2   1.900   -113.01681560
   3.2   2.000   -113.06072940
   3.2   2.100   -113.09289220
   3.2   2.200   -113.09530030
   3.2   2.300   -113.09688450
   3.2   2.400   -113.09259710
   3.2   2.500   -113.08294780
   3.2   2.600   -113.06972240
   3.2   2.700   -113.05439350
   3.2   2.800   -113.03770210
   3.2   2.900   -113.02037500
   3.2   3.000   -113.00720830
   3.2   3.100   -112.99969750
   3.2   3.200   -112.99202170

   3.3   1.600   -112.68344710
   3.3   1.700   -112.84458430
   3.3   1.800   -112.95163370
   3.3   1.900   -113.02087640
   3.3   2.000   -113.06330730
   3.3   2.100   -113.09370710
   3.3   2.200   -113.09585810
   3.3   2.300   -113.09630380
   3.3   2.400   -113.09103940
   3.3   2.500   -113.08065330
   3.3   2.600   -113.06691750
   3.3   2.700   -113.05121040
   3.3   2.800   -113.03421530
   3.3   2.900   -113.01666210
   3.3   3.000   -113.00431760
   3.3   3.100   -112.99673480
   3.3   3.200   -112.98896290

   3.4   1.600   -112.69229940
   3.4   1.700   -112.85215460
   3.4   1.800   -112.95765660
   3.4   1.900   -113.02517790
   3.4   2.000   -113.06605170
   3.4   2.100   -113.09451900
   3.4   2.200   -113.09644210
   3.4   2.300   -113.09586120
   3.4   2.400   -113.08962020
   3.4   2.500   -113.07849660
   3.4   2.600   -113.06420680
   3.4   2.700   -113.04804750
   3.4   2.800   -113.03071940
   3.4   2.900   -113.01290470
   3.4   3.000   -113.00126650
   3.4   3.100   -112.99362240
   3.4   3.200   -112.98576750

   3.5   1.600   -112.70083960
   3.5   1.700   -112.85964330
   3.5   1.800   -112.96385070
   3.5   1.900   -113.02981400
   3.5   2.000   -113.06909940
   3.5   2.100   -113.09554480
   3.5   2.200   -113.09708170
   3.5   2.300   -113.09556940
   3.5   2.400   -113.08838920
   3.5   2.500   -113.07652100
   3.5   2.600   -113.06164160
   3.5   2.700   -113.04500090
   3.5   2.800   -113.02733630
   3.5   2.900   -113.00921790
   3.5   3.000   -112.99815050
   3.5   3.100   -112.99044380
   3.5   3.200   -112.98250380

   3.6   1.600   -112.70897910
   3.6   1.700   -112.86691060
   3.6   1.800   -112.97010820
   3.6   1.900   -113.03474140
   3.6   2.000   -113.07251840
   3.6   2.100   -113.09698790
   3.6   2.200   -113.09786190
   3.6   2.300   -113.09540770
   3.6   2.400   -113.08734760
   3.6   2.500   -113.07475670
   3.6   2.600   -113.05928920
   3.6   2.700   -113.04219830
   3.6   2.800   -113.02414270
   3.6   2.900   -113.00570720
   3.6   3.000   -112.99506180
   3.6   3.100   -112.98726910
   3.6   3.200   -112.97924240

   3.7   1.600   -112.71659140
   3.7   1.700   -112.87398570
   3.7   1.800   -112.97629880
   3.7   1.900   -113.03983270
   3.7   2.000   -113.07629160
   3.7   2.100   -113.09877840
   3.7   2.200   -113.09893360
   3.7   2.300   -113.09543700
   3.7   2.400   -113.08648930
   3.7   2.500   -113.07320490
   3.7   2.600   -113.05717340
   3.7   2.700   -113.03963280
   3.7   2.800   -113.02119920
   3.7   2.900   -113.00243750
   3.7   3.000   -112.99210220
   3.7   3.100   -112.98419480
   3.7   3.200   -112.97602680

   3.8   1.600   -112.72367800
   3.8   1.700   -112.88059420
   3.8   1.800   -112.98227210
   3.8   1.900   -113.04493190
   3.8   2.000   -113.08030120
   3.8   2.100   -113.10100680
   3.8   2.200   -113.10044970
   3.8   2.300   -113.09576060
   3.8   2.400   -113.08586410
   3.8   2.500   -113.07186650
   3.8   2.600   -113.05528890
   3.8   2.700   -113.03732900
   3.8   2.800   -113.01853280
   3.8   2.900   -112.99942900
   3.8   3.000   -112.98933540
   3.8   3.100   -112.98127440
   3.8   3.200   -112.97294180

   3.9   1.600   -112.73021440
   3.9   1.700   -112.88674580
   3.9   1.800   -112.98793260
   3.9   1.900   -113.04990970
   3.9   2.000   -113.08440410
   3.9   2.100   -113.10355840
   3.9   2.200   -113.10232690
   3.9   2.300   -113.09653320
   3.9   2.400   -113.08556240
   3.9   2.500   -113.07078420
   3.9   2.600   -113.05364680
   3.9   2.700   -113.03529200
   3.9   2.800   -113.01616360
   3.9   2.900   -112.99676240
   3.9   3.000   -112.98682470
   3.9   3.100   -112.97857150
   3.9   3.200   -112.97003710

   4.0   1.600   -112.73619910
   4.0   1.700   -112.89244330
   4.0   1.800   -112.99323790
   4.0   1.900   -113.05467640
   4.0   2.000   -113.08847190
   4.0   2.100   -113.10632540
   4.0   2.200   -113.10454180
   4.0   2.300   -113.09766680
   4.0   2.400   -113.08564800
   4.0   2.500   -113.07004890
   4.0   2.600   -113.05229230
   4.0   2.700   -113.03353480
   4.0   2.800   -113.01411520
   4.0   2.900   -112.99441890
   4.0   3.000   -112.98464180
   4.0   3.100   -112.97613510
   4.0   3.200   -112.96620230

   4.1   1.600   -112.74164070
   4.1   1.700   -112.89766120
   4.1   1.800   -112.99814850
   4.1   1.900   -113.05916930
   4.1   2.000   -113.09240310
   4.1   2.100   -113.10915970
   4.1   2.200   -113.10696740
   4.1   2.300   -113.09915760
   4.1   2.400   -113.08622400
   4.1   2.500   -113.06971720
   4.1   2.600   -113.05129800
   4.1   2.700   -113.03208370
   4.1   2.800   -113.01241550
   4.1   2.900   -112.99243870
   4.1   3.000   -112.98274940
   4.1   3.100   -112.97231260
   4.1   3.200   -112.96084750

   4.2   1.600   -112.74655720
   4.2   1.700   -112.90240680
   4.2   1.800   -113.00264480
   4.2   1.900   -113.06333020
   4.2   2.000   -113.09612410
   4.2   2.100   -113.11199140
   4.2   2.200   -113.10948420
   4.2   2.300   -113.10090110
   4.2   2.400   -113.08711150
   4.2   2.500   -113.06983490
   4.2   2.600   -113.05072140
   4.2   2.700   -113.03098820
   4.2   2.800   -113.01104620
   4.2   2.900   -112.99087670
   4.2   3.000   -112.98118940
   4.2   3.100   -112.96720450
   4.2   3.200   -112.95546320

   4.4   1.600   -112.75493770
   4.4   1.700   -112.91055440
   4.4   1.800   -113.01043560
   4.4   1.900   -113.07063610
   4.4   2.000   -113.10279460
   4.4   2.100   -113.11724960
   4.4   2.200   -113.11442010
   4.4   2.300   -113.10470690
   4.4   2.400   -113.08960720
   4.4   2.500   -113.07105520
   4.4   2.600   -113.05078650
   4.4   2.700   -113.02999320
   4.4   2.800   -113.00930420
   4.4   2.900   -112.98900420
   4.4   3.000   -112.97624160
   4.4   3.100   -112.95888862
   4.4   3.200   -112.94467150

   4.6   1.600   -112.76159930
   4.6   1.700   -112.91707800
   4.6   1.800   -113.01673110
   4.6   1.900   -113.07661570
   4.6   2.000   -113.10835260
   4.6   2.100   -113.12176390
   4.6   2.200   -113.11885250
   4.6   2.300   -113.10841070
   4.6   2.400   -113.09244370
   4.6   2.500   -113.07301430
   4.6   2.600   -113.05188320
   4.6   2.700   -113.03026870
   4.6   2.800   -113.00886450
   4.6   2.900   -112.98900340
   4.6   3.000   -112.97461560
   4.6   3.100   -112.95373044
   4.6   3.200   -112.93727275

   4.8   1.600   -112.76681340
   4.8   1.700   -112.92220680
   4.8   1.800   -113.02171920
   4.8   1.900   -113.08139190
   4.8   2.000   -113.11284240
   4.8   2.100   -113.12556360
   4.8   2.200   -113.12259360
   4.8   2.300   -113.11167240
   4.8   2.400   -113.09513060
   4.8   2.500   -113.07512050
   4.8   2.600   -113.05340220
   4.8   2.700   -113.03119950
   4.8   2.800   -113.00925890
   4.8   2.900   -112.99078050
   4.8   3.000   -112.97400510
   4.8   3.100   -112.95100304
   4.8   3.200   -112.93348524

   5.0   1.600   -112.77083950
   5.0   1.700   -112.92618450
   5.0   1.800   -113.02560930
   5.0   1.900   -113.08513760
   5.0   2.000   -113.11638920
   5.0   2.100   -113.12860200
   5.0   2.200   -113.12562570
   5.0   2.300   -113.11438250
   5.0   2.400   -113.09744930
   5.0   2.500   -113.07704940
   5.0   2.600   -113.05493590
   5.0   2.700   -113.03232660
   5.0   2.800   -113.01000950
   5.0   2.900   -112.99272970
   5.0   3.000   -112.97305000
   5.0   3.100   -112.94997947
   5.0   3.200   -112.93222552

   5.2   1.600   -112.77187660
   5.2   1.700   -112.92922850
   5.2   1.800   -113.02859830
   5.2   1.900   -113.08802370
   5.2   2.000   -113.11913210
   5.2   2.100   -113.13097470
   5.2   2.200   -113.12800890
   5.2   2.300   -113.11654650
   5.2   2.400   -113.09933880
   5.2   2.500   -113.07866430
   5.2   2.600   -113.05627960
   5.2   2.700   -113.03339410
   5.2   2.800   -113.01081800
   5.2   2.900   -112.99448070
   5.2   3.000   -112.97231320
   5.2   3.100   -112.94993280
   5.2   3.200   -112.93241018

   5.4   1.600   -112.77110870
   5.4   1.700   -112.93120420
   5.4   1.800   -113.03086150
   5.4   1.900   -113.09021590
   5.4   2.000   -113.12122120
   5.4   2.100   -113.13278900
   5.4   2.200   -113.12983960
   5.4   2.300   -113.11822250
   5.4   2.400   -113.10081040
   5.4   2.500   -113.07995480
   5.4   2.600   -113.05738040
   5.4   2.700   -113.03429930
   5.4   2.800   -113.01154140
   5.4   2.900   -112.99534630
   5.4   3.000   -112.97173680
   5.4   3.100   -112.95020240
   5.4   3.200   -112.93295580

   5.6   1.600   -112.77043310
   5.6   1.700   -112.93055590
   5.6   1.800   -113.03255030
   5.6   1.900   -113.09185100
   5.6   2.000   -113.12278280
   5.6   2.100   -113.13415700
   5.6   2.200   -113.13122050
   5.6   2.300   -113.11949390
   5.6   2.400   -113.10193970
   5.6   2.500   -113.08095490
   5.6   2.600   -113.05824520
   5.6   2.700   -113.03502430
   5.6   2.800   -113.01213380
   5.6   2.900   -112.99492210
   5.6   3.000   -112.97127490
   5.6   3.100   -112.95045450
   5.6   3.200   -112.93310850

   5.8   1.600   -112.76983040
   5.8   1.700   -112.92999190
   5.8   1.800   -113.03357900
   5.8   1.900   -113.09304760
   5.8   2.000   -113.12392790
   5.8   2.100   -113.13516290
   5.8   2.200   -113.13223530
   5.8   2.300   -113.12042950
   5.8   2.400   -113.10278170
   5.8   2.500   -113.08170470
   5.8   2.600   -113.05889830
   5.8   2.700   -113.03557770
   5.8   2.800   -113.01259180
   5.8   2.900   -112.99458380
   5.8   3.000   -112.97090820
   5.8   3.100   -112.95065720
   5.8   3.200   -112.93324000

   6.0   1.600   -112.76928400
   6.0   1.700   -112.92948320
   6.0   1.800   -113.03310800
   6.0   1.900   -113.09390820
   6.0   2.000   -113.12475270
   6.0   2.100   -113.13588380
   6.0   2.200   -113.13296890
   6.0   2.300   -113.12110010
   6.0   2.400   -113.10339630
   6.0   2.500   -113.08225230
   6.0   2.600   -113.05937690
   6.0   2.700   -113.03598400
   6.0   2.800   -113.01292860
   6.0   2.900   -112.99431680
   6.0   3.000   -112.97062010
   6.0   3.100   -112.95080230
   6.0   3.200   -112.93333360

   7.0   1.600   -112.76711560
   7.0   1.700   -112.92747260
   7.0   1.800   -113.03126270
   7.0   1.900   -113.09442700
   7.0   2.000   -113.12629580
   7.0   2.100   -113.13718930
   7.0   2.200   -113.13431830
   7.0   2.300   -113.12233530
   7.0   2.400   -113.10450720
   7.0   2.500   -113.08321930
   7.0   2.600   -113.05983038
   7.0   2.700   -113.03643771
   7.0   2.800   -113.01365958
   7.0   2.900   -112.99354710
   7.0   3.000   -112.97023800
   7.0   3.100   -112.95090430
   7.0   3.200   -112.93332990

   8.0   1.600   -112.76564190
   8.0   1.700   -112.92611200
   8.0   1.800   -113.03002030
   8.0   1.900   -113.09330510
   8.0   2.000   -113.12638280
   8.0   2.100   -113.13719010
   8.0   2.200   -113.13431360
   8.0   2.300   -113.12228580
   8.0   2.400   -113.10440130
   8.0   2.500   -113.08303700
   8.0   2.600   -113.05870604
   8.0   2.700   -113.03557250
   8.0   2.800   -113.01344262
   8.0   2.900   -112.99323190
   8.0   3.000   -112.97005140
   8.0   3.100   -112.95068980
   8.0   3.200   -112.93309360

   9.0   1.600   -112.76467080
   9.0   1.700   -112.92522130
   9.0   1.800   -113.02921360
   9.0   1.900   -113.09258450
   9.0   2.000   -113.12628450
   9.0   2.100   -113.13711330
   9.0   2.200   -113.13424780
   9.0   2.300   -113.12223070
   9.0   2.400   -113.10436500
   9.0   2.500   -113.08303460
   9.0   2.600   -113.05826450
   9.0   2.700   -113.03516040
   9.0   2.800   -113.01304430
   9.0   2.900   -112.99279770
   9.0   3.000   -112.96990160
   9.0   3.100   -112.95053430
   9.0   3.200   -112.93293370

  10.0   1.600   -112.76403530
  10.0   1.700   -112.92464480
  10.0   1.800   -113.02869900
  10.0   1.900   -113.09213310
  10.0   2.000   -113.12621330
  10.0   2.100   -113.13704140
  10.0   2.200   -113.13417720
  10.0   2.300   -113.12216170
  10.0   2.400   -113.10429900
  10.0   2.500   -113.08297400
  10.0   2.600   -113.05959410
  10.0   2.700   -113.03608880
  10.0   2.800   -113.01299880
  10.0   2.900   -112.99311720
  10.0   3.000   -112.96981710
  10.0   3.100   -112.95044890
  10.0   3.200   -112.93284760

  12.0   1.600   -112.76324590
  12.0   1.700   -112.92393420
  12.0   1.800   -113.02806910
  12.0   1.900   -113.09159080
  12.0   2.000   -113.12607790
  12.0   2.100   -113.13696930
  12.0   2.200   -113.13410510
  12.0   2.300   -113.12209000
  12.0   2.400   -113.10422810
  12.0   2.500   -113.08290440
  12.0   2.600   -113.05983180
  12.0   2.700   -113.03625000
  12.0   2.800   -113.01301350
  12.0   2.900   -112.99331970
  12.0   3.000   -112.96974460
  12.0   3.100   -112.95037650
  12.0   3.200   -112.93277540

  14.0   1.600   -112.76279740
  14.0   1.700   -112.92353230
  14.0   1.800   -113.02771780
  14.0   1.900   -113.09128610
  14.0   2.000   -113.12582310
  14.0   2.100   -113.13694090
  14.0   2.200   -113.13407660
  14.0   2.300   -113.12206160
  14.0   2.400   -113.10420000
  14.0   2.500   -113.08287650
  14.0   2.600   -113.05981010
  14.0   2.700   -113.03622710
  14.0   2.800   -113.01298810
  14.0   2.900   -112.99339410
  14.0   3.000   -112.96978580
  14.0   3.100   -112.95035010
  14.0   3.200   -112.93274920

  16.0   1.600   -112.76241040
  16.0   1.700   -112.92317430
  16.0   1.800   -113.02739050
  16.0   1.900   -113.09099090
  16.0   2.000   -113.12556140
  16.0   2.100   -113.13692730
  16.0   2.200   -113.13406300
  16.0   2.300   -113.12204820
  16.0   2.400   -113.10418670
  16.0   2.500   -113.08286340
  16.0   2.600   -113.05979720
  16.0   2.700   -113.03621440
  16.0   2.800   -113.01297550
  16.0   2.900   -112.99341790
  16.0   3.000   -112.96983630
  16.0   3.100   -112.95033800
  16.0   3.200   -112.93273740

  18.0   1.600   -112.76224260
  18.0   1.700   -112.92302820
  18.0   1.800   -113.02726730
  18.0   1.900   -113.09089150
  18.0   2.000   -113.12548610
  18.0   2.100   -113.13692000
  18.0   2.200   -113.13405570
  18.0   2.300   -113.12204090
  18.0   2.400   -113.10417950
  18.0   2.500   -113.08285640
  18.0   2.600   -113.05979030
  18.0   2.700   -113.03620760
  18.0   2.800   -113.01296890
  18.0   2.900   -112.99352360
  18.0   3.000   -112.96995450
  18.0   3.100   -112.95033180
  18.0   3.200   -112.93273130

  20.0   1.600   -112.76212470
  20.0   1.700   -112.92292600
  20.0   1.800   -113.02718160
  20.0   1.900   -113.09082290
  20.0   2.000   -113.12543490
  20.0   2.100   -113.13691580
  20.0   2.200   -113.13405150
  20.0   2.300   -113.12203670
  20.0   2.400   -113.10417540
  20.0   2.500   -113.08285230
  20.0   2.600   -113.05978640
  20.0   2.700   -113.03620380
  20.0   2.800   -113.01296510
  20.0   2.900   -112.99360420
  20.0   3.000   -112.97004440
  20.0   3.100   -112.95032840
  20.0   3.200   -112.93272790

  21.0   1.600   -112.76212431
  21.0   1.700   -112.92292618
  21.0   1.800   -113.02718155
  21.0   1.900   -113.09082339
  21.0   2.000   -113.12543464
  21.0   2.100   -113.13691626
  21.0   2.200   -113.13405116
  21.0   2.300   -113.12203624
  21.0   2.400   -113.10417540
  21.0   2.500   -113.08285251
  21.0   2.600   -113.05978642
  21.0   2.700   -113.03620399
  21.0   2.800   -113.01296502
  21.0   2.900   -112.99360433
  21.0   3.000   -112.97004471
  21.0   3.100   -112.95032794
  21.0   3.200   -112.93272778

  22.0   1.600   -112.76210064
  22.0   1.700   -112.92290764
  22.0   1.800   -113.02716842
  22.0   1.900   -113.09081587
  22.0   2.000   -113.12543285
  22.0   2.100   -113.13692022
  22.0   2.200   -113.13406082
  22.0   2.300   -113.12205147
  22.0   2.400   -113.10419598
  22.0   2.500   -113.08287816
  22.0   2.600   -113.05981677
  22.0   2.700   -113.03623860
  22.0   2.800   -113.01300338
  22.0   2.900   -112.99364586
  22.0   3.000   -112.97008876
  22.0   3.100   -112.95037378
  22.0   3.200   -112.93277462

  23.0   1.600   -112.76207930
  23.0   1.700   -112.92289080
  23.0   1.800   -113.02715634
  23.0   1.900   -113.09080872
  23.0   2.000   -113.12543074
  23.0   2.100   -113.13692317
  23.0   2.200   -113.13406878
  23.0   2.300   -113.12206434
  23.0   2.400   -113.10421358
  23.0   2.500   -113.08290023
  23.0   2.600   -113.05984301
  23.0   2.700   -113.03626862
  23.0   2.800   -113.01303674
  23.0   2.900   -112.99368206
  23.0   3.000   -112.97012722
  23.0   3.100   -112.95041389
  23.0   3.200   -112.93281570

  24.0   1.600   -112.76206002
  24.0   1.700   -112.92287550
  24.0   1.800   -113.02714524
  24.0   1.900   -113.09080197
  24.0   2.000   -113.12542844
  24.0   2.100   -113.13692535
  24.0   2.200   -113.13407541
  24.0   2.300   -113.12207531
  24.0   2.400   -113.10422874
  24.0   2.500   -113.08291937
  24.0   2.600   -113.05986585
  24.0   2.700   -113.03629483
  24.0   2.800   -113.01306594
  24.0   2.900   -112.99371380
  24.0   3.000   -112.97016101
  24.0   3.100   -112.95044919
  24.0   3.200   -112.93285190

  25.0   1.600   -112.76204257
  25.0   1.700   -112.92286158
  25.0   1.800   -113.02713504
  25.0   1.900   -113.09079564
  25.0   2.000   -113.12542606
  25.0   2.100   -113.13692694
  25.0   2.200   -113.13408095
  25.0   2.300   -113.12208473
  25.0   2.400   -113.10424189
  25.0   2.500   -113.08293606
  25.0   2.600   -113.05988585
  25.0   2.700   -113.03631784
  25.0   2.800   -113.01309163
  25.0   2.900   -112.99374178
  25.0   3.000   -112.97019085
  25.0   3.100   -112.95048041
  25.0   3.200   -112.93288397

  26.0   1.600   -112.76202674
  26.0   1.700   -112.92284889
  26.0   1.800   -113.02712567
  26.0   1.900   -113.09078972
  26.0   2.000   -113.12542366
  26.0   2.100   -113.13692809
  26.0   2.200   -113.13408563
  26.0   2.300   -113.12209286
  26.0   2.400   -113.10425336
  26.0   2.500   -113.08295071
  26.0   2.600   -113.05990346
  26.0   2.700   -113.03633816
  26.0   2.800   -113.01311435
  26.0   2.900   -112.99376657
  26.0   3.000   -112.97021733
  26.0   3.100   -112.95050815
  26.0   3.200   -112.93291251

  27.0   1.600   -112.76201234
  27.0   1.700   -112.92283730
  27.0   1.800   -113.02711706
  27.0   1.900   -113.09078419
  27.0   2.000   -113.12542128
  27.0   2.100   -113.13692890
  27.0   2.200   -113.13408960
  27.0   2.300   -113.12209993
  27.0   2.400   -113.10426343
  27.0   2.500   -113.08296362
  27.0   2.600   -113.05991904
  27.0   2.700   -113.03635618
  27.0   2.800   -113.01313455
  27.0   2.900   -112.99378864
  27.0   3.000   -112.97024094
  27.0   3.100   -112.95053291
  27.0   3.200   -112.93293801

  28.0   1.600   -112.76199922
  28.0   1.700   -112.92282671
  28.0   1.800   -113.02710913
  28.0   1.900   -113.09077904
  28.0   2.000   -113.12541897
  28.0   2.100   -113.13692945
  28.0   2.200   -113.13409299
  28.0   2.300   -113.12210611
  28.0   2.400   -113.10427231
  28.0   2.500   -113.08297508
  28.0   2.600   -113.05993290
  28.0   2.700   -113.03637224
  28.0   2.800   -113.01315258
  28.0   2.900   -112.99380838
  28.0   3.000   -112.97026207
  28.0   3.100   -112.95055509
  28.0   3.200   -112.93296089

  29.0   1.600   -112.76198724
  29.0   1.700   -112.92281700
  29.0   1.800   -113.02710183
  29.0   1.900   -113.09077424
  29.0   2.000   -113.12541673
  29.0   2.100   -113.13692979
  29.0   2.200   -113.13409590
  29.0   2.300   -113.12211154
  29.0   2.400   -113.10428018
  29.0   2.500   -113.08298527
  29.0   2.600   -113.05994527
  29.0   2.700   -113.03638662
  29.0   2.800   -113.01316875
  29.0   2.900   -112.99382609
  29.0   3.000   -112.97028105
  29.0   3.100   -112.95057506
  29.0   3.200   -112.93298150

  30.0   1.600   -112.76197627
  30.0   1.700   -112.92280808
  30.0   1.800   -113.02709509
  30.0   1.900   -113.09076977
  30.0   2.000   -113.12541457
  30.0   2.100   -113.13692997
  30.0   2.200   -113.13409841
  30.0   2.300   -113.12211634
  30.0   2.400   -113.10428719
  30.0   2.500   -113.08299439
  30.0   2.600   -113.05995637
  30.0   2.700   -113.03639953
  30.0   2.800   -113.01318329
  30.0   2.900   -112.99384204
  30.0   3.000   -112.97029818
  30.0   3.100   -112.95059308
  30.0   3.200   -112.93300012

  31.0   1.600   -112.76196620
  31.0   1.700   -112.92279989
  31.0   1.800   -113.02708887
  31.0   1.900   -113.09076560
  31.0   2.000   -113.12541251
  31.0   2.100   -113.13693003
  31.0   2.200   -113.13410059
  31.0   2.300   -113.12212059
  31.0   2.400   -113.10429346
  31.0   2.500   -113.08300258
  31.0   2.600   -113.05996636
  31.0   2.700   -113.03641118
  31.0   2.800   -113.01319643
  31.0   2.900   -112.99385647
  31.0   3.000   -112.97031367
  31.0   3.100   -112.95060940
  31.0   3.200   -112.93301700

  32.0   1.600   -112.76195695
  32.0   1.700   -112.92279233
  32.0   1.800   -113.02708312
  32.0   1.900   -113.09076172
  32.0   2.000   -113.12541055
  32.0   2.100   -113.13693000
  32.0   2.200   -113.13410249
  32.0   2.300   -113.12212438
  32.0   2.400   -113.10429908
  32.0   2.500   -113.08300996
  32.0   2.600   -113.05997538
  32.0   2.700   -113.03642172
  32.0   2.800   -113.01320833
  32.0   2.900   -112.99386955
  32.0   3.000   -112.97032774
  32.0   3.100   -112.95062423
  32.0   3.200   -112.93303235

  33.0   1.600   -112.76194842
  33.0   1.700   -112.92278536
  33.0   1.800   -113.02707779
  33.0   1.900   -113.09075810
  33.0   2.000   -113.12540868
  33.0   2.100   -113.13692990
  33.0   2.200   -113.13410414
  33.0   2.300   -113.12212777
  33.0   2.400   -113.10430415
  33.0   2.500   -113.08301663
  33.0   2.600   -113.05998356
  33.0   2.700   -113.03643129
  33.0   2.800   -113.01321914
  33.0   2.900   -112.99388145
  33.0   3.000   -112.97034055
  33.0   3.100   -112.95063774
  33.0   3.200   -112.93304635

  34.0   1.600   -112.76194055
  34.0   1.700   -112.92277891
  34.0   1.800   -113.02707285
  34.0   1.900   -113.09075472
  34.0   2.000   -113.12540690
  34.0   2.100   -113.13692974
  34.0   2.200   -113.13410560
  34.0   2.300   -113.12213082
  34.0   2.400   -113.10430873
  34.0   2.500   -113.08302268
  34.0   2.600   -113.05999100
  34.0   2.700   -113.03644000
  34.0   2.800   -113.01322900
  34.0   2.900   -112.99389232
  34.0   3.000   -112.97035225
  34.0   3.100   -112.95065009
  34.0   3.200   -112.93305915

  35.0   1.600   -112.76193328
  35.0   1.700   -112.92277294
  35.0   1.800   -113.02706825
  35.0   1.900   -113.09075156
  35.0   2.000   -113.12540521
  35.0   2.100   -113.13692954
  35.0   2.200   -113.13410688
  35.0   2.300   -113.12213355
  35.0   2.400   -113.10431289
  35.0   2.500   -113.08302819
  35.0   2.600   -113.05999778
  35.0   2.700   -113.03644795
  35.0   2.800   -113.01323801
  35.0   2.900   -112.99390225
  35.0   3.000   -112.97036296
  35.0   3.100   -112.95066141
  35.0   3.200   -112.93307089

  36.0   1.600   -112.76192654
  36.0   1.700   -112.92276740
  36.0   1.800   -113.02706398
  36.0   1.900   -113.09074861
  36.0   2.000   -113.12540361
  36.0   2.100   -113.13692931
  36.0   2.200   -113.13410801
  36.0   2.300   -113.12213603
  36.0   2.400   -113.10431667
  36.0   2.500   -113.08303322
  36.0   2.600   -113.06000398
  36.0   2.700   -113.03645523
  36.0   2.800   -113.01324627
  36.0   2.900   -112.99391136
  36.0   3.000   -112.97037279
  36.0   3.100   -112.95067180
  36.0   3.200   -112.93308168

  37.0   1.600   -112.76192028
  37.0   1.700   -112.92276225
  37.0   1.800   -113.02706000
  37.0   1.900   -113.09074584
  37.0   2.000   -113.12540210
  37.0   2.100   -113.13692906
  37.0   2.200   -113.13410902
  37.0   2.300   -113.12213827
  37.0   2.400   -113.10432011
  37.0   2.500   -113.08303782
  37.0   2.600   -113.06000966
  37.0   2.700   -113.03646192
  37.0   2.800   -113.01325386
  37.0   2.900   -112.99391974
  37.0   3.000   -112.97038183
  37.0   3.100   -112.95068137
  37.0   3.200   -112.93309161

  38.0   1.600   -112.76191446
  38.0   1.700   -112.92275745
  38.0   1.800   -113.02705628
  38.0   1.900   -113.09074326
  38.0   2.000   -113.12540066
  38.0   2.100   -113.13692879
  38.0   2.200   -113.13410991
  38.0   2.300   -113.12214031
  38.0   2.400   -113.10432326
  38.0   2.500   -113.08304203
  38.0   2.600   -113.06001488
  38.0   2.700   -113.03646807
  38.0   2.800   -113.01326084
  38.0   2.900   -112.99392746
  38.0   3.000   -112.97039017
  38.0   3.100   -112.95069019
  38.0   3.200   -112.93310078

  39.0   1.600   -112.76190905
  39.0   1.700   -112.92275298
  39.0   1.800   -113.02705281
  39.0   1.900   -113.09074083
  39.0   2.000   -113.12539930
  39.0   2.100   -113.13692851
  39.0   2.200   -113.13411071
  39.0   2.300   -113.12214217
  39.0   2.400   -113.10432616
  39.0   2.500   -113.08304591
  39.0   2.600   -113.06001969
  39.0   2.700   -113.03647374
  39.0   2.800   -113.01326729
  39.0   2.900   -112.99393459
  39.0   3.000   -112.97039787
  39.0   3.100   -112.95069836
  39.0   3.200   -112.93310927

  40.0   1.600   -112.76190400
  40.0   1.700   -112.92274880
  40.0   1.800   -113.02704956
  40.0   1.900   -113.09073855
  40.0   2.000   -113.12539801
  40.0   2.100   -113.13692822
  40.0   2.200   -113.13411142
  40.0   2.300   -113.12214387
  40.0   2.400   -113.10432881
  40.0   2.500   -113.08304948
  40.0   2.600   -113.06002413
  40.0   2.700   -113.03647897
  40.0   2.800   -113.01327325
  40.0   2.900   -112.99394119
  40.0   3.000   -112.97040500
  40.0   3.100   -112.95070591
  40.0   3.200   -112.93311713

  41.0   1.600   -112.76189928
  41.0   1.700   -112.92274490
  41.0   1.800   -113.02704652
  41.0   1.900   -113.09073640
  41.0   2.000   -113.12539679
  41.0   2.100   -113.13692793
  41.0   2.200   -113.13411206
  41.0   2.300   -113.12214543
  41.0   2.400   -113.10433126
  41.0   2.500   -113.08305278
  41.0   2.600   -113.06002823
  41.0   2.700   -113.03648382
  41.0   2.800   -113.01327878
  41.0   2.900   -112.99394731
  41.0   3.000   -112.97041162
  41.0   3.100   -112.95071293
  41.0   3.200   -112.93312443

  42.0   1.600   -112.76189487
  42.0   1.700   -112.92274125
  42.0   1.800   -113.02704367
  42.0   1.900   -113.09073439
  42.0   2.000   -113.12539563
  42.0   2.100   -113.13692764
  42.0   2.200   -113.13411264
  42.0   2.300   -113.12214686
  42.0   2.400   -113.10433352
  42.0   2.500   -113.08305584
  42.0   2.600   -113.06003204
  42.0   2.700   -113.03648832
  42.0   2.800   -113.01328391
  42.0   2.900   -112.99395299
  42.0   3.000   -112.97041777
  42.0   3.100   -112.95071945
  42.0   3.200   -112.93313122

  43.0   1.600   -112.76189074
  43.0   1.700   -112.92273782
  43.0   1.800   -113.02704099
  43.0   1.900   -113.09073249
  43.0   2.000   -113.12539453
  43.0   2.100   -113.13692735
  43.0   2.200   -113.13411316
  43.0   2.300   -113.12214817
  43.0   2.400   -113.10433561
  43.0   2.500   -113.08305867
  43.0   2.600   -113.06003557
  43.0   2.700   -113.03649251
  43.0   2.800   -113.01328868
  43.0   2.900   -112.99395828
  43.0   3.000   -112.97042350
  43.0   3.100   -112.95072553
  43.0   3.200   -112.93313755

  44.0   1.600   -112.76188686
  44.0   1.700   -112.92273460
  44.0   1.800   -113.02703848
  44.0   1.900   -113.09073070
  44.0   2.000   -113.12539349
  44.0   2.100   -113.13692706
  44.0   2.200   -113.13411362
  44.0   2.300   -113.12214938
  44.0   2.400   -113.10433754
  44.0   2.500   -113.08306130
  44.0   2.600   -113.06003886
  44.0   2.700   -113.03649640
  44.0   2.800   -113.01329312
  44.0   2.900   -112.99396321
  44.0   3.000   -112.97042884
  44.0   3.100   -112.95073120
  44.0   3.200   -112.93314346

  45.0   1.600   -112.76188322
  45.0   1.700   -112.92273158
  45.0   1.800   -113.02703611
  45.0   1.900   -113.09072901
  45.0   2.000   -113.12539250
  45.0   2.100   -113.13692678
  45.0   2.200   -113.13411405
  45.0   2.300   -113.12215050
  45.0   2.400   -113.10433934
  45.0   2.500   -113.08306375
  45.0   2.600   -113.06004192
  45.0   2.700   -113.03650003
  45.0   2.800   -113.01329727
  45.0   2.900   -112.99396781
  45.0   3.000   -112.97043382
  45.0   3.100   -112.95073649
  45.0   3.200   -112.93314898

  46.0   1.600   -112.76187980
  46.0   1.700   -112.92272873
  46.0   1.800   -113.02703387
  46.0   1.900   -113.09072742
  46.0   2.000   -113.12539156
  46.0   2.100   -113.13692650
  46.0   2.200   -113.13411443
  46.0   2.300   -113.12215154
  46.0   2.400   -113.10434101
  46.0   2.500   -113.08306603
  46.0   2.600   -113.06004477
  46.0   2.700   -113.03650342
  46.0   2.800   -113.01330114
  46.0   2.900   -112.99397211
  46.0   3.000   -112.97043849
  46.0   3.100   -112.95074145
  46.0   3.200   -112.93315414

  47.0   1.600   -112.76187657
  47.0   1.700   -112.92272605
  47.0   1.800   -113.02703177
  47.0   1.900   -113.09072591
  47.0   2.000   -113.12539067
  47.0   2.100   -113.13692623
  47.0   2.200   -113.13411478
  47.0   2.300   -113.12215250
  47.0   2.400   -113.10434257
  47.0   2.500   -113.08306816
  47.0   2.600   -113.06004744
  47.0   2.700   -113.03650659
  47.0   2.800   -113.01330477
  47.0   2.900   -112.99397614
  47.0   3.000   -112.97044286
  47.0   3.100   -112.95074609
  47.0   3.200   -112.93315899

  48.0   1.600   -112.76187354
  48.0   1.700   -112.92272353
  48.0   1.800   -113.02702978
  48.0   1.900   -113.09072448
  48.0   2.000   -113.12538982
  48.0   2.100   -113.13692596
  48.0   2.200   -113.13411510
  48.0   2.300   -113.12215339
  48.0   2.400   -113.10434402
  48.0   2.500   -113.08307015
  48.0   2.600   -113.06004994
  48.0   2.700   -113.03650956
  48.0   2.800   -113.01330817
  48.0   2.900   -112.99397992
  48.0   3.000   -112.97044696
  48.0   3.100   -112.95075045
  48.0   3.200   -112.93316353

  49.0   1.600   -112.76187067
  49.0   1.700   -112.92272114
  49.0   1.800   -113.02702790
  49.0   1.900   -113.09072313
  49.0   2.000   -113.12538901
  49.0   2.100   -113.13692571
  49.0   2.200   -113.13411539
  49.0   2.300   -113.12215423
  49.0   2.400   -113.10434538
  49.0   2.500   -113.08307201
  49.0   2.600   -113.06005229
  49.0   2.700   -113.03651235
  49.0   2.800   -113.01331136
  49.0   2.900   -112.99398346
  49.0   3.000   -112.97045081
  49.0   3.100   -112.95075454
  49.0   3.200   -112.93316781

  50.0   1.600   -112.76186797
  50.0   1.700   -112.92271888
  50.0   1.800   -113.02702612
  50.0   1.900   -113.09072185
  50.0   2.000   -113.12538824
  50.0   2.100   -113.13692545
  50.0   2.200   -113.13411565
  50.0   2.300   -113.12215500
  50.0   2.400   -113.10434665
  50.0   2.500   -113.08307376
  50.0   2.600   -113.06005448
  50.0   2.700   -113.03651497
  50.0   2.800   -113.01331436
  50.0   2.900   -112.99398680
  50.0   3.000   -112.97045443
  50.0   3.100   -112.95075839
  50.0   3.200   -112.93317183

