   0.6   1.600   -110.36469060
   0.6   1.700   -110.64846270
   0.6   1.800   -111.00784140
   0.6   1.900   -111.26627360
   0.6   2.000   -111.49644310
   0.6   2.100   -111.67178180
   0.6   2.200   -111.85391030
   0.6   2.300   -111.99723240
   0.6   2.400   -112.13011160
   0.6   2.500   -112.24622220
   0.6   2.600   -112.34800650
   0.6   2.700   -112.43395580
   0.6   2.800   -112.50305940
   0.6   2.900   -112.56316060
   0.6   3.000   -112.61417990
   0.6   3.100   -112.65799530
   0.6   3.200   -112.69640630

   1.0   1.600   -111.16827900
   1.0   1.700   -111.44416080
   1.0   1.800   -111.65522650
   1.0   1.900   -111.80186090
   1.0   2.000   -111.93908300
   1.0   2.100   -112.08460430
   1.0   2.200   -112.17106140
   1.0   2.300   -112.26270080
   1.0   2.400   -112.34300420
   1.0   2.500   -112.41233950
   1.0   2.600   -112.47398810
   1.0   2.700   -112.53024540
   1.0   2.800   -112.58193080
   1.0   2.900   -112.63501420
   1.0   3.000   -112.67528310
   1.0   3.100   -112.70954440
   1.0   3.200   -112.74006200

   1.4   1.600   -111.79336940
   1.4   1.700   -112.11322230
   1.4   1.800   -112.26934050
   1.4   1.900   -112.38561460
   1.4   2.000   -112.47138910
   1.4   2.100   -112.52824040
   1.4   2.200   -112.58542500
   1.4   2.300   -112.62448290
   1.4   2.400   -112.65607180
   1.4   2.500   -112.68312130
   1.4   2.600   -112.70743290
   1.4   2.700   -112.73061310
   1.4   2.800   -112.75167180
   1.4   2.900   -112.79439680
   1.4   3.000   -112.82199640
   1.4   3.100   -112.80339960
   1.4   3.200   -112.81979950

   1.6   1.600   -111.99499185
   1.6   1.700   -112.31429022
   1.6   1.800   -112.45547123
   1.6   1.900   -112.55732792
   1.6   2.000   -112.63090273
   1.6   2.100   -112.69725273
   1.6   2.200   -112.71977214
   1.6   2.300   -112.74778812
   1.6   2.400   -112.76700750
   1.6   2.500   -112.78253557
   1.6   2.600   -112.79553495
   1.6   2.700   -112.80771981
   1.6   2.800   -112.81855324
   1.6   2.900   -112.83422633
   1.6   3.000   -112.84685301
   1.6   3.100   -112.84904528
   1.6   3.200   -112.85909819

   1.8   1.600   -112.13971130
   1.8   1.700   -112.44809810
   1.8   1.800   -112.58018050
   1.8   1.900   -112.67474240
   1.8   2.000   -112.74151490
   1.8   2.100   -112.80022721
   1.8   2.200   -112.81714790
   1.8   2.300   -112.83696420
   1.8   2.400   -112.84950370
   1.8   2.500   -112.85780930
   1.8   2.600   -112.86375410
   1.8   2.700   -112.86899600
   1.8   2.800   -112.87312730
   1.8   2.900   -112.87711450
   1.8   3.000   -112.88173030
   1.8   3.100   -112.88682260
   1.8   3.200   -112.89193420

   2.0   1.600   -112.24052170
   2.0   1.700   -112.53047800
   2.0   1.800   -112.65851580
   2.0   1.900   -112.74930200
   2.0   2.000   -112.81221230
   2.0   2.100   -112.85943060
   2.0   2.200   -112.88141460
   2.0   2.300   -112.89712580
   2.0   2.400   -112.90622930
   2.0   2.500   -112.91073400
   2.0   2.600   -112.91281830
   2.0   2.700   -112.91409940
   2.0   2.800   -112.91420830
   2.0   2.900   -112.91410130
   2.0   3.000   -112.91456230
   2.0   3.100   -112.91568980
   2.0   3.200   -112.91712560

   2.1   1.600   -112.27800080
   2.1   1.700   -112.55782940
   2.1   1.800   -112.68505990
   2.1   1.900   -112.77426860
   2.1   2.000   -112.83567400
   2.1   2.100   -112.87957650
   2.1   2.200   -112.90273280
   2.1   2.300   -112.91795700
   2.1   2.400   -112.92594210
   2.1   2.500   -112.92949890
   2.1   2.600   -112.93050340
   2.1   2.700   -112.93058050
   2.1   2.800   -112.92941730
   2.1   2.900   -112.92792690
   2.1   3.000   -112.92688350
   2.1   3.100   -112.92651040
   2.1   3.200   -112.92653450

   2.2   1.600   -112.30697300
   2.2   1.700   -112.58021850
   2.2   1.800   -112.70580320
   2.2   1.900   -112.79358530
   2.2   2.000   -112.85376580
   2.2   2.100   -112.89630500
   2.2   2.200   -112.91912680
   2.2   2.300   -112.93369950
   2.2   2.400   -112.94111460
   2.2   2.500   -112.94399590
   2.2   2.600   -112.94425180
   2.2   2.700   -112.94344660
   2.2   2.800   -112.94136230
   2.2   2.900   -112.93883330
   2.2   3.000   -112.93661630
   2.2   3.100   -112.93502310
   2.2   3.200   -112.93387540

   2.3   1.600   -112.32956330
   2.3   1.700   -112.59783720
   2.3   1.800   -112.72184900
   2.3   1.900   -112.80825870
   2.3   2.000   -112.86736250
   2.3   2.100   -112.90886080
   2.3   2.200   -112.93129200
   2.3   2.300   -112.94534600
   2.3   2.400   -112.95232680
   2.3   2.500   -112.95474290
   2.3   2.600   -112.95447050
   2.3   2.700   -112.95303120
   2.3   2.800   -112.95030750
   2.3   2.900   -112.94703790
   2.3   3.000   -112.94392830
   2.3   3.100   -112.94136880
   2.3   3.200   -112.93926110

   2.4   1.600   -112.34834910
   2.4   1.700   -112.61144390
   2.4   1.800   -112.73409420
   2.4   1.900   -112.81918530
   2.4   2.000   -112.87729690
   2.4   2.100   -112.91785530
   2.4   2.200   -112.93995660
   2.4   2.300   -112.95355690
   2.4   2.400   -112.96018790
   2.4   2.500   -112.96225100
   2.4   2.600   -112.96159990
   2.4   2.700   -112.95970420
   2.4   2.800   -112.95654900
   2.4   2.900   -112.95277260
   2.4   3.000   -112.94902680
   2.4   3.100   -112.94572350
   2.4   3.200   -112.94284100

   2.5   1.600   -112.36458900
   2.5   1.700   -112.62201740
   2.5   1.800   -112.74330320
   2.5   1.900   -112.82713470
   2.5   2.000   -112.88428540
   2.5   2.100   -112.92393550
   2.5   2.200   -112.94573660
   2.5   2.300   -112.95895380
   2.5   2.400   -112.96527020
   2.5   2.500   -112.96703940
   2.5   2.600   -112.96609150
   2.5   2.700   -112.96386000
   2.5   2.800   -112.96041560
   2.5   2.900   -112.95631760
   2.5   3.000   -112.95214230
   2.5   3.100   -112.94828140
   2.5   3.200   -112.94478470

   2.6   1.600   -112.37889360
   2.6   1.700   -112.63031790
   2.6   1.800   -112.75020900
   2.6   1.900   -112.83275560
   2.6   2.000   -112.88895450
   2.6   2.100   -112.92772430
   2.6   2.200   -112.94923410
   2.6   2.300   -112.96209140
   2.6   2.400   -112.96810160
   2.6   2.500   -112.96960050
   2.6   2.600   -112.96839360
   2.6   2.700   -112.96588510
   2.6   2.800   -112.96224040
   2.6   2.900   -112.95794730
   2.6   3.000   -112.95349990
   2.6   3.100   -112.94925340
   2.6   3.200   -112.94528370

   2.7   1.600   -112.39141930
   2.7   1.700   -112.63696810
   2.7   1.800   -112.75543220
   2.7   1.900   -112.83661350
   2.7   2.000   -112.89181140
   2.7   2.100   -112.92972690
   2.7   2.200   -112.95094880
   2.7   2.300   -112.96345500
   2.7   2.400   -112.96915940
   2.7   2.500   -112.97038800
   2.7   2.600   -112.96892160
   2.7   2.700   -112.96615430
   2.7   2.800   -112.96234670
   2.7   2.900   -112.95794090
   2.7   3.000   -112.95333990
   2.7   3.100   -112.94883100
   2.7   3.200   -112.94451420

   2.8   1.600   -112.40281380
   2.8   1.700   -112.64241490
   2.8   1.800   -112.75947630
   2.8   1.900   -112.83921930
   2.8   2.000   -112.89330330
   2.8   2.100   -112.93035810
   2.8   2.200   -112.95129970
   2.8   2.300   -112.96345450
   2.8   2.400   -112.96885950
   2.8   2.500   -112.96980800
   2.8   2.600   -112.96806840
   2.8   2.700   -112.96502200
   2.8   2.800   -112.96104930
   2.8   2.900   -112.95656970
   2.8   3.000   -112.95188460
   2.8   3.100   -112.94722460
   2.8   3.200   -112.94266730

   2.9   1.600   -112.41313490
   2.9   1.700   -112.64698150
   2.9   1.800   -112.76273730
   2.9   1.900   -112.84102180
   2.9   2.000   -112.89382610
   2.9   2.100   -112.92993320
   2.9   2.200   -112.95059920
   2.9   2.300   -112.96243680
   2.9   2.400   -112.96755390
   2.9   2.500   -112.96821520
   2.9   2.600   -112.96618010
   2.9   2.700   -112.96282300
   2.9   2.800   -112.95863770
   2.9   2.900   -112.95407680
   2.9   3.000   -112.94936010
   2.9   3.100   -112.94462990
   2.9   3.200   -112.93991080

   3.0   1.600   -112.42246670
   3.0   1.700   -112.65089320
   3.0   1.800   -112.76547770
   3.0   1.900   -112.84235720
   3.0   2.000   -112.89373030
   3.0   2.100   -112.92873380
   3.0   2.200   -112.94908350
   3.0   2.300   -112.96065390
   3.0   2.400   -112.96552200
   3.0   2.500   -112.96591370
   3.0   2.600   -112.96358340
   3.0   2.700   -112.95987470
   3.0   2.800   -112.95546740
   3.0   2.900   -112.95072620
   3.0   3.000   -112.94598430
   3.0   3.100   -112.94122350
   3.0   3.200   -112.93640770

   3.1   1.600   -112.43092740
   3.1   1.700   -112.65431170
   3.1   1.800   -112.76786680
   3.1   1.900   -112.84346230
   3.1   2.000   -112.89334150
   3.1   2.100   -112.92695200
   3.1   2.200   -112.94693460
   3.1   2.300   -112.95826560
   3.1   2.400   -112.96293660
   3.1   2.500   -112.96311520
   3.1   2.600   -112.96047840
   3.1   2.700   -112.95639940
   3.1   2.800   -112.95166920
   3.1   2.900   -112.94674880
   3.1   3.000   -112.94195100
   3.1   3.100   -112.93717230
   3.1   3.200   -112.93230500

   3.2   1.600   -112.43862100
   3.2   1.700   -112.65735970
   3.2   1.800   -112.77000820
   3.2   1.900   -112.84447410
   3.2   2.000   -112.89291310
   3.2   2.100   -112.92501920
   3.2   2.200   -112.94432730
   3.2   2.300   -112.95539370
   3.2   2.400   -112.95993250
   3.2   2.500   -112.95994450
   3.2   2.600   -112.95705350
   3.2   2.700   -112.95261080
   3.2   2.800   -112.94752550
   3.2   2.900   -112.94235040
   3.2   3.000   -112.93744140
   3.2   3.100   -112.93263510
   3.2   3.200   -112.92773830

   3.3   1.600   -112.44563310
   3.3   1.700   -112.66013010
   3.3   1.800   -112.77197390
   3.3   1.900   -112.84545720
   3.3   2.000   -112.89259200
   3.3   2.100   -112.92311730
   3.3   2.200   -112.94146280
   3.3   2.300   -112.95216050
   3.3   2.400   -112.95660040
   3.3   2.500   -112.95653440
   3.3   2.600   -112.95348040
   3.3   2.700   -112.94871320
   3.3   2.800   -112.94323590
   3.3   2.900   -112.93772560
   3.3   3.000   -112.93263130
   3.3   3.100   -112.92775920
   3.3   3.200   -112.92283390

   3.4   1.600   -112.45202890
   3.4   1.700   -112.66269000
   3.4   1.800   -112.77382040
   3.4   1.900   -112.84643880
   3.4   2.000   -112.89243670
   3.4   2.100   -112.92142680
   3.4   2.200   -112.93856800
   3.4   2.300   -112.94868660
   3.4   2.400   -112.95301030
   3.4   2.500   -112.95294760
   3.4   2.600   -112.94984010
   3.4   2.700   -112.94482010
   3.4   2.800   -112.93896490
   3.4   2.900   -112.93305470
   3.4   3.000   -112.92768760
   3.4   3.100   -112.92268790
   3.4   3.200   -112.91771190

   3.5   1.600   -112.45785690
   3.5   1.700   -112.66508260
   3.5   1.800   -112.77558880
   3.5   1.900   -112.84744320
   3.5   2.000   -112.89245230
   3.5   2.100   -112.92005530
   3.5   2.200   -112.93585300
   3.5   2.300   -112.94512030
   3.5   2.400   -112.94922540
   3.5   2.500   -112.94920130
   3.5   2.600   -112.94613890
   3.5   2.700   -112.94102370
   3.5   2.800   -112.93482830
   3.5   2.900   -112.92849280
   3.5   3.000   -112.92276630
   3.5   3.100   -112.91755900
   3.5   3.200   -112.91249090

   3.6   1.600   -112.46315680
   3.6   1.700   -112.66732940
   3.6   1.800   -112.77730260
   3.6   1.900   -112.84848940
   3.6   2.000   -112.89263520
   3.6   2.100   -112.91901720
   3.6   2.200   -112.93347940
   3.6   2.300   -112.94166100
   3.6   2.400   -112.94534140
   3.6   2.500   -112.94531810
   3.6   2.600   -112.94238310
   3.6   2.700   -112.93729540
   3.6   2.800   -112.93089230
   3.6   2.900   -112.92416700
   3.6   3.000   -112.91801090
   3.6   3.100   -112.91251390
   3.6   3.200   -112.90729690

   3.7   1.600   -112.46794870
   3.7   1.700   -112.66943640
   3.7   1.800   -112.77896680
   3.7   1.900   -112.84958410
   3.7   2.000   -112.89298430
   3.7   2.100   -112.91830640
   3.7   2.200   -112.93153330
   3.7   2.300   -112.93848280
   3.7   2.400   -112.94149310
   3.7   2.500   -112.94134130
   3.7   2.600   -112.93855850
   3.7   2.700   -112.93362560
   3.7   2.800   -112.92721040
   3.7   2.900   -112.92014680
   3.7   3.000   -112.91354470
   3.7   3.100   -112.90768750
   3.7   3.200   -112.90226070

   3.8   1.600   -112.47226490
   3.8   1.700   -112.67140410
   3.8   1.800   -112.78057390
   3.8   1.900   -112.85071780
   3.8   2.000   -112.89348730
   3.8   2.100   -112.91790260
   3.8   2.200   -112.93004350
   3.8   2.300   -112.93572610
   3.8   2.400   -112.93783690
   3.8   2.500   -112.93735280
   3.8   2.600   -112.93465850
   3.8   2.700   -112.92997200
   3.8   2.800   -112.92368570
   3.8   2.900   -112.91647310
   3.8   3.000   -112.90945950
   3.8   3.100   -112.90320030
   3.8   3.200   -112.89751580

   3.9   1.600   -112.47613260
   3.9   1.700   -112.67322790
   3.9   1.800   -112.78210920
   3.9   1.900   -112.85186800
   3.9   2.000   -112.89411660
   3.9   2.100   -112.91777800
   3.9   2.200   -112.92897810
   3.9   2.300   -112.93348070
   3.9   2.400   -112.93453360
   3.9   2.500   -112.93348200
   3.9   2.600   -112.93070640
   3.9   2.700   -112.92627600
   3.9   2.800   -112.92029260
   3.9   2.900   -112.91312230
   3.9   3.000   -112.90580720
   3.9   3.100   -112.89914500
   3.9   3.200   -112.89317820

   4.0   1.600   -112.47958180
   4.0   1.700   -112.67490400
   4.0   1.800   -112.78355740
   4.0   1.900   -112.85300810
   4.0   2.000   -112.89483470
   4.0   2.100   -112.91787870
   4.0   2.200   -112.92829780
   4.0   2.300   -112.93173720
   4.0   2.400   -112.93169630
   4.0   2.500   -112.92987500
   4.0   2.600   -112.92678440
   4.0   2.700   -112.92248220
   4.0   2.800   -112.91692970
   4.0   2.900   -112.91003920
   4.0   3.000   -112.90260710
   4.0   3.100   -112.89558050
   4.0   3.200   -112.88932880

   4.1   1.600   -112.48264250
   4.1   1.700   -112.67643140
   4.1   1.800   -112.78490580
   4.1   1.900   -112.85411160
   4.1   2.000   -112.89560190
   4.1   2.100   -112.91814860
   4.1   2.200   -112.92793470
   4.1   2.300   -112.93046990
   4.1   2.400   -112.92939010
   4.1   2.500   -112.92665850
   4.1   2.600   -112.92303370
   4.1   2.700   -112.91860330
   4.1   2.800   -112.91343630
   4.1   2.900   -112.90713150
   4.1   3.000   -112.89981720
   4.1   3.100   -112.89254290
   4.1   3.200   -112.88601110

   4.2   1.600   -112.48534530
   4.2   1.700   -112.67781210
   4.2   1.800   -112.78614680
   4.2   1.900   -112.85515980
   4.2   2.000   -112.89638210
   4.2   2.100   -112.91853330
   4.2   2.200   -112.92781130
   4.2   2.300   -112.92960370
   4.2   2.400   -112.92757310
   4.2   2.500   -112.92391490
   4.2   2.600   -112.91958770
   4.2   2.700   -112.91477340
   4.2   2.800   -112.90967630
   4.2   2.900   -112.90418560
   4.2   3.000   -112.89737730
   4.2   3.100   -112.89002250
   4.2   3.200   -112.88323910

   4.4   1.600   -112.48979770
   4.4   1.700   -112.68015270
   4.4   1.800   -112.78829430
   4.4   1.900   -112.85703620
   4.4   2.000   -112.89787660
   4.4   2.100   -112.91945950
   4.4   2.200   -112.92801110
   4.4   2.300   -112.92872670
   4.4   2.400   -112.92521850
   4.4   2.500   -112.91984680
   4.4   2.600   -112.91393310
   4.4   2.700   -112.90787030
   4.4   2.800   -112.90195090
   4.4   2.900   -112.89681540
   4.4   3.000   -112.89287780
   4.4   3.100   -112.88413970
   4.4   3.200   -112.87935580

   4.6   1.600   -112.49317390
   4.6   1.700   -112.68198270
   4.6   1.800   -112.79000730
   4.6   1.900   -112.85858040
   4.6   2.000   -112.89917830
   4.6   2.100   -112.92039230
   4.6   2.200   -112.92847990
   4.6   2.300   -112.92850190
   4.6   2.400   -112.92401460
   4.6   2.500   -112.91736340
   4.6   2.600   -112.90998660
   4.6   2.700   -112.90251720
   4.6   2.800   -112.89531020
   4.6   2.900   -112.88876860
   4.6   3.000   -112.88524010
   4.6   3.100   -112.87719384
   4.6   3.200   -112.87391795

   4.8   1.600   -112.49568820
   4.8   1.700   -112.68605390
   4.8   1.800   -112.79132750
   4.8   1.900   -112.85979390
   4.8   2.000   -112.90023460
   4.8   2.100   -112.92120370
   4.8   2.200   -112.92898560
   4.8   2.300   -112.92854820
   4.8   2.400   -112.92341750
   4.8   2.500   -112.91591300
   4.8   2.600   -112.90745640
   4.8   2.700   -112.89878450
   4.8   2.800   -112.89032600
   4.8   2.900   -112.88240290
   4.8   3.000   -112.87590070
   4.8   3.100   -112.86996735
   4.8   3.200   -112.86675400

   5.0   1.600   -112.49752690
   5.0   1.700   -112.68631430
   5.0   1.800   -112.79231230
   5.0   1.900   -112.86070910
   5.0   2.000   -112.90104510
   5.0   2.100   -112.92184780
   5.0   2.200   -112.92942090
   5.0   2.300   -112.92866880
   5.0   2.400   -112.92310190
   5.0   2.500   -112.91503600
   5.0   2.600   -112.90586190
   5.0   2.700   -112.89633210
   5.0   2.800   -112.88689970
   5.0   2.900   -112.87786760
   5.0   3.000   -112.86976760
   5.0   3.100   -112.86324269
   5.0   3.200   -112.85903934

   5.2   1.600   -112.49884550
   5.2   1.700   -112.68650150
   5.2   1.800   -112.79302260
   5.2   1.900   -112.86137240
   5.2   2.000   -112.90163650
   5.2   2.100   -112.92232280
   5.2   2.200   -112.92974830
   5.2   2.300   -112.92877450
   5.2   2.400   -112.92290250
   5.2   2.500   -112.91445180
   5.2   2.600   -112.90481010
   5.2   2.700   -112.89472270
   5.2   2.800   -112.88463400
   5.2   2.900   -112.87483290
   5.2   3.000   -112.86570450
   5.2   3.100   -112.85780230
   5.2   3.200   -112.85194935

   5.4   1.600   -112.49976980
   5.4   1.700   -112.68565920
   5.4   1.800   -112.79351630
   5.4   1.900   -112.86183280
   5.4   2.000   -112.90204590
   5.4   2.100   -112.92264860
   5.4   2.200   -112.92996700
   5.4   2.300   -112.92883170
   5.4   2.400   -112.92273880
   5.4   2.500   -112.91402220
   5.4   2.600   -112.90406730
   5.4   2.700   -112.89362020
   5.4   2.800   -112.88311630
   5.4   2.900   -112.87283310
   5.4   3.000   -112.86307730
   5.4   3.100   -112.85418170
   5.4   3.200   -112.84665940

   5.6   1.600   -112.50039820
   5.6   1.700   -112.68600260
   5.6   1.800   -112.79384440
   5.6   1.900   -112.86213640
   5.6   2.000   -112.90231190
   5.6   2.100   -112.92285400
   5.6   2.200   -112.93009310
   5.6   2.300   -112.92884000
   5.6   2.400   -112.92258750
   5.6   2.500   -112.91368050
   5.6   2.600   -112.90350920
   5.6   2.700   -112.89282420
   5.6   2.800   -112.88205600
   5.6   2.900   -112.87147810
   5.6   3.000   -112.86135290
   5.6   3.100   -112.85193360
   5.6   3.200   -112.84373220

   5.8   1.600   -112.50081060
   5.8   1.700   -112.68621930
   5.8   1.800   -112.79404950
   5.8   1.900   -112.86232270
   5.8   2.000   -112.90247000
   5.8   2.100   -112.92296620
   5.8   2.200   -112.93014610
   5.8   2.300   -112.92880510
   5.8   2.400   -112.92243530
   5.8   2.500   -112.91338930
   5.8   2.600   -112.90306470
   5.8   2.700   -112.89221760
   5.8   2.800   -112.88127740
   5.8   2.900   -112.87051610
   5.8   3.000   -112.86017070
   5.8   3.100   -112.85045300
   5.8   3.200   -112.84174120

   6.0   1.600   -112.50106830
   6.0   1.700   -112.68634490
   6.0   1.800   -112.79416580
   6.0   1.900   -112.86242440
   6.0   2.000   -112.90254990
   6.0   2.100   -112.92301180
   6.0   2.200   -112.93014640
   6.0   2.300   -112.92873870
   6.0   2.400   -112.92228250
   6.0   2.500   -112.91313390
   6.0   2.600   -112.90269850
   6.0   2.700   -112.89173760
   6.0   2.800   -112.88068160
   6.0   2.900   -112.86980120
   6.0   3.000   -112.85932000
   6.0   3.100   -112.84942390
   6.0   3.200   -112.84037810

   7.0   1.600   -112.50128540
   7.0   1.700   -112.68635610
   7.0   1.800   -112.79414950
   7.0   1.900   -112.86236800
   7.0   2.000   -112.90243690
   7.0   2.100   -112.92281330
   7.0   2.200   -112.92983700
   7.0   2.300   -112.92827270
   7.0   2.400   -112.92161480
   7.0   2.500   -112.91223310
   7.0   2.600   -112.90149065
   7.0   2.700   -112.89022438
   7.0   2.800   -112.87886545
   7.0   2.900   -112.86797220
   7.0   3.000   -112.85726270
   7.0   3.100   -112.84708850
   7.0   3.200   -112.83755630

   8.0   1.600   -112.50109560
   8.0   1.700   -112.68617380
   8.0   1.800   -112.79395590
   8.0   1.900   -112.86215960
   8.0   2.000   -112.90220940
   8.0   2.100   -112.92256000
   8.0   2.200   -112.92955120
   8.0   2.300   -112.92794480
   8.0   2.400   -112.92123610
   8.0   2.500   -112.91179830
   8.0   2.600   -112.90100266
   8.0   2.700   -112.88969552
   8.0   2.800   -112.87830370
   8.0   2.900   -112.86734140
   8.0   3.000   -112.85659370
   8.0   3.100   -112.84638000
   8.0   3.200   -112.83679860

   9.0   1.600   -112.50096410
   9.0   1.700   -112.68606210
   9.0   1.800   -112.79383980
   9.0   1.900   -112.86203810
   9.0   2.000   -112.90208120
   9.0   2.100   -112.92242350
   9.0   2.200   -112.92940490
   9.0   2.300   -112.92778660
   9.0   2.400   -112.92106470
   9.0   2.500   -112.91161320
   9.0   2.600   -112.90086330
   9.0   2.700   -112.88959960
   9.0   2.800   -112.87825750
   9.0   2.900   -112.86711080
   9.0   3.000   -112.85635540
   9.0   3.100   -112.84613440
   9.0   3.200   -112.83654550

  10.0   1.600   -112.50089320
  10.0   1.700   -112.68600340
  10.0   1.800   -112.79377940
  10.0   1.900   -112.86197550
  10.0   2.000   -112.90201610
  10.0   2.100   -112.92235530
  10.0   2.200   -112.92933330
  10.0   2.300   -112.92771120
  10.0   2.400   -112.92098530
  10.0   2.500   -112.91152990
  10.0   2.600   -112.90077640
  10.0   2.700   -112.88950960
  10.0   2.800   -112.87816470
  10.0   2.900   -112.86701590
  10.0   3.000   -112.85625870
  10.0   3.100   -112.84603640
  10.0   3.200   -112.83644650

  12.0   1.600   -112.50083180
  12.0   1.700   -112.68595330
  12.0   1.800   -112.79372810
  12.0   1.900   -112.86192280
  12.0   2.000   -112.90196170
  12.0   2.100   -112.92229880
  12.0   2.200   -112.92927440
  12.0   2.300   -112.92764990
  12.0   2.400   -112.92092170
  12.0   2.500   -112.91146430
  12.0   2.600   -112.90070900
  12.0   2.700   -112.88944050
  12.0   2.800   -112.87809430
  12.0   2.900   -112.86694450
  12.0   3.000   -112.85618680
  12.0   3.100   -112.84596440
  12.0   3.200   -112.83637500

  14.0   1.600   -112.50080880
  14.0   1.700   -112.68593490
  14.0   1.800   -112.79370930
  14.0   1.900   -112.86190350
  14.0   2.000   -112.90194180
  14.0   2.100   -112.92227820
  14.0   2.200   -112.92925290
  14.0   2.300   -112.92762750
  14.0   2.400   -112.92089850
  14.0   2.500   -112.91144040
  14.0   2.600   -112.90068450
  14.0   2.700   -112.88941540
  14.0   2.800   -112.87806880
  14.0   2.900   -112.86691870
  14.0   3.000   -112.85616090
  14.0   3.100   -112.84593880
  14.0   3.200   -112.83634990

  16.0   1.600   -112.50079810
  16.0   1.700   -112.68592640
  16.0   1.800   -112.79370060
  16.0   1.900   -112.86189470
  16.0   2.000   -112.90193270
  16.0   2.100   -112.92226880
  16.0   2.200   -112.92924300
  16.0   2.300   -112.92761720
  16.0   2.400   -112.92088780
  16.0   2.500   -112.91142930
  16.0   2.600   -112.90067310
  16.0   2.700   -112.88940370
  16.0   2.800   -112.87805680
  16.0   2.900   -112.86690660
  16.0   3.000   -112.85614880
  16.0   3.100   -112.84592680
  16.0   3.200   -112.83633830

  18.0   1.600   -112.50079250
  18.0   1.700   -112.68592200
  18.0   1.800   -112.79369620
  18.0   1.900   -112.86189020
  18.0   2.000   -112.90192800
  18.0   2.100   -112.92226390
  18.0   2.200   -112.92923800
  18.0   2.300   -112.92761190
  18.0   2.400   -112.92088220
  18.0   2.500   -112.91142350
  18.0   2.600   -112.90066710
  18.0   2.700   -112.88939760
  18.0   2.800   -112.87805050
  18.0   2.900   -112.86690010
  18.0   3.000   -112.85614240
  18.0   3.100   -112.84592050
  18.0   3.200   -112.83633220

  20.0   1.600   -112.50078930
  20.0   1.700   -112.68591950
  20.0   1.800   -112.79369370
  20.0   1.900   -112.86188770
  20.0   2.000   -112.90192540
  20.0   2.100   -112.92226120
  20.0   2.200   -112.92923510
  20.0   2.300   -112.92760890
  20.0   2.400   -112.92087910
  20.0   2.500   -112.91142030
  20.0   2.600   -112.90066370
  20.0   2.700   -112.88939410
  20.0   2.800   -112.87804680
  20.0   2.900   -112.86689650
  20.0   3.000   -112.85613880
  20.0   3.100   -112.84591700
  20.0   3.200   -112.83632890

  21.0   1.600   -112.50078931
  21.0   1.700   -112.68591918
  21.0   1.800   -112.79369355
  21.0   1.900   -112.86188739
  21.0   2.000   -112.90192564
  21.0   2.100   -112.92226126
  21.0   2.200   -112.92923516
  21.0   2.300   -112.92760924
  21.0   2.400   -112.92087940
  21.0   2.500   -112.91142051
  21.0   2.600   -112.90066342
  21.0   2.700   -112.88939399
  21.0   2.800   -112.87804702
  21.0   2.900   -112.86689633
  21.0   3.000   -112.85613871
  21.0   3.100   -112.84591694
  21.0   3.200   -112.83632878

  22.0   1.600   -112.50076564
  22.0   1.700   -112.68590064
  22.0   1.800   -112.79368042
  22.0   1.900   -112.86187987
  22.0   2.000   -112.90192385
  22.0   2.100   -112.92226522
  22.0   2.200   -112.92924482
  22.0   2.300   -112.92762447
  22.0   2.400   -112.92089998
  22.0   2.500   -112.91144616
  22.0   2.600   -112.90069377
  22.0   2.700   -112.88942860
  22.0   2.800   -112.87808538
  22.0   2.900   -112.86693786
  22.0   3.000   -112.85618276
  22.0   3.100   -112.84596278
  22.0   3.200   -112.83637562

  23.0   1.600   -112.50074430
  23.0   1.700   -112.68588380
  23.0   1.800   -112.79366834
  23.0   1.900   -112.86187272
  23.0   2.000   -112.90192174
  23.0   2.100   -112.92226817
  23.0   2.200   -112.92925278
  23.0   2.300   -112.92763734
  23.0   2.400   -112.92091758
  23.0   2.500   -112.91146823
  23.0   2.600   -112.90072001
  23.0   2.700   -112.88945862
  23.0   2.800   -112.87811874
  23.0   2.900   -112.86697406
  23.0   3.000   -112.85622122
  23.0   3.100   -112.84600289
  23.0   3.200   -112.83641670

  24.0   1.600   -112.50072502
  24.0   1.700   -112.68586850
  24.0   1.800   -112.79365724
  24.0   1.900   -112.86186597
  24.0   2.000   -112.90191944
  24.0   2.100   -112.92227035
  24.0   2.200   -112.92925941
  24.0   2.300   -112.92764831
  24.0   2.400   -112.92093274
  24.0   2.500   -112.91148737
  24.0   2.600   -112.90074285
  24.0   2.700   -112.88948483
  24.0   2.800   -112.87814794
  24.0   2.900   -112.86700580
  24.0   3.000   -112.85625501
  24.0   3.100   -112.84603819
  24.0   3.200   -112.83645290

  25.0   1.600   -112.50070757
  25.0   1.700   -112.68585458
  25.0   1.800   -112.79364704
  25.0   1.900   -112.86185964
  25.0   2.000   -112.90191706
  25.0   2.100   -112.92227194
  25.0   2.200   -112.92926495
  25.0   2.300   -112.92765773
  25.0   2.400   -112.92094589
  25.0   2.500   -112.91150406
  25.0   2.600   -112.90076285
  25.0   2.700   -112.88950784
  25.0   2.800   -112.87817363
  25.0   2.900   -112.86703378
  25.0   3.000   -112.85628485
  25.0   3.100   -112.84606941
  25.0   3.200   -112.83648497

  26.0   1.600   -112.50069174
  26.0   1.700   -112.68584189
  26.0   1.800   -112.79363767
  26.0   1.900   -112.86185372
  26.0   2.000   -112.90191466
  26.0   2.100   -112.92227309
  26.0   2.200   -112.92926963
  26.0   2.300   -112.92766586
  26.0   2.400   -112.92095736
  26.0   2.500   -112.91151871
  26.0   2.600   -112.90078046
  26.0   2.700   -112.88952816
  26.0   2.800   -112.87819635
  26.0   2.900   -112.86705857
  26.0   3.000   -112.85631133
  26.0   3.100   -112.84609715
  26.0   3.200   -112.83651351

  27.0   1.600   -112.50067734
  27.0   1.700   -112.68583030
  27.0   1.800   -112.79362906
  27.0   1.900   -112.86184819
  27.0   2.000   -112.90191228
  27.0   2.100   -112.92227390
  27.0   2.200   -112.92927360
  27.0   2.300   -112.92767293
  27.0   2.400   -112.92096743
  27.0   2.500   -112.91153162
  27.0   2.600   -112.90079604
  27.0   2.700   -112.88954618
  27.0   2.800   -112.87821655
  27.0   2.900   -112.86708064
  27.0   3.000   -112.85633494
  27.0   3.100   -112.84612191
  27.0   3.200   -112.83653901

  28.0   1.600   -112.50066422
  28.0   1.700   -112.68581971
  28.0   1.800   -112.79362113
  28.0   1.900   -112.86184304
  28.0   2.000   -112.90190997
  28.0   2.100   -112.92227445
  28.0   2.200   -112.92927699
  28.0   2.300   -112.92767911
  28.0   2.400   -112.92097631
  28.0   2.500   -112.91154308
  28.0   2.600   -112.90080990
  28.0   2.700   -112.88956224
  28.0   2.800   -112.87823458
  28.0   2.900   -112.86710038
  28.0   3.000   -112.85635607
  28.0   3.100   -112.84614409
  28.0   3.200   -112.83656189

  29.0   1.600   -112.50065224
  29.0   1.700   -112.68581000
  29.0   1.800   -112.79361383
  29.0   1.900   -112.86183824
  29.0   2.000   -112.90190773
  29.0   2.100   -112.92227479
  29.0   2.200   -112.92927990
  29.0   2.300   -112.92768454
  29.0   2.400   -112.92098418
  29.0   2.500   -112.91155327
  29.0   2.600   -112.90082227
  29.0   2.700   -112.88957662
  29.0   2.800   -112.87825075
  29.0   2.900   -112.86711809
  29.0   3.000   -112.85637505
  29.0   3.100   -112.84616406
  29.0   3.200   -112.83658250

  30.0   1.600   -112.50064127
  30.0   1.700   -112.68580108
  30.0   1.800   -112.79360709
  30.0   1.900   -112.86183377
  30.0   2.000   -112.90190557
  30.0   2.100   -112.92227497
  30.0   2.200   -112.92928241
  30.0   2.300   -112.92768934
  30.0   2.400   -112.92099119
  30.0   2.500   -112.91156239
  30.0   2.600   -112.90083337
  30.0   2.700   -112.88958953
  30.0   2.800   -112.87826529
  30.0   2.900   -112.86713404
  30.0   3.000   -112.85639218
  30.0   3.100   -112.84618208
  30.0   3.200   -112.83660112

  31.0   1.600   -112.50063120
  31.0   1.700   -112.68579289
  31.0   1.800   -112.79360087
  31.0   1.900   -112.86182960
  31.0   2.000   -112.90190351
  31.0   2.100   -112.92227503
  31.0   2.200   -112.92928459
  31.0   2.300   -112.92769359
  31.0   2.400   -112.92099746
  31.0   2.500   -112.91157058
  31.0   2.600   -112.90084336
  31.0   2.700   -112.88960118
  31.0   2.800   -112.87827843
  31.0   2.900   -112.86714847
  31.0   3.000   -112.85640767
  31.0   3.100   -112.84619840
  31.0   3.200   -112.83661800

  32.0   1.600   -112.50062195
  32.0   1.700   -112.68578533
  32.0   1.800   -112.79359512
  32.0   1.900   -112.86182572
  32.0   2.000   -112.90190155
  32.0   2.100   -112.92227500
  32.0   2.200   -112.92928649
  32.0   2.300   -112.92769738
  32.0   2.400   -112.92100308
  32.0   2.500   -112.91157796
  32.0   2.600   -112.90085238
  32.0   2.700   -112.88961172
  32.0   2.800   -112.87829033
  32.0   2.900   -112.86716155
  32.0   3.000   -112.85642174
  32.0   3.100   -112.84621323
  32.0   3.200   -112.83663335

  33.0   1.600   -112.50061342
  33.0   1.700   -112.68577836
  33.0   1.800   -112.79358979
  33.0   1.900   -112.86182210
  33.0   2.000   -112.90189968
  33.0   2.100   -112.92227490
  33.0   2.200   -112.92928814
  33.0   2.300   -112.92770077
  33.0   2.400   -112.92100815
  33.0   2.500   -112.91158463
  33.0   2.600   -112.90086056
  33.0   2.700   -112.88962129
  33.0   2.800   -112.87830114
  33.0   2.900   -112.86717345
  33.0   3.000   -112.85643455
  33.0   3.100   -112.84622674
  33.0   3.200   -112.83664735

  34.0   1.600   -112.50060555
  34.0   1.700   -112.68577191
  34.0   1.800   -112.79358485
  34.0   1.900   -112.86181872
  34.0   2.000   -112.90189790
  34.0   2.100   -112.92227474
  34.0   2.200   -112.92928960
  34.0   2.300   -112.92770382
  34.0   2.400   -112.92101273
  34.0   2.500   -112.91159068
  34.0   2.600   -112.90086800
  34.0   2.700   -112.88963000
  34.0   2.800   -112.87831100
  34.0   2.900   -112.86718432
  34.0   3.000   -112.85644625
  34.0   3.100   -112.84623909
  34.0   3.200   -112.83666015

  35.0   1.600   -112.50059828
  35.0   1.700   -112.68576594
  35.0   1.800   -112.79358025
  35.0   1.900   -112.86181556
  35.0   2.000   -112.90189621
  35.0   2.100   -112.92227454
  35.0   2.200   -112.92929088
  35.0   2.300   -112.92770655
  35.0   2.400   -112.92101689
  35.0   2.500   -112.91159619
  35.0   2.600   -112.90087478
  35.0   2.700   -112.88963795
  35.0   2.800   -112.87832001
  35.0   2.900   -112.86719425
  35.0   3.000   -112.85645696
  35.0   3.100   -112.84625041
  35.0   3.200   -112.83667189

  36.0   1.600   -112.50059154
  36.0   1.700   -112.68576040
  36.0   1.800   -112.79357598
  36.0   1.900   -112.86181261
  36.0   2.000   -112.90189461
  36.0   2.100   -112.92227431
  36.0   2.200   -112.92929201
  36.0   2.300   -112.92770903
  36.0   2.400   -112.92102067
  36.0   2.500   -112.91160122
  36.0   2.600   -112.90088098
  36.0   2.700   -112.88964523
  36.0   2.800   -112.87832827
  36.0   2.900   -112.86720336
  36.0   3.000   -112.85646679
  36.0   3.100   -112.84626080
  36.0   3.200   -112.83668268

  37.0   1.600   -112.50058528
  37.0   1.700   -112.68575525
  37.0   1.800   -112.79357200
  37.0   1.900   -112.86180984
  37.0   2.000   -112.90189310
  37.0   2.100   -112.92227406
  37.0   2.200   -112.92929302
  37.0   2.300   -112.92771127
  37.0   2.400   -112.92102411
  37.0   2.500   -112.91160582
  37.0   2.600   -112.90088666
  37.0   2.700   -112.88965192
  37.0   2.800   -112.87833586
  37.0   2.900   -112.86721174
  37.0   3.000   -112.85647583
  37.0   3.100   -112.84627037
  37.0   3.200   -112.83669261

  38.0   1.600   -112.50057946
  38.0   1.700   -112.68575045
  38.0   1.800   -112.79356828
  38.0   1.900   -112.86180726
  38.0   2.000   -112.90189166
  38.0   2.100   -112.92227379
  38.0   2.200   -112.92929391
  38.0   2.300   -112.92771331
  38.0   2.400   -112.92102726
  38.0   2.500   -112.91161003
  38.0   2.600   -112.90089188
  38.0   2.700   -112.88965807
  38.0   2.800   -112.87834284
  38.0   2.900   -112.86721946
  38.0   3.000   -112.85648417
  38.0   3.100   -112.84627919
  38.0   3.200   -112.83670178

  39.0   1.600   -112.50057405
  39.0   1.700   -112.68574598
  39.0   1.800   -112.79356481
  39.0   1.900   -112.86180483
  39.0   2.000   -112.90189030
  39.0   2.100   -112.92227351
  39.0   2.200   -112.92929471
  39.0   2.300   -112.92771517
  39.0   2.400   -112.92103016
  39.0   2.500   -112.91161391
  39.0   2.600   -112.90089669
  39.0   2.700   -112.88966374
  39.0   2.800   -112.87834929
  39.0   2.900   -112.86722659
  39.0   3.000   -112.85649187
  39.0   3.100   -112.84628736
  39.0   3.200   -112.83671027

  40.0   1.600   -112.50056900
  40.0   1.700   -112.68574180
  40.0   1.800   -112.79356156
  40.0   1.900   -112.86180255
  40.0   2.000   -112.90188901
  40.0   2.100   -112.92227322
  40.0   2.200   -112.92929542
  40.0   2.300   -112.92771687
  40.0   2.400   -112.92103281
  40.0   2.500   -112.91161748
  40.0   2.600   -112.90090113
  40.0   2.700   -112.88966897
  40.0   2.800   -112.87835525
  40.0   2.900   -112.86723319
  40.0   3.000   -112.85649900
  40.0   3.100   -112.84629491
  40.0   3.200   -112.83671813

  41.0   1.600   -112.50056428
  41.0   1.700   -112.68573790
  41.0   1.800   -112.79355852
  41.0   1.900   -112.86180040
  41.0   2.000   -112.90188779
  41.0   2.100   -112.92227293
  41.0   2.200   -112.92929606
  41.0   2.300   -112.92771843
  41.0   2.400   -112.92103526
  41.0   2.500   -112.91162078
  41.0   2.600   -112.90090523
  41.0   2.700   -112.88967382
  41.0   2.800   -112.87836078
  41.0   2.900   -112.86723931
  41.0   3.000   -112.85650562
  41.0   3.100   -112.84630193
  41.0   3.200   -112.83672543

  42.0   1.600   -112.50055987
  42.0   1.700   -112.68573425
  42.0   1.800   -112.79355567
  42.0   1.900   -112.86179839
  42.0   2.000   -112.90188663
  42.0   2.100   -112.92227264
  42.0   2.200   -112.92929664
  42.0   2.300   -112.92771986
  42.0   2.400   -112.92103752
  42.0   2.500   -112.91162384
  42.0   2.600   -112.90090904
  42.0   2.700   -112.88967832
  42.0   2.800   -112.87836591
  42.0   2.900   -112.86724499
  42.0   3.000   -112.85651177
  42.0   3.100   -112.84630845
  42.0   3.200   -112.83673222

  43.0   1.600   -112.50055574
  43.0   1.700   -112.68573082
  43.0   1.800   -112.79355299
  43.0   1.900   -112.86179649
  43.0   2.000   -112.90188553
  43.0   2.100   -112.92227235
  43.0   2.200   -112.92929716
  43.0   2.300   -112.92772117
  43.0   2.400   -112.92103961
  43.0   2.500   -112.91162667
  43.0   2.600   -112.90091257
  43.0   2.700   -112.88968251
  43.0   2.800   -112.87837068
  43.0   2.900   -112.86725028
  43.0   3.000   -112.85651750
  43.0   3.100   -112.84631453
  43.0   3.200   -112.83673855

  44.0   1.600   -112.50055186
  44.0   1.700   -112.68572760
  44.0   1.800   -112.79355048
  44.0   1.900   -112.86179470
  44.0   2.000   -112.90188449
  44.0   2.100   -112.92227206
  44.0   2.200   -112.92929762
  44.0   2.300   -112.92772238
  44.0   2.400   -112.92104154
  44.0   2.500   -112.91162930
  44.0   2.600   -112.90091586
  44.0   2.700   -112.88968640
  44.0   2.800   -112.87837512
  44.0   2.900   -112.86725521
  44.0   3.000   -112.85652284
  44.0   3.100   -112.84632020
  44.0   3.200   -112.83674446

  45.0   1.600   -112.50054822
  45.0   1.700   -112.68572458
  45.0   1.800   -112.79354811
  45.0   1.900   -112.86179301
  45.0   2.000   -112.90188350
  45.0   2.100   -112.92227178
  45.0   2.200   -112.92929805
  45.0   2.300   -112.92772350
  45.0   2.400   -112.92104334
  45.0   2.500   -112.91163175
  45.0   2.600   -112.90091892
  45.0   2.700   -112.88969003
  45.0   2.800   -112.87837927
  45.0   2.900   -112.86725981
  45.0   3.000   -112.85652782
  45.0   3.100   -112.84632549
  45.0   3.200   -112.83674998

  46.0   1.600   -112.50054480
  46.0   1.700   -112.68572173
  46.0   1.800   -112.79354587
  46.0   1.900   -112.86179142
  46.0   2.000   -112.90188256
  46.0   2.100   -112.92227150
  46.0   2.200   -112.92929843
  46.0   2.300   -112.92772454
  46.0   2.400   -112.92104501
  46.0   2.500   -112.91163403
  46.0   2.600   -112.90092177
  46.0   2.700   -112.88969342
  46.0   2.800   -112.87838314
  46.0   2.900   -112.86726411
  46.0   3.000   -112.85653249
  46.0   3.100   -112.84633045
  46.0   3.200   -112.83675514

  47.0   1.600   -112.50054157
  47.0   1.700   -112.68571905
  47.0   1.800   -112.79354377
  47.0   1.900   -112.86178991
  47.0   2.000   -112.90188167
  47.0   2.100   -112.92227123
  47.0   2.200   -112.92929878
  47.0   2.300   -112.92772550
  47.0   2.400   -112.92104657
  47.0   2.500   -112.91163616
  47.0   2.600   -112.90092444
  47.0   2.700   -112.88969659
  47.0   2.800   -112.87838677
  47.0   2.900   -112.86726814
  47.0   3.000   -112.85653686
  47.0   3.100   -112.84633509
  47.0   3.200   -112.83675999

  48.0   1.600   -112.50053854
  48.0   1.700   -112.68571653
  48.0   1.800   -112.79354178
  48.0   1.900   -112.86178848
  48.0   2.000   -112.90188082
  48.0   2.100   -112.92227096
  48.0   2.200   -112.92929910
  48.0   2.300   -112.92772639
  48.0   2.400   -112.92104802
  48.0   2.500   -112.91163815
  48.0   2.600   -112.90092694
  48.0   2.700   -112.88969956
  48.0   2.800   -112.87839017
  48.0   2.900   -112.86727192
  48.0   3.000   -112.85654096
  48.0   3.100   -112.84633945
  48.0   3.200   -112.83676453

  49.0   1.600   -112.50053567
  49.0   1.700   -112.68571414
  49.0   1.800   -112.79353990
  49.0   1.900   -112.86178713
  49.0   2.000   -112.90188001
  49.0   2.100   -112.92227071
  49.0   2.200   -112.92929939
  49.0   2.300   -112.92772723
  49.0   2.400   -112.92104938
  49.0   2.500   -112.91164001
  49.0   2.600   -112.90092929
  49.0   2.700   -112.88970235
  49.0   2.800   -112.87839336
  49.0   2.900   -112.86727546
  49.0   3.000   -112.85654481
  49.0   3.100   -112.84634354
  49.0   3.200   -112.83676881

  50.0   1.600   -112.50053297
  50.0   1.700   -112.68571188
  50.0   1.800   -112.79353812
  50.0   1.900   -112.86178585
  50.0   2.000   -112.90187924
  50.0   2.100   -112.92227045
  50.0   2.200   -112.92929965
  50.0   2.300   -112.92772800
  50.0   2.400   -112.92105065
  50.0   2.500   -112.91164176
  50.0   2.600   -112.90093148
  50.0   2.700   -112.88970497
  50.0   2.800   -112.87839636
  50.0   2.900   -112.86727880
  50.0   3.000   -112.85654843
  50.0   3.100   -112.84634739
  50.0   3.200   -112.83677283

