   1.4   1.600   -111.19069573
   1.4   1.700   -111.07240013
   1.4   1.800   -110.86269131
   1.4   1.900   -110.57030750
   1.4   2.000   -110.17685410
   1.4   2.100   -109.72675491
   1.4   2.200   -109.20545264
   1.4   2.300   -108.59810354
   1.4   2.400   -107.95623101
   1.4   2.500   -107.21864818
   1.4   2.600   -106.51894040
   1.4   2.700   -105.78096510
   1.4   2.800   -105.07110010
   1.4   2.900   -104.31589300
   1.4   3.000   -103.92321090
   1.4   3.100   -103.65302380
   1.4   3.200   -103.66935920

   1.6   1.600   -112.19358106
   1.6   1.700   -112.24978727
   1.6   1.800   -112.20735925
   1.6   1.900   -112.07606641
   1.6   2.000   -111.86081441
   1.6   2.100   -111.61840470
   1.6   2.200   -111.36304856
   1.6   2.300   -111.08448037
   1.6   2.400   -110.80963319
   1.6   2.500   -110.46831074
   1.6   2.600   -110.06269902
   1.6   2.700   -109.54100010
   1.6   2.800   -108.91098608
   1.6   2.900   -108.13858485
   1.6   3.000   -107.49176712
   1.6   3.100   -106.86364466
   1.6   3.200   -106.40363349

   1.8   1.600   -112.57681480
   1.8   1.700   -112.67928340
   1.8   1.800   -112.71785740
   1.8   1.900   -112.70249080
   1.8   2.000   -112.64976880
   1.8   2.100   -112.56030350
   1.8   2.200   -112.43637220
   1.8   2.300   -112.26243630
   1.8   2.400   -112.09130350
   1.8   2.500   -111.89179720
   1.8   2.600   -111.67122820
   1.8   2.700   -111.41883750
   1.8   2.800   -111.14503950
   1.8   2.900   -110.83927200
   1.8   3.000   -110.50730340
   1.8   3.100   -110.15067500
   1.8   3.200   -109.76626840

   2.0   1.600   -112.78020830
   2.0   1.700   -112.91710000
   2.0   1.800   -112.99040350
   2.0   1.900   -113.02405960
   2.0   2.000   -113.01761370
   2.0   2.100   -112.98601200
   2.0   2.200   -112.92950360
   2.0   2.300   -112.82810060
   2.0   2.400   -112.74222130
   2.0   2.500   -112.63269870
   2.0   2.600   -112.51989470
   2.0   2.700   -112.37908120
   2.0   2.800   -112.23679600
   2.0   2.900   -112.06340830
   2.0   3.000   -111.88571780
   2.0   3.100   -111.68011150
   2.0   3.200   -111.46396130

   2.1   1.600   -112.83241920
   2.1   1.700   -112.97994390
   2.1   1.800   -113.06305300
   2.1   1.900   -113.11356675
   2.1   2.000   -113.11822280
   2.1   2.100   -113.10352170
   2.1   2.200   -113.06681960
   2.1   2.300   -112.98822110
   2.1   2.400   -112.92655350
   2.1   2.500   -112.84403890
   2.1   2.600   -112.76305390
   2.1   2.700   -112.65566970
   2.1   2.800   -112.55305960
   2.1   2.900   -112.42151140
   2.1   3.000   -112.29230450
   2.1   3.100   -112.13735940
   2.1   3.200   -111.97864310

   2.2   1.600   -112.86250070
   2.2   1.700   -113.01797420
   2.2   1.800   -113.10931190
   2.2   1.900   -113.16856380
   2.2   2.000   -113.18434700
   2.2   2.100   -113.18177610
   2.2   2.200   -113.15934380
   2.2   2.300   -113.09556980
   2.2   2.400   -113.05392660
   2.2   2.500   -112.99043320
   2.2   2.600   -112.93157970
   2.2   2.700   -112.84819210
   2.2   2.800   -112.77419050
   2.2   2.900   -112.67294030
   2.2   3.000   -112.57883210
   2.2   3.100   -112.46124400
   2.2   3.200   -112.34539600

   2.3   1.600   -112.87583170
   2.3   1.700   -113.03758870
   2.3   1.800   -113.13668560
   2.3   1.900   -113.20203460
   2.3   2.000   -113.22595200
   2.3   2.100   -113.23200830
   2.3   2.200   -113.21979430
   2.3   2.300   -113.16502640
   2.3   2.400   -113.11655710
   2.3   2.500   -113.08581950
   2.3   2.600   -113.03867530
   2.3   2.700   -112.98192010
   2.3   2.800   -112.92786890
   2.3   2.900   -112.84876870
   2.3   3.000   -112.77977530
   2.3   3.100   -112.68946080
   2.3   3.200   -112.60496510

   2.4   1.600   -112.87927710
   2.4   1.700   -113.04406980
   2.4   1.800   -113.15064120
   2.4   1.900   -113.21838310
   2.4   2.000   -113.25003800
   2.4   2.100   -113.26222570
   2.4   2.200   -113.25731440
   2.4   2.300   -113.21013580
   2.4   2.400   -113.16587900
   2.4   2.500   -113.14900300
   2.4   2.600   -113.10507000
   2.4   2.700   -113.06679340
   2.4   2.800   -113.01813920
   2.4   2.900   -112.96607150
   2.4   3.000   -112.90880300
   2.4   3.100   -112.84597790
   2.4   3.200   -112.78157430

   2.5   1.600   -112.87656890
   2.5   1.700   -113.04260700
   2.5   1.800   -113.15519430
   2.5   1.900   -113.22305410
   2.5   2.000   -113.26172560
   2.5   2.100   -113.27822410
   2.5   2.200   -113.27843680
   2.5   2.300   -113.23945690
   2.5   2.400   -113.19880490
   2.5   2.500   -113.18977420
   2.5   2.600   -113.15153330
   2.5   2.700   -113.12437830
   2.5   2.800   -113.08351640
   2.5   2.900   -113.04534780
   2.5   3.000   -112.99729520
   2.5   3.100   -112.95270300
   2.5   3.200   -112.90091450

   2.6   1.600   -112.86946860
   2.6   1.700   -113.03736620
   2.6   1.800   -113.15323630
   2.6   1.900   -113.22068650
   2.6   2.000   -113.26479200
   2.6   2.100   -113.28427610
   2.6   2.200   -113.28801660
   2.6   2.300   -113.27790750
   2.6   2.400   -113.21978140
   2.6   2.500   -113.21497550
   2.6   2.600   -113.18215200
   2.6   2.700   -113.16110600
   2.6   2.800   -113.12636800
   2.6   2.900   -113.09746710
   2.6   3.000   -113.05715250
   2.6   3.100   -113.02445560
   2.6   3.200   -112.98293170

   2.7   1.600   -112.86007190
   2.7   1.700   -113.02908690
   2.7   1.800   -113.14733150
   2.7   1.900   -113.21416730
   2.7   2.000   -113.26210760
   2.7   2.100   -113.28365770
   2.7   2.200   -113.28976670
   2.7   2.300   -113.28391800
   2.7   2.400   -113.24912510
   2.7   2.500   -113.22944290
   2.7   2.600   -113.20663840
   2.7   2.700   -113.18311460
   2.7   2.800   -113.15274890
   2.7   2.900   -113.13031220
   2.7   3.000   -113.09600030
   2.7   3.100   -113.07127090
   2.7   3.200   -113.03774180

   2.8   1.600   -112.84954720
   2.8   1.700   -113.01915380
   2.8   1.800   -113.13906850
   2.8   1.900   -113.20577150
   2.8   2.000   -113.25558000
   2.8   2.100   -113.27864660
   2.8   2.200   -113.28628830
   2.8   2.300   -113.28283360
   2.8   2.400   -113.25787460
   2.8   2.500   -113.23666660
   2.8   2.600   -113.21564970
   2.8   2.700   -113.19481250
   2.8   2.800   -113.16765270
   2.8   2.900   -113.14948340
   2.8   3.000   -113.11968660
   2.8   3.100   -113.10031360
   2.8   3.200   -113.07273380

   2.9   1.600   -112.83874180
   2.9   1.700   -113.00839970
   2.9   1.800   -113.12929200
   2.9   1.900   -113.19602050
   2.9   2.000   -113.24669780
   2.9   2.100   -113.27078900
   2.9   2.200   -113.27933530
   2.9   2.300   -113.27726670
   2.9   2.400   -113.26633900
   2.9   2.500   -113.23966430
   2.9   2.600   -113.21867700
   2.9   2.700   -113.19933100
   2.9   2.800   -113.17426960
   2.9   2.900   -113.15899410
   2.9   3.000   -113.13244070
   2.9   3.100   -113.11670840
   2.9   3.200   -113.09341030

   3.0   1.600   -112.82843890
   3.0   1.700   -112.99775810
   3.0   1.800   -113.11870040
   3.0   1.900   -113.18550940
   3.0   2.000   -113.23672780
   3.0   2.100   -113.26106930
   3.0   2.200   -113.27030130
   3.0   2.300   -113.26877450
   3.0   2.400   -113.25996680
   3.0   2.500   -113.24181520
   3.0   2.600   -113.21782810
   3.0   2.700   -113.19900790
   3.0   2.800   -113.17508870
   3.0   2.900   -113.16176930
   3.0   3.000   -113.13747120
   3.0   3.100   -113.12419500
   3.0   3.200   -113.10388400

   3.1   1.600   -112.81570900
   3.1   1.700   -112.98795790
   3.1   1.800   -113.10744650
   3.1   1.900   -113.17562670
   3.1   2.000   -113.22612950
   3.1   2.100   -113.25053860
   3.1   2.200   -113.25991550
   3.1   2.300   -113.25863840
   3.1   2.400   -113.25082400
   3.1   2.500   -113.23786210
   3.1   2.600   -113.21478910
   3.1   2.700   -113.19548290
   3.1   2.800   -113.17192570
   3.1   2.900   -113.15988900
   3.1   3.000   -113.13703480
   3.1   3.100   -113.12548180
   3.1   3.200   -113.10717240

   3.2   1.600   -112.80592570
   3.2   1.700   -112.97790220
   3.2   1.800   -113.09703430
   3.2   1.900   -113.16573230
   3.2   2.000   -113.21541660
   3.2   2.100   -113.23985590
   3.2   2.200   -113.24916200
   3.2   2.300   -113.24787070
   3.2   2.400   -113.24048180
   3.2   2.500   -113.22918920
   3.2   2.600   -113.21014540
   3.2   2.700   -113.19006840
   3.2   2.800   -113.16543260
   3.2   2.900   -113.15486660
   3.2   3.000   -113.13297350
   3.2   3.100   -113.12251770
   3.2   3.200   -113.10541720

   3.3   1.600   -112.79729399
   3.3   1.700   -112.96742024
   3.3   1.800   -113.08663638
   3.3   1.900   -113.15596930
   3.3   2.000   -113.20503310
   3.3   2.100   -113.22926990
   3.3   2.200   -113.23846350
   3.3   2.300   -113.23714420
   3.3   2.400   -113.22975150
   3.3   2.500   -113.21901930
   3.3   2.600   -113.20221500
   3.3   2.700   -113.18358470
   3.3   2.800   -113.15845540
   3.3   2.900   -113.14778190
   3.3   3.000   -113.12579210
   3.3   3.100   -113.11668820
   3.3   3.200   -113.10028990

   3.4   1.600   -112.78937071
   3.4   1.700   -112.95972810
   3.4   1.800   -113.07719820
   3.4   1.900   -113.14663643
   3.4   2.000   -113.19517990
   3.4   2.100   -113.21897963
   3.4   2.200   -113.22796577
   3.4   2.300   -113.22658112
   3.4   2.400   -113.21919290
   3.4   2.500   -113.20857800
   3.4   2.600   -113.19275630
   3.4   2.700   -113.17568730
   3.4   2.800   -113.14980320
   3.4   2.900   -113.13942850
   3.4   3.000   -113.11748840
   3.4   3.100   -113.10893410
   3.4   3.200   -113.09293100

   3.5   1.600   -112.78276837
   3.5   1.700   -112.95454880
   3.5   1.800   -113.06954550
   3.5   1.900   -113.13797550
   3.5   2.000   -113.18603910
   3.5   2.100   -113.20919190
   3.5   2.200   -113.21787750
   3.5   2.300   -113.21632470
   3.5   2.400   -113.20893960
   3.5   2.500   -113.19850510
   3.5   2.600   -113.18331790
   3.5   2.700   -113.16683070
   3.5   2.800   -113.14055610
   3.5   2.900   -113.13045340
   3.5   3.000   -113.10822300
   3.5   3.100   -113.09998550
   3.5   3.200   -113.08377840

   3.6   1.600   -112.77809950
   3.6   1.700   -112.94848805
   3.6   1.800   -113.06207350
   3.6   1.900   -113.13012330
   3.6   2.000   -113.17774980
   3.6   2.100   -113.20008680
   3.6   2.200   -113.20839550
   3.6   2.300   -113.20656140
   3.6   2.400   -113.19900540
   3.6   2.500   -113.18857300
   3.6   2.600   -113.17433660
   3.6   2.700   -113.15832370
   3.6   2.800   -113.13104850
   3.6   2.900   -113.12127880
   3.6   3.000   -113.09850180
   3.6   3.100   -113.09032900
   3.6   3.200   -113.07423350

   3.7   1.600   -112.77542750
   3.7   1.700   -112.94219603
   3.7   1.800   -113.05515367
   3.7   1.900   -113.12298380
   3.7   2.000   -113.17033150
   3.7   2.100   -113.19175130
   3.7   2.200   -113.19961820
   3.7   2.300   -113.19747670
   3.7   2.400   -113.18960720
   3.7   2.500   -113.17884470
   3.7   2.600   -113.16481720
   3.7   2.700   -113.14988230
   3.7   2.800   -113.12165080
   3.7   2.900   -113.11224080
   3.7   3.000   -113.08919260
   3.7   3.100   -113.08031340
   3.7   3.200   -113.06428430

   3.8   1.600   -112.77317570
   3.8   1.700   -112.93754770
   3.8   1.800   -113.04922546
   3.8   1.900   -113.11699476
   3.8   2.000   -113.16368710
   3.8   2.100   -113.18427610
   3.8   2.200   -113.19171590
   3.8   2.300   -113.18914390
   3.8   2.400   -113.18088360
   3.8   2.500   -113.16962500
   3.8   2.600   -113.15534050
   3.8   2.700   -113.14050750
   3.8   2.800   -113.11383700
   3.8   2.900   -113.10444060
   3.8   3.000   -113.07964560
   3.8   3.100   -113.07013300
   3.8   3.200   -113.05418690

   3.9   1.600   -112.77128590
   3.9   1.700   -112.93543090
   3.9   1.800   -113.04456197
   3.9   1.900   -113.11234038
   3.9   2.000   -113.15669311
   3.9   2.100   -113.17768140
   3.9   2.200   -113.18466050
   3.9   2.300   -113.18162510
   3.9   2.400   -113.17290100
   3.9   2.500   -113.16105680
   3.9   2.600   -113.14635540
   3.9   2.700   -113.13116580
   3.9   2.800   -113.10949120
   3.9   2.900   -113.09842180
   3.9   3.000   -113.07108930
   3.9   3.100   -113.05992850
   3.9   3.200   -113.04409580

   4.0   1.600   -112.76970220
   4.0   1.700   -112.93364280
   4.0   1.800   -113.04143630
   4.0   1.900   -113.10909470
   4.0   2.000   -113.15019989
   4.0   2.100   -113.17200051
   4.0   2.200   -113.17844030
   4.0   2.300   -113.17493510
   4.0   2.400   -113.16570790
   4.0   2.500   -113.15320530
   4.0   2.600   -113.13797720
   4.0   2.700   -113.12230080
   4.0   2.800   -113.10406486
   4.0   2.900   -113.08998600
   4.0   3.000   -113.06653260
   4.0   3.100   -113.04990620
   4.0   3.200   -113.03412020

   4.1   1.600   -112.76838060
   4.1   1.700   -112.93213540
   4.1   1.800   -113.03971880
   4.1   1.900   -113.10707620
   4.1   2.000   -113.14565870
   4.1   2.100   -113.16721656
   4.1   2.200   -113.17291931
   4.1   2.300   -113.16905300
   4.1   2.400   -113.15931080
   4.1   2.500   -113.14608480
   4.1   2.600   -113.13030380
   4.1   2.700   -113.11407760
   4.1   2.800   -113.09690451
   4.1   2.900   -113.08100240
   4.1   3.000   -113.06120590
   4.1   3.100   -113.04106190
   4.1   3.200   -113.02428540

   4.2   1.600   -112.76725498
   4.2   1.700   -112.93076440
   4.2   1.800   -113.03815530
   4.2   1.900   -113.10536840
   4.2   2.000   -113.14366580
   4.2   2.100   -113.16329680
   4.2   2.200   -113.16815246
   4.2   2.300   -113.16394650
   4.2   2.400   -113.15367030
   4.2   2.500   -113.13972170
   4.2   2.600   -113.12335700
   4.2   2.700   -113.10654970
   4.2   2.800   -113.08886510
   4.2   2.900   -113.07242190
   4.2   3.000   -113.05434130
   4.2   3.100   -113.03960710
   4.2   3.200   -113.01455610

   4.4   1.600   -112.76903803
   4.4   1.700   -112.92878130
   4.4   1.800   -113.03584730
   4.4   1.900   -113.10263630
   4.4   2.000   -113.14049020
   4.4   2.100   -113.15791880
   4.4   2.200   -113.16134720
   4.4   2.300   -113.15536500
   4.4   2.400   -113.14406640
   4.4   2.500   -113.12975380
   4.4   2.600   -113.11160360
   4.4   2.700   -113.09364900
   4.4   2.800   -113.07356890
   4.4   2.900   -113.05739756
   4.4   3.000   -113.03828950
   4.4   3.100   -113.02460240
   4.4   3.200   -113.00735100

   4.6   1.600   -112.77293890
   4.6   1.700   -112.92741112
   4.6   1.800   -113.03412960
   4.6   1.900   -113.10058070
   4.6   2.000   -113.13809530
   4.6   2.100   -113.15513770
   4.6   2.200   -113.15803810
   4.6   2.300   -113.15127700
   4.6   2.400   -113.13833930
   4.6   2.500   -113.12171100
   4.6   2.600   -113.10298085
   4.6   2.700   -113.08337760
   4.6   2.800   -113.06300990
   4.6   2.900   -113.04515360
   4.6   3.000   -113.02502090
   4.6   3.100   -113.00960730
   4.6   3.200   -112.99256240

   4.8   1.600   -112.77574190
   4.8   1.700   -112.93044163
   4.8   1.800   -113.03281550
   4.8   1.900   -113.09900110
   4.8   2.000   -113.13623020
   4.8   2.100   -113.15296600
   4.8   2.200   -113.15547830
   4.8   2.300   -113.14824320
   4.8   2.400   -113.13463690
   4.8   2.500   -113.11711790
   4.8   2.600   -113.09708510
   4.8   2.700   -113.07623832
   4.8   2.800   -113.05487750
   4.8   2.900   -113.03536350
   4.8   3.000   -113.01423700
   4.8   3.100   -112.99742890
   4.8   3.200   -112.97931130

   5.0   1.600   -112.77777150
   5.0   1.700   -112.93259910
   5.0   1.800   -113.03179420
   5.0   1.900   -113.09775570
   5.0   2.000   -113.13474850
   5.0   2.100   -113.15123220
   5.0   2.200   -113.15343790
   5.0   2.300   -113.14584140
   5.0   2.400   -113.13178890
   5.0   2.500   -113.11370420
   5.0   2.600   -113.09314550
   5.0   2.700   -113.07144740
   5.0   2.800   -113.04861400
   5.0   2.900   -113.02798040
   5.0   3.000   -113.00640850
   5.0   3.100   -112.98918770
   5.0   3.200   -112.96878110

   5.2   1.600   -112.77919890
   5.2   1.700   -112.93413650
   5.2   1.800   -113.03302020
   5.2   1.900   -113.09672600
   5.2   2.000   -113.13354080
   5.2   2.100   -113.14981900
   5.2   2.200   -113.15177770
   5.2   2.300   -113.14389700
   5.2   2.400   -113.12950300
   5.2   2.500   -113.11101140
   5.2   2.600   -113.09005250
   5.2   2.700   -113.06792520
   5.2   2.800   -113.04474720
   5.2   2.900   -113.02332710
   5.2   3.000   -113.00052000
   5.2   3.100   -112.98102940
   5.2   3.200   -112.96098850

   5.4   1.600   -112.78018640
   5.4   1.700   -112.93520670
   5.4   1.800   -113.03418270
   5.4   1.900   -113.09589430
   5.4   2.000   -113.13254480
   5.4   2.100   -113.14864250
   5.4   2.200   -113.15039760
   5.4   2.300   -113.14228680
   5.4   2.400   -113.12762650
   5.4   2.500   -113.10882780
   5.4   2.600   -113.08755580
   5.4   2.700   -113.06510380
   5.4   2.800   -113.04158700
   5.4   2.900   -113.01980170
   5.4   3.000   -112.99749140
   5.4   3.100   -112.97600340
   5.4   3.200   -112.95798230

   5.6   1.600   -112.78085580
   5.6   1.700   -112.93593760
   5.6   1.800   -113.03498180
   5.6   1.900   -113.09518520
   5.6   2.000   -113.13169360
   5.6   2.100   -113.14763870
   5.6   2.200   -113.14922280
   5.6   2.300   -113.14092240
   5.6   2.400   -113.12604620
   5.6   2.500   -113.10700460
   5.6   2.600   -113.08548810
   5.6   2.700   -113.06278480
   5.6   2.800   -113.03888890
   5.6   2.900   -113.01700310
   5.6   3.000   -112.99451620
   5.6   3.100   -112.97236190
   5.6   3.200   -112.95931620

   5.8   1.600   -112.78129960
   5.8   1.700   -112.93642680
   5.8   1.800   -113.03552080
   5.8   1.900   -113.09457020
   5.8   2.000   -113.13097767
   5.8   2.100   -113.14679115
   5.8   2.200   -113.14820620
   5.8   2.300   -113.13974650
   5.8   2.400   -113.12469230
   5.8   2.500   -113.10545580
   5.8   2.600   -113.08374470
   5.8   2.700   -113.06083990
   5.8   2.800   -113.03654060
   5.8   2.900   -113.01468120
   5.8   3.000   -112.99212490
   5.8   3.100   -112.97237990
   5.8   3.200   -112.96032720

   6.0   1.600   -112.78158550
   6.0   1.700   -112.93674620
   6.0   1.800   -113.03587660
   6.0   1.900   -113.09494110
   6.0   2.000   -113.13038061
   6.0   2.100   -113.14607949
   6.0   2.200   -113.14978670
   6.0   2.300   -113.13871920
   6.0   2.400   -113.12351610
   6.0   2.500   -113.10411610
   6.0   2.600   -113.08224723
   6.0   2.700   -113.05918110
   6.0   2.800   -113.03432000
   6.0   2.900   -113.01271870
   6.0   3.000   -112.99010300
   6.0   3.100   -112.97311990
   6.0   3.200   -112.96136110

   7.0   1.600   -112.78194820
   7.0   1.700   -112.93718080
   7.0   1.800   -113.03638700
   7.0   1.900   -113.09553280
   7.0   2.000   -113.12839240
   7.0   2.100   -113.14368600
   7.0   2.200   -113.14456020
   7.0   2.300   -113.13551190
   7.0   2.400   -113.11983910
   7.0   2.500   -113.09995810
   7.0   2.600   -113.07744479
   7.0   2.700   -113.05394391
   7.0   2.800   -113.02669489
   7.0   2.900   -113.00612590
   7.0   3.000   -112.98768960
   7.0   3.100   -112.97440880
   7.0   3.200   -112.96257050

   8.0   1.600   -112.78186960
   8.0   1.700   -112.93711670
   8.0   1.800   -113.03633660
   8.0   1.900   -113.09549600
   8.0   2.000   -113.12678560
   8.0   2.100   -113.14177780
   8.0   2.200   -113.14234600
   8.0   2.300   -113.13299880
   8.0   2.400   -113.11701760
   8.0   2.500   -113.09682680
   8.0   2.600   -113.07487620
   8.0   2.700   -113.05119140
   8.0   2.800   -113.02338563
   8.0   2.900   -113.00357100
   8.0   3.000   -112.98591320
   8.0   3.100   -112.97432480
   8.0   3.200   -112.96256280

   9.0   1.600   -112.78179640
   9.0   1.700   -112.93704700
   9.0   1.800   -113.03626960
   9.0   1.900   -113.09543120
   9.0   2.000   -113.12617450
   9.0   2.100   -113.14086180
   9.0   2.200   -113.14123560
   9.0   2.300   -113.13168690
   9.0   2.400   -113.11551610
   9.0   2.500   -113.09514080
   9.0   2.600   -113.07245450
   9.0   2.700   -113.04850560
   9.0   2.800   -113.02187200
   9.0   2.900   -113.00196688
   9.0   3.000   -112.98664770
   9.0   3.100   -112.97437140
   9.0   3.200   -112.96252380

  10.0   1.600   -112.78175450
  10.0   1.700   -112.93700600
  10.0   1.800   -113.03622940
  10.0   1.900   -113.09539140
  10.0   2.000   -113.12613480
  10.0   2.100   -113.14036360
  10.0   2.200   -113.14060350
  10.0   2.300   -113.13092310
  10.0   2.400   -113.11462470
  10.0   2.500   -113.09412690
  10.0   2.600   -113.07121780
  10.0   2.700   -113.04713480
  10.0   2.800   -113.02032490
  10.0   2.900   -113.00063174
  10.0   3.000   -112.98662920
  10.0   3.100   -112.97432350
  10.0   3.200   -112.96247080

  12.0   1.600   -112.78171720
  12.0   1.700   -112.93696950
  12.0   1.800   -113.03619360
  12.0   1.900   -113.09535600
  12.0   2.000   -113.12609960
  12.0   2.100   -113.13978210
  12.0   2.200   -113.13988060
  12.0   2.300   -113.13003830
  12.0   2.400   -113.11358760
  12.0   2.500   -113.09294210
  12.0   2.600   -113.06987440
  12.0   2.700   -113.04565700
  12.0   2.800   -113.01872270
  12.0   2.900   -112.99909540
  12.0   3.000   -112.98657990
  12.0   3.100   -112.97427210
  12.0   3.200   -112.96241940

  14.0   1.600   -112.78170270
  14.0   1.700   -112.93695550
  14.0   1.800   -113.03618010
  14.0   1.900   -113.09534300
  14.0   2.000   -113.12608680
  14.0   2.100   -113.13942710
  14.0   2.200   -113.13939010
  14.0   2.300   -113.12943860
  14.0   2.400   -113.11288000
  14.0   2.500   -113.09226450
  14.0   2.600   -113.06910820
  14.0   2.700   -113.04470290
  14.0   2.800   -113.01761790
  14.0   2.900   -112.99907500
  14.0   3.000   -112.98655860
  14.0   3.100   -112.97425110
  14.0   3.200   -112.96239900

  16.0   1.600   -112.78169590
  16.0   1.700   -112.93694910
  16.0   1.800   -113.03617410
  16.0   1.900   -113.09533730
  16.0   2.000   -113.12608140
  16.0   2.100   -113.13934150
  16.0   2.200   -113.13923850
  16.0   2.300   -113.12922270
  16.0   2.400   -113.11260260
  16.0   2.500   -113.09180240
  16.0   2.600   -113.06859390
  16.0   2.700   -113.04425070
  16.0   2.800   -113.01714120
  16.0   2.900   -112.99906410
  16.0   3.000   -112.98654790
  16.0   3.100   -112.97424060
  16.0   3.200   -112.96238880

  18.0   1.600   -112.78169250
  18.0   1.700   -112.93694600
  18.0   1.800   -113.03617120
  18.0   1.900   -113.09533460
  18.0   2.000   -113.12607890
  18.0   2.100   -113.13930190
  18.0   2.200   -113.13915350
  18.0   2.300   -113.12909360
  18.0   2.400   -113.11243110
  18.0   2.500   -113.09159100
  18.0   2.600   -113.06834510
  18.0   2.700   -113.04396740
  18.0   2.800   -113.01683230
  18.0   2.900   -112.99905790
  18.0   3.000   -112.98654170
  18.0   3.100   -112.97423470
  18.0   3.200   -112.96238310

  20.0   1.600   -112.78169070
  20.0   1.700   -112.93694430
  20.0   1.800   -113.03616970
  20.0   1.900   -113.09533330
  20.0   2.000   -113.12607770
  20.0   2.100   -113.13928390
  20.0   2.200   -113.13910290
  20.0   2.300   -113.12901120
  20.0   2.400   -113.11231840
  20.0   2.500   -113.09144950
  20.0   2.600   -113.06817690
  20.0   2.700   -113.04377440
  20.0   2.800   -113.01662060
  20.0   2.900   -112.99905400
  20.0   3.000   -112.98653790
  20.0   3.100   -112.97423090
  20.0   3.200   -112.96237950

  21.0   1.600   -112.78169109
  21.0   1.700   -112.93694409
  21.0   1.800   -113.03616934
  21.0   1.900   -113.09533298
  21.0   2.000   -113.12607817
  21.0   2.100   -113.13928410
  21.0   2.200   -113.13910300
  21.0   2.300   -113.12901109
  21.0   2.400   -113.11231864
  21.0   2.500   -113.09144994
  21.0   2.600   -113.06817730
  21.0   2.700   -113.04377404
  21.0   2.800   -113.01662053
  21.0   2.900   -112.99905415
  21.0   3.000   -112.98653830
  21.0   3.100   -112.97423041
  21.0   3.200   -112.96237994

  22.0   1.600   -112.78173657
  22.0   1.700   -112.93697901
  22.0   1.800   -113.03619307
  22.0   1.900   -113.09534504
  22.0   2.000   -113.12607827
  22.0   2.100   -113.13927210
  22.0   2.200   -113.13907891
  22.0   2.300   -113.12897509
  22.0   2.400   -113.11227106
  22.0   2.500   -113.09139126
  22.0   2.600   -113.06810815
  22.0   2.700   -113.04369522
  22.0   2.800   -113.01653297
  22.0   2.900   -112.99895893
  22.0   3.000   -112.98643664
  22.0   3.100   -112.97412369
  22.0   3.200   -112.96226967

  23.0   1.600   -112.78177760
  23.0   1.700   -112.93701082
  23.0   1.800   -113.03621510
  23.0   1.900   -113.09535690
  23.0   2.000   -113.12607969
  23.0   2.100   -113.13926295
  23.0   2.200   -113.13905920
  23.0   2.300   -113.12894498
  23.0   2.400   -113.11223083
  23.0   2.500   -113.09134134
  23.0   2.600   -113.06804909
  23.0   2.700   -113.04362770
  23.0   2.800   -113.01645780
  23.0   2.900   -112.99887705
  23.0   3.000   -112.98634913
  23.0   3.100   -112.97403173
  23.0   3.200   -112.96217457

  24.0   1.600   -112.78181469
  24.0   1.700   -112.93703980
  24.0   1.800   -113.03623550
  24.0   1.900   -113.09536836
  24.0   2.000   -113.12608197
  24.0   2.100   -113.13925595
  24.0   2.200   -113.13904294
  24.0   2.300   -113.12891957
  24.0   2.400   -113.11219654
  24.0   2.500   -113.09129852
  24.0   2.600   -113.06799823
  24.0   2.700   -113.04356940
  24.0   2.800   -113.01639278
  24.0   2.900   -112.99880612
  24.0   3.000   -112.98627323
  24.0   3.100   -112.97395190
  24.0   3.200   -112.96209196

  25.0   1.600   -112.78184827
  25.0   1.700   -112.93706624
  25.0   1.800   -113.03625436
  25.0   1.900   -113.09537932
  25.0   2.000   -113.12608483
  25.0   2.100   -113.13925061
  25.0   2.200   -113.13902940
  25.0   2.300   -113.12889796
  25.0   2.400   -113.11216707
  25.0   2.500   -113.09126153
  25.0   2.600   -113.06795413
  25.0   2.700   -113.04351872
  25.0   2.800   -113.01633614
  25.0   2.900   -112.99874426
  25.0   3.000   -112.98620696
  25.0   3.100   -112.97388214
  25.0   3.200   -112.96201973

  26.0   1.600   -112.78187875
  26.0   1.700   -112.93709037
  26.0   1.800   -113.03627176
  26.0   1.900   -113.09538972
  26.0   2.000   -113.12608803
  26.0   2.100   -113.13924653
  26.0   2.200   -113.13901806
  26.0   2.300   -113.12887945
  26.0   2.400   -113.11214158
  26.0   2.500   -113.09122935
  26.0   2.600   -113.06791564
  26.0   2.700   -113.04347438
  26.0   2.800   -113.01628651
  26.0   2.900   -112.99868998
  26.0   3.000   -112.98614875
  26.0   3.100   -112.97382082
  26.0   3.200   -112.96195618

  27.0   1.600   -112.78190647
  27.0   1.700   -112.93711243
  27.0   1.800   -113.03628783
  27.0   1.900   -113.09539953
  27.0   2.000   -113.12609144
  27.0   2.100   -113.13924345
  27.0   2.200   -113.13900848
  27.0   2.300   -113.12886348
  27.0   2.400   -113.11211939
  27.0   2.500   -113.09120118
  27.0   2.600   -113.06788184
  27.0   2.700   -113.04343536
  27.0   2.800   -113.01624276
  27.0   2.900   -112.99864207
  27.0   3.000   -112.98609733
  27.0   3.100   -112.97376660
  27.0   3.200   -112.96189997

  28.0   1.600   -112.78193174
  28.0   1.700   -112.93713263
  28.0   1.800   -113.03630266
  28.0   1.900   -113.09540877
  28.0   2.000   -113.12609493
  28.0   2.100   -113.13924112
  28.0   2.200   -113.13900035
  28.0   2.300   -113.12884962
  28.0   2.400   -113.11209995
  28.0   2.500   -113.09117640
  28.0   2.600   -113.06785200
  28.0   2.700   -113.04340084
  28.0   2.800   -113.01620400
  28.0   2.900   -112.99859958
  28.0   3.000   -112.98605168
  28.0   3.100   -112.97371844
  28.0   3.200   -112.96184999

  29.0   1.600   -112.78195483
  29.0   1.700   -112.93715117
  29.0   1.800   -113.03631637
  29.0   1.900   -113.09541744
  29.0   2.000   -113.12609844
  29.0   2.100   -113.13923940
  29.0   2.200   -113.13899340
  29.0   2.300   -113.12883752
  29.0   2.400   -113.11208284
  29.0   2.500   -113.09115447
  29.0   2.600   -113.06782553
  29.0   2.700   -113.04337016
  29.0   2.800   -113.01616949
  29.0   2.900   -112.99856170
  29.0   3.000   -112.98601095
  29.0   3.100   -112.97367544
  29.0   3.200   -112.96180536

  30.0   1.600   -112.78197597
  30.0   1.700   -112.93716820
  30.0   1.800   -113.03632904
  30.0   1.900   -113.09542558
  30.0   2.000   -113.12610191
  30.0   2.100   -113.13923816
  30.0   2.200   -113.13898744
  30.0   2.300   -113.12882690
  30.0   2.400   -113.11206769
  30.0   2.500   -113.09113497
  30.0   2.600   -113.06780193
  30.0   2.700   -113.04334275
  30.0   2.800   -113.01613863
  30.0   2.900   -112.99852780
  30.0   3.000   -112.98597447
  30.0   3.100   -112.97363690
  30.0   3.200   -112.96176533

  31.0   1.600   -112.78199537
  31.0   1.700   -112.93718388
  31.0   1.800   -113.03634077
  31.0   1.900   -113.09543320
  31.0   2.000   -113.12610531
  31.0   2.100   -113.13923728
  31.0   2.200   -113.13898229
  31.0   2.300   -113.12881754
  31.0   2.400   -113.11205422
  31.0   2.500   -113.09111757
  31.0   2.600   -113.06778080
  31.0   2.700   -113.04331817
  31.0   2.800   -113.01611092
  31.0   2.900   -112.99849732
  31.0   3.000   -112.98594165
  31.0   3.100   -112.97360221
  31.0   3.200   -112.96172928

  32.0   1.600   -112.78201321
  32.0   1.700   -112.93719834
  32.0   1.800   -113.03635164
  32.0   1.900   -113.09544033
  32.0   2.000   -113.12610861
  32.0   2.100   -113.13923670
  32.0   2.200   -113.13897783
  32.0   2.300   -113.12880924
  32.0   2.400   -113.11204220
  32.0   2.500   -113.09110196
  32.0   2.600   -113.06776181
  32.0   2.700   -113.04329604
  32.0   2.800   -113.01608594
  32.0   2.900   -112.99846983
  32.0   3.000   -112.98591202
  32.0   3.100   -112.97357087
  32.0   3.200   -112.96169670

  33.0   1.600   -112.78202965
  33.0   1.700   -112.93721169
  33.0   1.800   -113.03636173
  33.0   1.900   -113.09544702
  33.0   2.000   -113.12611180
  33.0   2.100   -113.13923635
  33.0   2.200   -113.13897394
  33.0   2.300   -113.12880186
  33.0   2.400   -113.11203142
  33.0   2.500   -113.09108792
  33.0   2.600   -113.06774468
  33.0   2.700   -113.04327604
  33.0   2.800   -113.01606334
  33.0   2.900   -112.99844493
  33.0   3.000   -112.98588518
  33.0   3.100   -112.97354246
  33.0   3.200   -112.96166715

  34.0   1.600   -112.78204482
  34.0   1.700   -112.93722405
  34.0   1.800   -113.03637111
  34.0   1.900   -113.09545328
  34.0   2.000   -113.12611487
  34.0   2.100   -113.13923618
  34.0   2.200   -113.13897054
  34.0   2.300   -113.12879527
  34.0   2.400   -113.11202172
  34.0   2.500   -113.09107523
  34.0   2.600   -113.06772918
  34.0   2.700   -113.04325792
  34.0   2.800   -113.01604283
  34.0   2.900   -112.99842232
  34.0   3.000   -112.98586078
  34.0   3.100   -112.97351662
  34.0   3.200   -112.96164027

  35.0   1.600   -112.78205885
  35.0   1.700   -112.93723551
  35.0   1.800   -113.03637983
  35.0   1.900   -113.09545915
  35.0   2.000   -113.12611781
  35.0   2.100   -113.13923616
  35.0   2.200   -113.13896755
  35.0   2.300   -113.12878936
  35.0   2.400   -113.11201296
  35.0   2.500   -113.09106374
  35.0   2.600   -113.06771509
  35.0   2.700   -113.04324143
  35.0   2.800   -113.01602416
  35.0   2.900   -112.99840172
  35.0   3.000   -112.98583854
  35.0   3.100   -112.97349306
  35.0   3.200   -112.96161574

  36.0   1.600   -112.78207186
  36.0   1.700   -112.93724614
  36.0   1.800   -113.03638795
  36.0   1.900   -113.09546466
  36.0   2.000   -113.12612063
  36.0   2.100   -113.13923625
  36.0   2.200   -113.13896492
  36.0   2.300   -113.12878404
  36.0   2.400   -113.11200502
  36.0   2.500   -113.09105329
  36.0   2.600   -113.06770226
  36.0   2.700   -113.04322639
  36.0   2.800   -113.01600711
  36.0   2.900   -112.99838290
  36.0   3.000   -112.98581820
  36.0   3.100   -112.97347151
  36.0   3.200   -112.96159330

  37.0   1.600   -112.78208393
  37.0   1.700   -112.93725603
  37.0   1.800   -113.03639553
  37.0   1.900   -113.09546982
  37.0   2.000   -113.12612332
  37.0   2.100   -113.13923643
  37.0   2.200   -113.13896260
  37.0   2.300   -113.12877924
  37.0   2.400   -113.11199781
  37.0   2.500   -113.09104376
  37.0   2.600   -113.06769054
  37.0   2.700   -113.04321263
  37.0   2.800   -113.01599150
  37.0   2.900   -112.99836565
  37.0   3.000   -112.98579956
  37.0   3.100   -112.97345174
  37.0   3.200   -112.96157270

  38.0   1.600   -112.78209515
  38.0   1.700   -112.93726524
  38.0   1.800   -113.03640260
  38.0   1.900   -113.09547467
  38.0   2.000   -113.12612588
  38.0   2.100   -113.13923669
  38.0   2.200   -113.13896054
  38.0   2.300   -113.12877490
  38.0   2.400   -113.11199124
  38.0   2.500   -113.09103505
  38.0   2.600   -113.06767980
  38.0   2.700   -113.04320001
  38.0   2.800   -113.01597717
  38.0   2.900   -112.99834980
  38.0   3.000   -112.98578242
  38.0   3.100   -112.97343356
  38.0   3.200   -112.96155376

  39.0   1.600   -112.78210560
  39.0   1.700   -112.93727383
  39.0   1.800   -113.03640922
  39.0   1.900   -113.09547923
  39.0   2.000   -113.12612833
  39.0   2.100   -113.13923699
  39.0   2.200   -113.13895870
  39.0   2.300   -113.12877095
  39.0   2.400   -113.11198523
  39.0   2.500   -113.09102706
  39.0   2.600   -113.06766995
  39.0   2.700   -113.04318841
  39.0   2.800   -113.01596399
  39.0   2.900   -112.99833522
  39.0   3.000   -112.98576664
  39.0   3.100   -112.97341682
  39.0   3.200   -112.96153630

  40.0   1.600   -112.78211534
  40.0   1.700   -112.93728185
  40.0   1.800   -113.03641541
  40.0   1.900   -113.09548352
  40.0   2.000   -113.12613066
  40.0   2.100   -113.13923734
  40.0   2.200   -113.13895706
  40.0   2.300   -113.12876735
  40.0   2.400   -113.11197973
  40.0   2.500   -113.09101972
  40.0   2.600   -113.06766087
  40.0   2.700   -113.04317772
  40.0   2.800   -113.01595183
  40.0   2.900   -112.99832176
  40.0   3.000   -112.98575207
  40.0   3.100   -112.97340135
  40.0   3.200   -112.96152017

  41.0   1.600   -112.78212444
  41.0   1.700   -112.93728935
  41.0   1.800   -113.03642122
  41.0   1.900   -113.09548755
  41.0   2.000   -113.12613288
  41.0   2.100   -113.13923772
  41.0   2.200   -113.13895560
  41.0   2.300   -113.12876407
  41.0   2.400   -113.11197467
  41.0   2.500   -113.09101296
  41.0   2.600   -113.06765250
  41.0   2.700   -113.04316785
  41.0   2.800   -113.01594059
  41.0   2.900   -112.99830931
  41.0   3.000   -112.98573859
  41.0   3.100   -112.97338703
  41.0   3.200   -112.96150523

  42.0   1.600   -112.78213296
  42.0   1.700   -112.93729638
  42.0   1.800   -113.03642667
  42.0   1.900   -113.09549136
  42.0   2.000   -113.12613499
  42.0   2.100   -113.13923812
  42.0   2.200   -113.13895429
  42.0   2.300   -113.12876107
  42.0   2.400   -113.11197002
  42.0   2.500   -113.09100672
  42.0   2.600   -113.06764476
  42.0   2.700   -113.04315871
  42.0   2.800   -113.01593018
  42.0   2.900   -112.99829777
  42.0   3.000   -112.98572609
  42.0   3.100   -112.97337375
  42.0   3.200   -112.96149138

  43.0   1.600   -112.78214093
  43.0   1.700   -112.93730297
  43.0   1.800   -113.03643179
  43.0   1.900   -113.09549494
  43.0   2.000   -113.12613700
  43.0   2.100   -113.13923853
  43.0   2.200   -113.13895311
  43.0   2.300   -113.12875831
  43.0   2.400   -113.11196572
  43.0   2.500   -113.09100095
  43.0   2.600   -113.06763758
  43.0   2.700   -113.04315024
  43.0   2.800   -113.01592052
  43.0   2.900   -112.99828706
  43.0   3.000   -112.98571448
  43.0   3.100   -112.97336141
  43.0   3.200   -112.96147850

  44.0   1.600   -112.78214841
  44.0   1.700   -112.93730916
  44.0   1.800   -113.03643660
  44.0   1.900   -113.09549833
  44.0   2.000   -113.12613892
  44.0   2.100   -113.13923896
  44.0   2.200   -113.13895204
  44.0   2.300   -113.12875577
  44.0   2.400   -113.11196175
  44.0   2.500   -113.09099560
  44.0   2.600   -113.06763093
  44.0   2.700   -113.04314236
  44.0   2.800   -113.01591154
  44.0   2.900   -112.99827710
  44.0   3.000   -112.98570368
  44.0   3.100   -112.97334993
  44.0   3.200   -112.96146651

  45.0   1.600   -112.78215544
  45.0   1.700   -112.93731497
  45.0   1.800   -113.03644114
  45.0   1.900   -113.09550153
  45.0   2.000   -113.12614074
  45.0   2.100   -113.13923939
  45.0   2.200   -113.13895108
  45.0   2.300   -113.12875344
  45.0   2.400   -113.11195807
  45.0   2.500   -113.09099063
  45.0   2.600   -113.06762474
  45.0   2.700   -113.04313504
  45.0   2.800   -113.01590318
  45.0   2.900   -112.99826782
  45.0   3.000   -112.98569361
  45.0   3.100   -112.97333922
  45.0   3.200   -112.96145532

  46.0   1.600   -112.78216205
  46.0   1.700   -112.93732045
  46.0   1.800   -113.03644541
  46.0   1.900   -113.09550455
  46.0   2.000   -113.12614248
  46.0   2.100   -113.13923982
  46.0   2.200   -113.13895021
  46.0   2.300   -113.12875128
  46.0   2.400   -113.11195466
  46.0   2.500   -113.09098601
  46.0   2.600   -113.06761897
  46.0   2.700   -113.04312821
  46.0   2.800   -113.01589538
  46.0   2.900   -112.99825915
  46.0   3.000   -112.98568421
  46.0   3.100   -112.97332922
  46.0   3.200   -112.96144488

  47.0   1.600   -112.78216826
  47.0   1.700   -112.93732561
  47.0   1.800   -113.03644945
  47.0   1.900   -113.09550741
  47.0   2.000   -113.12614413
  47.0   2.100   -113.13924026
  47.0   2.200   -113.13894942
  47.0   2.300   -113.12874928
  47.0   2.400   -113.11195149
  47.0   2.500   -113.09098170
  47.0   2.600   -113.06761359
  47.0   2.700   -113.04312183
  47.0   2.800   -113.01588809
  47.0   2.900   -112.99825105
  47.0   3.000   -112.98567542
  47.0   3.100   -112.97331987
  47.0   3.200   -112.96143510

  48.0   1.600   -112.78217413
  48.0   1.700   -112.93733047
  48.0   1.800   -113.03645326
  48.0   1.900   -113.09551012
  48.0   2.000   -113.12614571
  48.0   2.100   -113.13924069
  48.0   2.200   -113.13894871
  48.0   2.300   -113.12874743
  48.0   2.400   -113.11194853
  48.0   2.500   -113.09097768
  48.0   2.600   -113.06760856
  48.0   2.700   -113.04311586
  48.0   2.800   -113.01588126
  48.0   2.900   -112.99824347
  48.0   3.000   -112.98566718
  48.0   3.100   -112.97331110
  48.0   3.200   -112.96142595

  49.0   1.600   -112.78217966
  49.0   1.700   -112.93733507
  49.0   1.800   -113.03645686
  49.0   1.900   -113.09551269
  49.0   2.000   -113.12614722
  49.0   2.100   -113.13924111
  49.0   2.200   -113.13894805
  49.0   2.300   -113.12874571
  49.0   2.400   -113.11194577
  49.0   2.500   -113.09097392
  49.0   2.600   -113.06760386
  49.0   2.700   -113.04311027
  49.0   2.800   -113.01587487
  49.0   2.900   -112.99823636
  49.0   3.000   -112.98565946
  49.0   3.100   -112.97330288
  49.0   3.200   -112.96141735

  50.0   1.600   -112.78218488
  50.0   1.700   -112.93733941
  50.0   1.800   -113.03646027
  50.0   1.900   -113.09551512
  50.0   2.000   -113.12614865
  50.0   2.100   -113.13924153
  50.0   2.200   -113.13894746
  50.0   2.300   -113.12874411
  50.0   2.400   -113.11194320
  50.0   2.500   -113.09097041
  50.0   2.600   -113.06759945
  50.0   2.700   -113.04310503
  50.0   2.800   -113.01586887
  50.0   2.900   -112.99822969
  50.0   3.000   -112.98565221
  50.0   3.100   -112.97329516
  50.0   3.200   -112.96140928

