   1.4   1.600   -110.70783654
   1.4   1.700   -110.58096153
   1.4   1.800   -110.35756946
   1.4   1.900   -109.96337100
   1.4   2.000   -109.66044530
   1.4   2.100   -109.20431450
   1.4   2.200   -108.77204718
   1.4   2.300   -108.34188193
   1.4   2.400   -107.57700852
   1.4   2.500   -106.96601469
   1.4   2.600   -106.30431248
   1.4   2.700   -105.51984070
   1.4   2.800   -104.92999390
   1.4   2.900   -104.46058290
   1.4   3.000   -103.90721120
   1.4   3.100   -103.67790170
   1.4   3.200   -103.66552090

   1.6   1.600   -111.70973856
   1.6   1.700   -111.75651430
   1.6   1.800   -111.70192616
   1.6   1.900   -111.49246408
   1.6   2.000   -111.35895621
   1.6   2.100   -111.10203441
   1.6   2.200   -110.88048467
   1.6   2.300   -110.74586589
   1.6   2.400   -110.48838271
   1.6   2.500   -110.21826383
   1.6   2.600   -109.85556060
   1.6   2.700   -109.29633611
   1.6   2.800   -108.70554341
   1.6   2.900   -108.11554135
   1.6   3.000   -107.37709080
   1.6   3.100   -106.80947823
   1.6   3.200   -106.33839696

   1.8   1.600   -112.09464310
   1.8   1.700   -112.18515420
   1.8   1.800   -112.21364340
   1.8   1.900   -112.18532610
   1.8   2.000   -112.12406290
   1.8   2.100   -112.02773440
   1.8   2.200   -111.92249290
   1.8   2.300   -111.84284920
   1.8   2.400   -111.83610400
   1.8   2.500   -111.65206510
   1.8   2.600   -111.42307700
   1.8   2.700   -111.20024340
   1.8   2.800   -110.90329220
   1.8   2.900   -110.62576730
   1.8   3.000   -110.32748960
   1.8   3.100   -109.99742040
   1.8   3.200   -109.64254290

   2.0   1.600   -112.31371650
   2.0   1.700   -112.43639480
   2.0   1.800   -112.50327830
   2.0   1.900   -112.49953540
   2.0   2.000   -112.50683520
   2.0   2.100   -112.46744830
   2.0   2.200   -112.42290380
   2.0   2.300   -112.40984840
   2.0   2.400   -112.48276950
   2.0   2.500   -112.38588220
   2.0   2.600   -112.26727100
   2.0   2.700   -112.13503520
   2.0   2.800   -111.99267270
   2.0   2.900   -111.84536340
   2.0   3.000   -111.71644320
   2.0   3.100   -111.49373290
   2.0   3.200   -111.33651320

   2.1   1.600   -112.38071810
   2.1   1.700   -112.51185820
   2.1   1.800   -112.58884600
   2.1   1.900   -112.60501569
   2.1   2.000   -112.61796350
   2.1   2.100   -112.59446500
   2.1   2.200   -112.56618330
   2.1   2.300   -112.57042520
   2.1   2.400   -112.66578360
   2.1   2.500   -112.59508540
   2.1   2.600   -112.50843390
   2.1   2.700   -112.40891910
   2.1   2.800   -112.30791740
   2.1   2.900   -112.20672610
   2.1   3.000   -112.12352360
   2.1   3.100   -111.95803900
   2.1   3.200   -111.85307360

   2.2   1.600   -112.43272530
   2.2   1.700   -112.56905670
   2.2   1.800   -112.65209200
   2.2   1.900   -112.68551360
   2.2   2.000   -112.72326040
   2.2   2.100   -112.68510900
   2.2   2.200   -112.66699020
   2.2   2.300   -112.71570270
   2.2   2.400   -112.79137760
   2.2   2.500   -112.73949870
   2.2   2.600   -112.67582650
   2.2   2.700   -112.60079530
   2.2   2.800   -112.52828680
   2.2   2.900   -112.46054660
   2.2   3.000   -112.41067870
   2.2   3.100   -112.28639690
   2.2   3.200   -112.22114190

   2.3   1.600   -112.47616890
   2.3   1.700   -112.61521680
   2.3   1.800   -112.70128510
   2.3   1.900   -112.74046690
   2.3   2.000   -112.77288360
   2.3   2.100   -112.75170890
   2.3   2.200   -112.73940830
   2.3   2.300   -112.80144440
   2.3   2.400   -112.87024480
   2.3   2.500   -112.82620280
   2.3   2.600   -112.78829730
   2.3   2.700   -112.73349120
   2.3   2.800   -112.68174680
   2.3   2.900   -112.63790530
   2.3   3.000   -112.61206590
   2.3   3.100   -112.51792480
   2.3   3.200   -112.48171530

   2.4   1.600   -112.51356420
   2.4   1.700   -112.65482700
   2.4   1.800   -112.74193090
   2.4   1.900   -112.78549880
   2.4   2.000   -112.80715830
   2.4   2.100   -112.80307900
   2.4   2.200   -112.79363460
   2.4   2.300   -112.85628320
   2.4   2.400   -112.92368380
   2.4   2.500   -112.89160120
   2.4   2.600   -112.86496100
   2.4   2.700   -112.82647200
   2.4   2.800   -112.78457510
   2.4   2.900   -112.76541800
   2.4   3.000   -112.73077140
   2.4   3.100   -112.67357020
   2.4   3.200   -112.63203160

   2.5   1.600   -112.54612950
   2.5   1.700   -112.69020020
   2.5   1.800   -112.77732960
   2.5   1.900   -112.82424720
   2.5   2.000   -112.84449410
   2.5   2.100   -112.84512110
   2.5   2.200   -112.83682850
   2.5   2.300   -112.89250170
   2.5   2.400   -112.95725580
   2.5   2.500   -112.93481130
   2.5   2.600   -112.91721090
   2.5   2.700   -112.88880400
   2.5   2.800   -112.85901170
   2.5   2.900   -112.85182510
   2.5   3.000   -112.83048790
   2.5   3.100   -112.78723710
   2.5   3.200   -112.75808310

   2.6   1.600   -112.57520610
   2.6   1.700   -112.72091810
   2.6   1.800   -112.80945420
   2.6   1.900   -112.85848360
   2.6   2.000   -112.87905820
   2.6   2.100   -112.88127410
   2.6   2.200   -112.87335840
   2.6   2.300   -112.87832230
   2.6   2.400   -112.97607410
   2.6   2.500   -112.96181070
   2.6   2.600   -112.95075530
   2.6   2.700   -112.93026640
   2.6   2.800   -112.90926480
   2.6   2.900   -112.91016990
   2.6   3.000   -112.89772060
   2.6   3.100   -112.86562020
   2.6   3.200   -112.84596250

   2.7   1.600   -112.60122990
   2.7   1.700   -112.74821750
   2.7   1.800   -112.83829250
   2.7   1.900   -112.88915900
   2.7   2.000   -112.90989120
   2.7   2.100   -112.91544670
   2.7   2.200   -112.90542040
   2.7   2.300   -112.90062980
   2.7   2.400   -112.97468240
   2.7   2.500   -112.97715490
   2.7   2.600   -112.96949000
   2.7   2.700   -112.95687550
   2.7   2.800   -112.94240090
   2.7   2.900   -112.94831470
   2.7   3.000   -112.94202950
   2.7   3.100   -112.91847450
   2.7   3.200   -112.90601400

   2.8   1.600   -112.62441420
   2.8   1.700   -112.77250110
   2.8   1.800   -112.86370620
   2.8   1.900   -112.91629280
   2.8   2.000   -112.93759410
   2.8   2.100   -112.94158690
   2.8   2.200   -112.93396460
   2.8   2.300   -112.92422960
   2.8   2.400   -112.96972370
   2.8   2.500   -112.98419120
   2.8   2.600   -112.98131780
   2.8   2.700   -112.97297490
   2.8   2.800   -112.96328500
   2.8   2.900   -112.97195840
   2.8   3.000   -112.96996800
   2.8   3.100   -112.95293290
   2.8   3.200   -112.94554370

   2.9   1.600   -112.64495450
   2.9   1.700   -112.79398310
   2.9   1.800   -112.88619990
   2.9   1.900   -112.93973640
   2.9   2.000   -112.96254660
   2.9   2.100   -112.96687860
   2.9   2.200   -112.96729960
   2.9   2.300   -112.94719280
   2.9   2.400   -112.94701700
   2.9   2.500   -112.98477680
   2.9   2.600   -112.98681370
   2.9   2.700   -112.98173400
   2.9   2.800   -112.97554160
   2.9   2.900   -112.98519190
   2.9   3.000   -112.98631830
   2.9   3.100   -112.97422730
   2.9   3.200   -112.97052970

   3.0   1.600   -112.66304580
   3.0   1.700   -112.81291960
   3.0   1.800   -112.90602680
   3.0   1.900   -112.96029010
   3.0   2.000   -112.98416280
   3.0   2.100   -112.98941890
   3.0   2.200   -112.98186630
   3.0   2.300   -112.96847470
   3.0   2.400   -112.95915290
   3.0   2.500   -112.97723480
   3.0   2.600   -112.98809460
   3.0   2.700   -112.98548340
   3.0   2.800   -112.98181850
   3.0   2.900   -112.99098710
   3.0   3.000   -112.99437960
   3.0   3.100   -112.98610500
   3.0   3.200   -112.98513610

   3.1   1.600   -112.67901710
   3.1   1.700   -112.82954330
   3.1   1.800   -112.92341860
   3.1   1.900   -112.97832280
   3.1   2.000   -113.00297930
   3.1   2.100   -113.00896800
   3.1   2.200   -113.00175810
   3.1   2.300   -112.98762300
   3.1   2.400   -112.97395200
   3.1   2.500   -112.97413690
   3.1   2.600   -112.98675670
   3.1   2.700   -112.98604190
   3.1   2.800   -112.98397790
   3.1   2.900   -112.99147320
   3.1   3.000   -112.99653010
   3.1   3.100   -112.99123650
   3.1   3.200   -112.99236280

   3.2   1.600   -112.69291750
   3.2   1.700   -112.84407640
   3.2   1.800   -112.93863900
   3.2   1.900   -112.99403760
   3.2   2.000   -113.01940240
   3.2   2.100   -113.02590850
   3.2   2.200   -113.01905920
   3.2   2.300   -113.00459630
   3.2   2.400   -112.98862600
   3.2   2.500   -112.98002690
   3.2   2.600   -112.98457470
   3.2   2.700   -112.98487040
   3.2   2.800   -112.98362680
   3.2   2.900   -112.98817310
   3.2   3.000   -112.99454210
   3.2   3.100   -112.99164060
   3.2   3.200   -112.99441750

   3.3   1.600   -112.70533087
   3.3   1.700   -112.85717430
   3.3   1.800   -112.95190031
   3.3   1.900   -113.00774671
   3.3   2.000   -113.03371600
   3.3   2.100   -113.04067410
   3.3   2.200   -113.03406440
   3.3   2.300   -113.01935870
   3.3   2.400   -113.00219660
   3.3   2.500   -112.98877940
   3.3   2.600   -112.98524610
   3.3   2.700   -112.98325160
   3.3   2.800   -112.98136560
   3.3   2.900   -112.98220310
   3.3   3.000   -112.98980490
   3.3   3.100   -112.98872250
   3.3   3.200   -112.99274830

   3.4   1.600   -112.71637661
   3.4   1.700   -112.86778800
   3.4   1.800   -112.96344980
   3.4   1.900   -113.01968464
   3.4   2.000   -113.04617499
   3.4   2.100   -113.05353106
   3.4   2.200   -113.04722781
   3.4   2.300   -113.03230683
   3.4   2.400   -113.01415060
   3.4   2.500   -112.99815870
   3.4   2.600   -112.98851170
   3.4   2.700   -112.98215930
   3.4   2.800   -112.97862830
   3.4   2.900   -112.97441650
   3.4   3.000   -112.98310020
   3.4   3.100   -112.98360080
   3.4   3.200   -112.98858310

   3.5   1.600   -112.72600522
   3.5   1.700   -112.87626810
   3.5   1.800   -112.97351470
   3.5   1.900   -113.03005760
   3.5   2.000   -113.05700390
   3.5   2.100   -113.06470560
   3.5   2.200   -113.05863170
   3.5   2.300   -113.04373080
   3.5   2.400   -113.02431570
   3.5   2.500   -113.00694300
   3.5   2.600   -112.99277940
   3.5   2.700   -112.98194580
   3.5   2.800   -112.97577130
   3.5   2.900   -112.96566260
   3.5   3.000   -112.97516230
   3.5   3.100   -112.97704490
   3.5   3.200   -112.98289550

   3.6   1.600   -112.73416720
   3.6   1.700   -112.88467357
   3.6   1.800   -112.98223170
   3.6   1.900   -113.03907540
   3.6   2.000   -113.06641300
   3.6   2.100   -113.07442080
   3.6   2.200   -113.06860090
   3.6   2.300   -113.05382680
   3.6   2.400   -113.03383950
   3.6   2.500   -113.01386830
   3.6   2.600   -112.99573530
   3.6   2.700   -112.98192190
   3.6   2.800   -112.97338720
   3.6   2.900   -112.95759880
   3.6   3.000   -112.96675470
   3.6   3.100   -112.96972750
   3.6   3.200   -112.97611130

   3.7   1.600   -112.74095410
   3.7   1.700   -112.89281838
   3.7   1.800   -112.98983837
   3.7   1.900   -113.04690370
   3.7   2.000   -113.07458650
   3.7   2.100   -113.08286180
   3.7   2.200   -113.07728570
   3.7   2.300   -113.06266410
   3.7   2.400   -113.04251670
   3.7   2.500   -113.02042050
   3.7   2.600   -112.99888880
   3.7   2.700   -112.98100480
   3.7   2.800   -112.97165280
   3.7   2.900   -112.95195700
   3.7   3.000   -112.95890160
   3.7   3.100   -112.96234200
   3.7   3.200   -112.96894730

   3.8   1.600   -112.74687150
   3.8   1.700   -112.89982860
   3.8   1.800   -112.99647196
   3.8   1.900   -113.05354725
   3.8   2.000   -113.08168420
   3.8   2.100   -113.09019970
   3.8   2.200   -113.08484700
   3.8   2.300   -113.07039440
   3.8   2.400   -113.05023920
   3.8   2.500   -113.02696090
   3.8   2.600   -113.00371850
   3.8   2.700   -112.98255930
   3.8   2.800   -112.97041590
   3.8   2.900   -112.94852280
   3.8   3.000   -112.95308690
   3.8   3.100   -112.95566060
   3.8   3.200   -112.96183580

   3.9   1.600   -112.75201380
   3.9   1.700   -112.90524780
   3.9   1.800   -113.00223405
   3.9   1.900   -113.05923196
   3.9   2.000   -113.08773949
   3.9   2.100   -113.09658070
   3.9   2.200   -113.09143830
   3.9   2.300   -113.07715380
   3.9   2.400   -113.05706500
   3.9   2.500   -113.03318000
   3.9   2.600   -113.00909560
   3.9   2.700   -112.98634070
   3.9   2.800   -112.96949770
   3.9   2.900   -112.94754810
   3.9   3.000   -112.94915890
   3.9   3.100   -112.95049310
   3.9   3.200   -112.95539370

   4.0   1.600   -112.75647200
   4.0   1.700   -112.90995880
   4.0   1.800   -113.00722620
   4.0   1.900   -113.06425370
   4.0   2.000   -113.09294646
   4.0   2.100   -113.10211062
   4.0   2.200   -113.09718750
   4.0   2.300   -113.08306910
   4.0   2.400   -113.06308080
   4.0   2.500   -113.03892200
   4.0   2.600   -113.01441950
   4.0   2.700   -112.99082320
   4.0   2.800   -112.97033120
   4.0   2.900   -112.95116430
   4.0   3.000   -112.94603990
   4.0   3.100   -112.94699410
   4.0   3.200   -112.95017590

   4.1   1.600   -112.76032860
   4.1   1.700   -112.91404040
   4.1   1.800   -113.01155120
   4.1   1.900   -113.06881280
   4.1   2.000   -113.09755100
   4.1   2.100   -113.10689789
   4.1   2.200   -113.10213124
   4.1   2.300   -113.08825170
   4.1   2.400   -113.06838120
   4.1   2.500   -113.04414680
   4.1   2.600   -113.01943310
   4.1   2.700   -112.99534650
   4.1   2.800   -112.97283115
   4.1   2.900   -112.95609670
   4.1   3.000   -112.94726020
   4.1   3.100   -112.94428090
   4.1   3.200   -112.94649940

   4.2   1.600   -112.76367375
   4.2   1.700   -112.91757200
   4.2   1.800   -113.01530430
   4.2   1.900   -113.07279430
   4.2   2.000   -113.10172630
   4.2   2.100   -113.11105405
   4.2   2.200   -113.10639053
   4.2   2.300   -113.09280770
   4.2   2.400   -113.07305940
   4.2   2.500   -113.04886080
   4.2   2.600   -113.02405910
   4.2   2.700   -112.99966620
   4.2   2.800   -112.97639012
   4.2   2.900   -112.96101280
   4.2   3.000   -112.94870190
   4.2   3.100   -112.94140460
   4.2   3.200   -112.94413640

   4.4   1.600   -112.76549123
   4.4   1.700   -112.92322910
   4.4   1.800   -113.02132740
   4.4   1.900   -113.07922410
   4.4   2.000   -113.10857630
   4.4   2.100   -113.11791930
   4.4   2.200   -113.11345500
   4.4   2.300   -113.09992380
   4.4   2.400   -113.08077630
   4.4   2.500   -113.05778550
   4.4   2.600   -113.03211330
   4.4   2.700   -113.00740700
   4.4   2.800   -112.98425550
   4.4   2.900   -112.97167265
   4.4   3.000   -112.96360190
   4.4   3.100   -112.95313020
   4.4   3.200   -112.94374060

   4.6   1.600   -112.76424207
   4.6   1.700   -112.92734676
   4.6   1.800   -113.02577380
   4.6   1.900   -113.08398870
   4.6   2.000   -113.11368630
   4.6   2.100   -113.12338620
   4.6   2.200   -113.11925970
   4.6   2.300   -113.10591390
   4.6   2.400   -113.08668290
   4.6   2.500   -113.06396130
   4.6   2.600   -113.03911464
   4.6   2.700   -113.01392800
   4.6   2.800   -112.99032430
   4.6   2.900   -112.98064890
   4.6   3.000   -112.96913180
   4.6   3.100   -112.95794060
   4.6   3.200   -112.94824580

   4.8   1.600   -112.76334500
   4.8   1.700   -112.92624191
   4.8   1.800   -113.02902020
   4.8   1.900   -113.08747950
   4.8   2.000   -113.11744750
   4.8   2.100   -113.12743630
   4.8   2.200   -113.12362010
   4.8   2.300   -113.11057590
   4.8   2.400   -113.09161390
   4.8   2.500   -113.06911020
   4.8   2.600   -113.04485950
   4.8   2.700   -113.01972946
   4.8   2.800   -112.99545830
   4.8   2.900   -112.98546720
   4.8   3.000   -112.97400700
   4.8   3.100   -112.96189860
   4.8   3.200   -112.95145250

   5.0   1.600   -112.76266210
   5.0   1.700   -112.92539960
   5.0   1.800   -113.03135990
   5.0   1.900   -113.09000520
   5.0   2.000   -113.12018130
   5.0   2.100   -113.13039380
   5.0   2.200   -113.12682670
   5.0   2.300   -113.11404320
   5.0   2.400   -113.09534490
   5.0   2.500   -113.07310650
   5.0   2.600   -113.04909910
   5.0   2.700   -113.02451050
   5.0   2.800   -112.99974730
   5.0   2.900   -112.98918940
   5.0   3.000   -112.97698090
   5.0   3.100   -112.96560070
   5.0   3.200   -112.95403820

   5.2   1.600   -112.76213840
   5.2   1.700   -112.92474510
   5.2   1.800   -113.03098180
   5.2   1.900   -113.09181130
   5.2   2.000   -113.12213690
   5.2   2.100   -113.13252230
   5.2   2.200   -113.12914680
   5.2   2.300   -113.11656920
   5.2   2.400   -113.09808940
   5.2   2.500   -113.07608080
   5.2   2.600   -113.05230110
   5.2   2.700   -113.02794620
   5.2   2.800   -113.00339140
   5.2   2.900   -112.99248650
   5.2   3.000   -112.97967770
   5.2   3.100   -112.96755010
   5.2   3.200   -112.95623870

   5.4   1.600   -112.76170300
   5.4   1.700   -112.92419440
   5.4   1.800   -113.03029650
   5.4   1.900   -113.09307660
   5.4   2.000   -113.12351930
   5.4   2.100   -113.13402990
   5.4   2.200   -113.13079850
   5.4   2.300   -113.11837780
   5.4   2.400   -113.10006740
   5.4   2.500   -113.07824080
   5.4   2.600   -113.05464800
   5.4   2.700   -113.03048880
   5.4   2.800   -113.00621790
   5.4   2.900   -112.99453310
   5.4   3.000   -112.98216630
   5.4   3.100   -112.96948490
   5.4   3.200   -112.95552250

   5.6   1.600   -112.76134490
   5.6   1.700   -112.92373260
   5.6   1.800   -113.02971540
   5.6   1.900   -113.09395130
   5.6   2.000   -113.12448010
   5.6   2.100   -113.13508260
   5.6   2.200   -113.13195780
   5.6   2.300   -113.11965450
   5.6   2.400   -113.10147230
   5.6   2.500   -113.07978580
   5.6   2.600   -113.05633850
   5.6   2.700   -113.03233360
   5.6   2.800   -113.00837820
   5.6   2.900   -112.99607300
   5.6   3.000   -112.98361430
   5.6   3.100   -112.97095000
   5.6   3.200   -112.95171000

   5.8   1.600   -112.76104500
   5.8   1.700   -112.92333920
   5.8   1.800   -113.02921530
   5.8   1.900   -113.09454550
   5.8   2.000   -113.12514143
   5.8   2.100   -113.13581287
   5.8   2.200   -113.13275890
   5.8   2.300   -113.12054160
   5.8   2.400   -113.10245450
   5.8   2.500   -113.08087300
   5.8   2.600   -113.05753540
   5.8   2.700   -113.03364930
   5.8   2.800   -113.01000320
   5.8   2.900   -112.99717010
   5.8   3.000   -112.98468640
   5.8   3.100   -112.97127500
   5.8   3.200   -112.94892940

   6.0   1.600   -112.76079150
   6.0   1.700   -112.92300040
   6.0   1.800   -113.02877980
   6.0   1.900   -113.09403080
   6.0   2.000   -113.12556669
   6.0   2.100   -113.13628823
   6.0   2.200   -113.13098550
   6.0   2.300   -113.12114830
   6.0   2.400   -113.10313030
   6.0   2.500   -113.08162710
   6.0   2.600   -113.05836698
   6.0   2.700   -113.03457250
   6.0   2.800   -113.01136120
   6.0   2.900   -112.99793200
   6.0   3.000   -112.98543690
   6.0   3.100   -112.96902750
   6.0   3.200   -112.94852920

   7.0   1.600   -112.76001680
   7.0   1.700   -112.92188900
   7.0   1.800   -113.02729430
   7.0   1.900   -113.09214090
   7.0   2.000   -113.12586280
   7.0   2.100   -113.13666310
   7.0   2.200   -113.13377180
   7.0   2.300   -113.12172990
   7.0   2.400   -113.10384040
   7.0   2.500   -113.08247770
   7.0   2.600   -113.05896410
   7.0   2.700   -113.03561400
   7.0   2.800   -113.01479195
   7.0   2.900   -112.99923450
   7.0   3.000   -112.98166980
   7.0   3.100   -112.96159550
   7.0   3.200   -112.94095650

   8.0   1.600   -112.75977150
   8.0   1.700   -112.92141430
   8.0   1.800   -113.02656850
   8.0   1.900   -113.09114760
   8.0   2.000   -113.12617260
   8.0   2.100   -113.13699620
   8.0   2.200   -113.13413030
   8.0   2.300   -113.12211570
   8.0   2.400   -113.10425560
   8.0   2.500   -113.08293250
   8.0   2.600   -113.05807100
   8.0   2.700   -113.03486920
   8.0   2.800   -113.01459804
   8.0   2.900   -112.99866110
   8.0   3.000   -112.97911510
   8.0   3.100   -112.95731140
   8.0   3.200   -112.93658260

   9.0   1.600   -112.75980570
   9.0   1.700   -112.92128900
   9.0   1.800   -113.02627070
   9.0   1.900   -113.09066820
   9.0   2.000   -113.12605330
   9.0   2.100   -113.13699090
   9.0   2.200   -113.13412770
   9.0   2.300   -113.12211570
   9.0   2.400   -113.10425830
   9.0   2.500   -113.08293940
   9.0   2.600   -113.05949220
   9.0   2.700   -113.03598520
   9.0   2.800   -113.01365650
   9.0   2.900   -112.99809232
   9.0   3.000   -112.97701960
   9.0   3.100   -112.95495650
   9.0   3.200   -112.93408890

  10.0   1.600   -112.75994970
  10.0   1.700   -112.92131820
  10.0   1.800   -113.02617690
  10.0   1.900   -113.09044550
  10.0   2.000   -113.12569810
  10.0   2.100   -113.13695990
  10.0   2.200   -113.13409640
  10.0   2.300   -113.12208390
  10.0   2.400   -113.10422580
  10.0   2.500   -113.08290640
  10.0   2.600   -113.05977800
  10.0   2.700   -113.03621040
  10.0   2.800   -113.01390330
  10.0   2.900   -112.99774290
  10.0   3.000   -112.97555170
  10.0   3.100   -112.95339320
  10.0   3.200   -112.93281130

  12.0   1.600   -112.76017780
  12.0   1.700   -112.92139240
  12.0   1.800   -113.02609980
  12.0   1.900   -113.09020010
  12.0   2.000   -113.12529070
  12.0   2.100   -113.13692590
  12.0   2.200   -113.13406180
  12.0   2.300   -113.12204840
  12.0   2.400   -113.10418910
  12.0   2.500   -113.08286830
  12.0   2.600   -113.05980380
  12.0   2.700   -113.03622380
  12.0   2.800   -113.01392880
  12.0   2.900   -112.99708920
  12.0   3.000   -112.97377950
  12.0   3.100   -112.95153020
  12.0   3.200   -112.93276180

  14.0   1.600   -112.76034630
  14.0   1.700   -112.92147110
  14.0   1.800   -113.02606920
  14.0   1.900   -113.09006640
  14.0   2.000   -113.12504190
  14.0   2.100   -113.13691330
  14.0   2.200   -113.13404900
  14.0   2.300   -113.12203520
  14.0   2.400   -113.10417540
  14.0   2.500   -113.08285400
  14.0   2.600   -113.05978990
  14.0   2.700   -113.03620910
  14.0   2.800   -113.01391120
  14.0   2.900   -112.99601330
  14.0   3.000   -112.97265630
  14.0   3.100   -112.95036850
  14.0   3.200   -112.93274310

  16.0   1.600   -112.76058040
  16.0   1.700   -112.92164630
  16.0   1.800   -113.02618190
  16.0   1.900   -113.09011410
  16.0   2.000   -113.12502310
  16.0   2.100   -113.13690790
  16.0   2.200   -113.13404370
  16.0   2.300   -113.12202960
  16.0   2.400   -113.10416950
  16.0   2.500   -113.08284790
  16.0   2.600   -113.05978340
  16.0   2.700   -113.03620230
  16.0   2.800   -113.01390230
  16.0   2.900   -112.99547610
  16.0   3.000   -112.97208310
  16.0   3.100   -112.95033320
  16.0   3.200   -112.93273440

  18.0   1.600   -112.76076090
  18.0   1.700   -112.92178630
  18.0   1.800   -113.02627880
  18.0   1.900   -113.09016610
  18.0   2.000   -113.12502940
  18.0   2.100   -113.13690550
  18.0   2.200   -113.13404130
  18.0   2.300   -113.12202710
  18.0   2.400   -113.10416680
  18.0   2.500   -113.08284490
  18.0   2.600   -113.05978030
  18.0   2.700   -113.03619890
  18.0   2.800   -113.01389760
  18.0   2.900   -112.99513270
  18.0   3.000   -112.97171430
  18.0   3.100   -112.95032890
  18.0   3.200   -112.93272980

  20.0   1.600   -112.76090100
  20.0   1.700   -112.92189720
  20.0   1.800   -113.02635870
  20.0   1.900   -113.09021390
  20.0   2.000   -113.12504440
  20.0   2.100   -113.13690440
  20.0   2.200   -113.13404010
  20.0   2.300   -113.12202590
  20.0   2.400   -113.10416550
  20.0   2.500   -113.08284350
  20.0   2.600   -113.05977870
  20.0   2.700   -113.03619720
  20.0   2.800   -113.01389490
  20.0   2.900   -112.99489660
  20.0   3.000   -112.97146000
  20.0   3.100   -112.95032650
  20.0   3.200   -112.93272730

  21.0   1.600   -112.76090109
  21.0   1.700   -112.92189709
  21.0   1.800   -113.02635834
  21.0   1.900   -113.09021398
  21.0   2.000   -113.12504417
  21.0   2.100   -113.13690410
  21.0   2.200   -113.13404000
  21.0   2.300   -113.12202609
  21.0   2.400   -113.10416564
  21.0   2.500   -113.08284394
  21.0   2.600   -113.05977830
  21.0   2.700   -113.03619704
  21.0   2.800   -113.01389453
  21.0   2.900   -112.99489615
  21.0   3.000   -112.97146030
  21.0   3.100   -112.95032641
  21.0   3.200   -112.93272694

  22.0   1.600   -112.76094657
  22.0   1.700   -112.92193201
  22.0   1.800   -113.02638207
  22.0   1.900   -113.09022604
  22.0   2.000   -113.12504427
  22.0   2.100   -113.13689210
  22.0   2.200   -113.13401591
  22.0   2.300   -113.12199009
  22.0   2.400   -113.10411806
  22.0   2.500   -113.08278526
  22.0   2.600   -113.05970915
  22.0   2.700   -113.03611822
  22.0   2.800   -113.01380697
  22.0   2.900   -112.99480093
  22.0   3.000   -112.97135864
  22.0   3.100   -112.95021969
  22.0   3.200   -112.93261667

  23.0   1.600   -112.76098760
  23.0   1.700   -112.92196382
  23.0   1.800   -113.02640410
  23.0   1.900   -113.09023790
  23.0   2.000   -113.12504569
  23.0   2.100   -113.13688295
  23.0   2.200   -113.13399620
  23.0   2.300   -113.12195998
  23.0   2.400   -113.10407783
  23.0   2.500   -113.08273534
  23.0   2.600   -113.05965009
  23.0   2.700   -113.03605070
  23.0   2.800   -113.01373180
  23.0   2.900   -112.99471905
  23.0   3.000   -112.97127113
  23.0   3.100   -112.95012773
  23.0   3.200   -112.93252157

  24.0   1.600   -112.76102469
  24.0   1.700   -112.92199280
  24.0   1.800   -113.02642450
  24.0   1.900   -113.09024936
  24.0   2.000   -113.12504797
  24.0   2.100   -113.13687595
  24.0   2.200   -113.13397994
  24.0   2.300   -113.12193457
  24.0   2.400   -113.10404354
  24.0   2.500   -113.08269252
  24.0   2.600   -113.05959923
  24.0   2.700   -113.03599240
  24.0   2.800   -113.01366678
  24.0   2.900   -112.99464812
  24.0   3.000   -112.97119523
  24.0   3.100   -112.95004790
  24.0   3.200   -112.93243896

  25.0   1.600   -112.76105827
  25.0   1.700   -112.92201924
  25.0   1.800   -113.02644336
  25.0   1.900   -113.09026032
  25.0   2.000   -113.12505083
  25.0   2.100   -113.13687061
  25.0   2.200   -113.13396640
  25.0   2.300   -113.12191296
  25.0   2.400   -113.10401407
  25.0   2.500   -113.08265553
  25.0   2.600   -113.05955513
  25.0   2.700   -113.03594172
  25.0   2.800   -113.01361014
  25.0   2.900   -112.99458626
  25.0   3.000   -112.97112896
  25.0   3.100   -112.94997814
  25.0   3.200   -112.93236673

  26.0   1.600   -112.76108875
  26.0   1.700   -112.92204337
  26.0   1.800   -113.02646076
  26.0   1.900   -113.09027072
  26.0   2.000   -113.12505403
  26.0   2.100   -113.13686653
  26.0   2.200   -113.13395506
  26.0   2.300   -113.12189445
  26.0   2.400   -113.10398858
  26.0   2.500   -113.08262335
  26.0   2.600   -113.05951664
  26.0   2.700   -113.03589738
  26.0   2.800   -113.01356051
  26.0   2.900   -112.99453198
  26.0   3.000   -112.97107075
  26.0   3.100   -112.94991682
  26.0   3.200   -112.93230318

  27.0   1.600   -112.76111647
  27.0   1.700   -112.92206543
  27.0   1.800   -113.02647683
  27.0   1.900   -113.09028053
  27.0   2.000   -113.12505744
  27.0   2.100   -113.13686345
  27.0   2.200   -113.13394548
  27.0   2.300   -113.12187848
  27.0   2.400   -113.10396639
  27.0   2.500   -113.08259518
  27.0   2.600   -113.05948284
  27.0   2.700   -113.03585836
  27.0   2.800   -113.01351676
  27.0   2.900   -112.99448407
  27.0   3.000   -112.97101933
  27.0   3.100   -112.94986260
  27.0   3.200   -112.93224697

  28.0   1.600   -112.76114174
  28.0   1.700   -112.92208563
  28.0   1.800   -113.02649166
  28.0   1.900   -113.09028977
  28.0   2.000   -113.12506093
  28.0   2.100   -113.13686112
  28.0   2.200   -113.13393735
  28.0   2.300   -113.12186462
  28.0   2.400   -113.10394695
  28.0   2.500   -113.08257040
  28.0   2.600   -113.05945300
  28.0   2.700   -113.03582384
  28.0   2.800   -113.01347800
  28.0   2.900   -112.99444158
  28.0   3.000   -112.97097368
  28.0   3.100   -112.94981444
  28.0   3.200   -112.93219699

  29.0   1.600   -112.76116483
  29.0   1.700   -112.92210417
  29.0   1.800   -113.02650537
  29.0   1.900   -113.09029844
  29.0   2.000   -113.12506444
  29.0   2.100   -113.13685940
  29.0   2.200   -113.13393040
  29.0   2.300   -113.12185252
  29.0   2.400   -113.10392984
  29.0   2.500   -113.08254847
  29.0   2.600   -113.05942653
  29.0   2.700   -113.03579316
  29.0   2.800   -113.01344349
  29.0   2.900   -112.99440370
  29.0   3.000   -112.97093295
  29.0   3.100   -112.94977144
  29.0   3.200   -112.93215236

  30.0   1.600   -112.76118597
  30.0   1.700   -112.92212120
  30.0   1.800   -113.02651804
  30.0   1.900   -113.09030658
  30.0   2.000   -113.12506791
  30.0   2.100   -113.13685816
  30.0   2.200   -113.13392444
  30.0   2.300   -113.12184190
  30.0   2.400   -113.10391469
  30.0   2.500   -113.08252897
  30.0   2.600   -113.05940293
  30.0   2.700   -113.03576575
  30.0   2.800   -113.01341263
  30.0   2.900   -112.99436980
  30.0   3.000   -112.97089647
  30.0   3.100   -112.94973290
  30.0   3.200   -112.93211233

  31.0   1.600   -112.76120537
  31.0   1.700   -112.92213688
  31.0   1.800   -113.02652977
  31.0   1.900   -113.09031420
  31.0   2.000   -113.12507131
  31.0   2.100   -113.13685728
  31.0   2.200   -113.13391929
  31.0   2.300   -113.12183254
  31.0   2.400   -113.10390122
  31.0   2.500   -113.08251157
  31.0   2.600   -113.05938180
  31.0   2.700   -113.03574117
  31.0   2.800   -113.01338492
  31.0   2.900   -112.99433932
  31.0   3.000   -112.97086365
  31.0   3.100   -112.94969821
  31.0   3.200   -112.93207628

  32.0   1.600   -112.76122321
  32.0   1.700   -112.92215134
  32.0   1.800   -113.02654064
  32.0   1.900   -113.09032133
  32.0   2.000   -113.12507461
  32.0   2.100   -113.13685670
  32.0   2.200   -113.13391483
  32.0   2.300   -113.12182424
  32.0   2.400   -113.10388920
  32.0   2.500   -113.08249596
  32.0   2.600   -113.05936281
  32.0   2.700   -113.03571904
  32.0   2.800   -113.01335994
  32.0   2.900   -112.99431183
  32.0   3.000   -112.97083402
  32.0   3.100   -112.94966687
  32.0   3.200   -112.93204370

  33.0   1.600   -112.76123965
  33.0   1.700   -112.92216469
  33.0   1.800   -113.02655073
  33.0   1.900   -113.09032802
  33.0   2.000   -113.12507780
  33.0   2.100   -113.13685635
  33.0   2.200   -113.13391094
  33.0   2.300   -113.12181686
  33.0   2.400   -113.10387842
  33.0   2.500   -113.08248192
  33.0   2.600   -113.05934568
  33.0   2.700   -113.03569904
  33.0   2.800   -113.01333734
  33.0   2.900   -112.99428693
  33.0   3.000   -112.97080718
  33.0   3.100   -112.94963846
  33.0   3.200   -112.93201415

  34.0   1.600   -112.76125482
  34.0   1.700   -112.92217705
  34.0   1.800   -113.02656011
  34.0   1.900   -113.09033428
  34.0   2.000   -113.12508087
  34.0   2.100   -113.13685618
  34.0   2.200   -113.13390754
  34.0   2.300   -113.12181027
  34.0   2.400   -113.10386872
  34.0   2.500   -113.08246923
  34.0   2.600   -113.05933018
  34.0   2.700   -113.03568092
  34.0   2.800   -113.01331683
  34.0   2.900   -112.99426432
  34.0   3.000   -112.97078278
  34.0   3.100   -112.94961262
  34.0   3.200   -112.93198727

  35.0   1.600   -112.76126885
  35.0   1.700   -112.92218851
  35.0   1.800   -113.02656883
  35.0   1.900   -113.09034015
  35.0   2.000   -113.12508381
  35.0   2.100   -113.13685616
  35.0   2.200   -113.13390455
  35.0   2.300   -113.12180436
  35.0   2.400   -113.10385996
  35.0   2.500   -113.08245774
  35.0   2.600   -113.05931609
  35.0   2.700   -113.03566443
  35.0   2.800   -113.01329816
  35.0   2.900   -112.99424372
  35.0   3.000   -112.97076054
  35.0   3.100   -112.94958906
  35.0   3.200   -112.93196274

  36.0   1.600   -112.76128186
  36.0   1.700   -112.92219914
  36.0   1.800   -113.02657695
  36.0   1.900   -113.09034566
  36.0   2.000   -113.12508663
  36.0   2.100   -113.13685625
  36.0   2.200   -113.13390192
  36.0   2.300   -113.12179904
  36.0   2.400   -113.10385202
  36.0   2.500   -113.08244729
  36.0   2.600   -113.05930326
  36.0   2.700   -113.03564939
  36.0   2.800   -113.01328111
  36.0   2.900   -112.99422490
  36.0   3.000   -112.97074020
  36.0   3.100   -112.94956751
  36.0   3.200   -112.93194030

  37.0   1.600   -112.76129393
  37.0   1.700   -112.92220903
  37.0   1.800   -113.02658453
  37.0   1.900   -113.09035082
  37.0   2.000   -113.12508932
  37.0   2.100   -113.13685643
  37.0   2.200   -113.13389960
  37.0   2.300   -113.12179424
  37.0   2.400   -113.10384481
  37.0   2.500   -113.08243776
  37.0   2.600   -113.05929154
  37.0   2.700   -113.03563563
  37.0   2.800   -113.01326550
  37.0   2.900   -112.99420765
  37.0   3.000   -112.97072156
  37.0   3.100   -112.94954774
  37.0   3.200   -112.93191970

  38.0   1.600   -112.76130515
  38.0   1.700   -112.92221824
  38.0   1.800   -113.02659160
  38.0   1.900   -113.09035567
  38.0   2.000   -113.12509188
  38.0   2.100   -113.13685669
  38.0   2.200   -113.13389754
  38.0   2.300   -113.12178990
  38.0   2.400   -113.10383824
  38.0   2.500   -113.08242905
  38.0   2.600   -113.05928080
  38.0   2.700   -113.03562301
  38.0   2.800   -113.01325117
  38.0   2.900   -112.99419180
  38.0   3.000   -112.97070442
  38.0   3.100   -112.94952956
  38.0   3.200   -112.93190076

  39.0   1.600   -112.76131560
  39.0   1.700   -112.92222683
  39.0   1.800   -113.02659822
  39.0   1.900   -113.09036023
  39.0   2.000   -113.12509433
  39.0   2.100   -113.13685699
  39.0   2.200   -113.13389570
  39.0   2.300   -113.12178595
  39.0   2.400   -113.10383223
  39.0   2.500   -113.08242106
  39.0   2.600   -113.05927095
  39.0   2.700   -113.03561141
  39.0   2.800   -113.01323799
  39.0   2.900   -112.99417722
  39.0   3.000   -112.97068864
  39.0   3.100   -112.94951282
  39.0   3.200   -112.93188330

  40.0   1.600   -112.76132534
  40.0   1.700   -112.92223485
  40.0   1.800   -113.02660441
  40.0   1.900   -113.09036452
  40.0   2.000   -113.12509666
  40.0   2.100   -113.13685734
  40.0   2.200   -113.13389406
  40.0   2.300   -113.12178235
  40.0   2.400   -113.10382673
  40.0   2.500   -113.08241372
  40.0   2.600   -113.05926187
  40.0   2.700   -113.03560072
  40.0   2.800   -113.01322583
  40.0   2.900   -112.99416376
  40.0   3.000   -112.97067407
  40.0   3.100   -112.94949735
  40.0   3.200   -112.93186717

  41.0   1.600   -112.76133444
  41.0   1.700   -112.92224235
  41.0   1.800   -113.02661022
  41.0   1.900   -113.09036855
  41.0   2.000   -113.12509888
  41.0   2.100   -113.13685772
  41.0   2.200   -113.13389260
  41.0   2.300   -113.12177907
  41.0   2.400   -113.10382167
  41.0   2.500   -113.08240696
  41.0   2.600   -113.05925350
  41.0   2.700   -113.03559085
  41.0   2.800   -113.01321459
  41.0   2.900   -112.99415131
  41.0   3.000   -112.97066059
  41.0   3.100   -112.94948303
  41.0   3.200   -112.93185223

  42.0   1.600   -112.76134296
  42.0   1.700   -112.92224938
  42.0   1.800   -113.02661567
  42.0   1.900   -113.09037236
  42.0   2.000   -113.12510099
  42.0   2.100   -113.13685812
  42.0   2.200   -113.13389129
  42.0   2.300   -113.12177607
  42.0   2.400   -113.10381702
  42.0   2.500   -113.08240072
  42.0   2.600   -113.05924576
  42.0   2.700   -113.03558171
  42.0   2.800   -113.01320418
  42.0   2.900   -112.99413977
  42.0   3.000   -112.97064809
  42.0   3.100   -112.94946975
  42.0   3.200   -112.93183838

  43.0   1.600   -112.76135093
  43.0   1.700   -112.92225597
  43.0   1.800   -113.02662079
  43.0   1.900   -113.09037594
  43.0   2.000   -113.12510300
  43.0   2.100   -113.13685853
  43.0   2.200   -113.13389011
  43.0   2.300   -113.12177331
  43.0   2.400   -113.10381272
  43.0   2.500   -113.08239495
  43.0   2.600   -113.05923858
  43.0   2.700   -113.03557324
  43.0   2.800   -113.01319452
  43.0   2.900   -112.99412906
  43.0   3.000   -112.97063648
  43.0   3.100   -112.94945741
  43.0   3.200   -112.93182550

  44.0   1.600   -112.76135841
  44.0   1.700   -112.92226216
  44.0   1.800   -113.02662560
  44.0   1.900   -113.09037933
  44.0   2.000   -113.12510492
  44.0   2.100   -113.13685896
  44.0   2.200   -113.13388904
  44.0   2.300   -113.12177077
  44.0   2.400   -113.10380875
  44.0   2.500   -113.08238960
  44.0   2.600   -113.05923193
  44.0   2.700   -113.03556536
  44.0   2.800   -113.01318554
  44.0   2.900   -112.99411910
  44.0   3.000   -112.97062568
  44.0   3.100   -112.94944593
  44.0   3.200   -112.93181351

  45.0   1.600   -112.76136544
  45.0   1.700   -112.92226797
  45.0   1.800   -113.02663014
  45.0   1.900   -113.09038253
  45.0   2.000   -113.12510674
  45.0   2.100   -113.13685939
  45.0   2.200   -113.13388808
  45.0   2.300   -113.12176844
  45.0   2.400   -113.10380507
  45.0   2.500   -113.08238463
  45.0   2.600   -113.05922574
  45.0   2.700   -113.03555804
  45.0   2.800   -113.01317718
  45.0   2.900   -112.99410982
  45.0   3.000   -112.97061561
  45.0   3.100   -112.94943522
  45.0   3.200   -112.93180232

  46.0   1.600   -112.76137205
  46.0   1.700   -112.92227345
  46.0   1.800   -113.02663441
  46.0   1.900   -113.09038555
  46.0   2.000   -113.12510848
  46.0   2.100   -113.13685982
  46.0   2.200   -113.13388721
  46.0   2.300   -113.12176628
  46.0   2.400   -113.10380166
  46.0   2.500   -113.08238001
  46.0   2.600   -113.05921997
  46.0   2.700   -113.03555121
  46.0   2.800   -113.01316938
  46.0   2.900   -112.99410115
  46.0   3.000   -112.97060621
  46.0   3.100   -112.94942522
  46.0   3.200   -112.93179188

  47.0   1.600   -112.76137826
  47.0   1.700   -112.92227861
  47.0   1.800   -113.02663845
  47.0   1.900   -113.09038841
  47.0   2.000   -113.12511013
  47.0   2.100   -113.13686026
  47.0   2.200   -113.13388642
  47.0   2.300   -113.12176428
  47.0   2.400   -113.10379849
  47.0   2.500   -113.08237570
  47.0   2.600   -113.05921459
  47.0   2.700   -113.03554483
  47.0   2.800   -113.01316209
  47.0   2.900   -112.99409305
  47.0   3.000   -112.97059742
  47.0   3.100   -112.94941587
  47.0   3.200   -112.93178210

  48.0   1.600   -112.76138413
  48.0   1.700   -112.92228347
  48.0   1.800   -113.02664226
  48.0   1.900   -113.09039112
  48.0   2.000   -113.12511171
  48.0   2.100   -113.13686069
  48.0   2.200   -113.13388571
  48.0   2.300   -113.12176243
  48.0   2.400   -113.10379553
  48.0   2.500   -113.08237168
  48.0   2.600   -113.05920956
  48.0   2.700   -113.03553886
  48.0   2.800   -113.01315526
  48.0   2.900   -112.99408547
  48.0   3.000   -112.97058918
  48.0   3.100   -112.94940710
  48.0   3.200   -112.93177295

  49.0   1.600   -112.76138966
  49.0   1.700   -112.92228807
  49.0   1.800   -113.02664586
  49.0   1.900   -113.09039369
  49.0   2.000   -113.12511322
  49.0   2.100   -113.13686111
  49.0   2.200   -113.13388505
  49.0   2.300   -113.12176071
  49.0   2.400   -113.10379277
  49.0   2.500   -113.08236792
  49.0   2.600   -113.05920486
  49.0   2.700   -113.03553327
  49.0   2.800   -113.01314887
  49.0   2.900   -112.99407836
  49.0   3.000   -112.97058146
  49.0   3.100   -112.94939888
  49.0   3.200   -112.93176435

  50.0   1.600   -112.76139488
  50.0   1.700   -112.92229241
  50.0   1.800   -113.02664927
  50.0   1.900   -113.09039612
  50.0   2.000   -113.12511465
  50.0   2.100   -113.13686153
  50.0   2.200   -113.13388446
  50.0   2.300   -113.12175911
  50.0   2.400   -113.10379020
  50.0   2.500   -113.08236441
  50.0   2.600   -113.05920045
  50.0   2.700   -113.03552803
  50.0   2.800   -113.01314287
  50.0   2.900   -112.99407169
  50.0   3.000   -112.97057421
  50.0   3.100   -112.94939116
  50.0   3.200   -112.93175628

