   1.4   1.600      0.02342851
   1.4   1.700      0.01051787
   1.4   1.800      0.01169546
   1.4   1.900     -0.02953717
   1.4   2.000      0.01353224
   1.4   2.100     -0.04905600
   1.4   2.200     -0.06783908
   1.4   2.300     -0.06996303
   1.4   2.400     -0.06996303
   1.4   2.500      0.04850171
   1.4   2.600     -0.05220490
   1.4   2.700     -0.03355153
   1.4   2.800      0.05436492
   1.4   2.900      0.01424363
   1.4   3.000     -0.00611733
   1.4   3.100     -0.12754559
   1.4   3.200     -0.13554885

   1.6   1.600      0.00527799
   1.6   1.700      0.00666485
   1.6   1.800      0.00955346
   1.6   1.900     -0.01850895
   1.6   2.000      0.01248403
   1.6   2.100     -0.03283863
   1.6   2.200     -0.04441359
   1.6   2.300     -0.08836108
   1.6   2.400     -0.06160657
   1.6   2.500     -0.00239521
   1.6   2.600     -0.08904822
   1.6   2.700     -0.04311399
   1.6   2.800     -0.01683445
   1.6   2.900      0.00554106
   1.6   3.000     -0.00301661
   1.6   3.100     -0.07040664
   1.6   3.200     -0.04992289

   1.8   1.600     -0.00534830
   1.8   1.700      0.00511758
   1.8   1.800      0.00922004
   1.8   1.900      0.00782131
   1.8   2.000      0.01749799
   1.8   2.100     -0.01399682
   1.8   2.200     -0.01470927
   1.8   2.300     -0.11603853
   1.8   2.400     -0.06823419
   1.8   2.500     -0.10253759
   1.8   2.600     -0.06081497
   1.8   2.700     -0.08500348
   1.8   2.800     -0.05418167
   1.8   2.900      0.00175177
   1.8   3.000      0.02464654
   1.8   3.100     -0.03292106
   1.8   3.200      0.03779131

   2.0   1.600      0.00991800
   2.0   1.700      0.00656100
   2.0   1.800      0.00845063
   2.0   1.900      0.00068319
   2.0   2.000      0.01532138
   2.0   2.100     -0.01905310
   2.0   2.200     -0.02143189
   2.0   2.300     -0.11653396
   2.0   2.400     -0.07004230
   2.0   2.500     -0.10349864
   2.0   2.600     -0.06280786
   2.0   2.700     -0.08681843
   2.0   2.800     -0.05568952
   2.0   2.900      0.02235073
   2.0   3.000      0.04913710
   2.0   3.100     -0.06415614
   2.0   3.200      0.04063884

   2.1   1.600      0.01716205
   2.1   1.700      0.00556021
   2.1   1.800      0.00838598
   2.1   1.900      0.00500923
   2.1   2.000      0.01478655
   2.1   2.100     -0.02189492
   2.1   2.200     -0.02442384
   2.1   2.300     -0.11516173
   2.1   2.400     -0.07080485
   2.1   2.500     -0.10267705
   2.1   2.600     -0.06291966
   2.1   2.700     -0.08596088
   2.1   2.800     -0.05570748
   2.1   2.900      0.01789252
   2.1   3.000      0.04773764
   2.1   3.100     -0.06143360
   2.1   3.200      0.03793464

   2.2   1.600      0.02455323
   2.2   1.700      0.00607196
   2.2   1.800      0.00851274
   2.2   1.900      0.01063110
   2.2   2.000      0.01239407
   2.2   2.100     -0.02473940
   2.2   2.200     -0.02705554
   2.2   2.300     -0.10068063
   2.2   2.400     -0.07030410
   2.2   2.500     -0.10137611
   2.2   2.600     -0.06335847
   2.2   2.700     -0.08478974
   2.2   2.800     -0.05551550
   2.2   2.900      0.01387070
   2.2   3.000      0.04629227
   2.2   3.100     -0.05922852
   2.2   3.200      0.03561715

   2.3   1.600      0.03139424
   2.3   1.700      0.00685016
   2.3   1.800      0.00870987
   2.3   1.900      0.01007414
   2.3   2.000      0.01229611
   2.3   2.100     -0.02778298
   2.3   2.200     -0.02963640
   2.3   2.300     -0.09531625
   2.3   2.400      0.10356390
   2.3   2.500     -0.09124443
   2.3   2.600      0.08759771
   2.3   2.700     -0.08336376
   2.3   2.800     -0.05529372
   2.3   2.900      0.01037449
   2.3   3.000      0.04488746
   2.3   3.100     -0.05726219
   2.3   3.200      0.03380474

   2.4   1.600      0.03533308
   2.4   1.700      0.00756636
   2.4   1.800      0.00890510
   2.4   1.900      0.01027497
   2.4   2.000      0.01280086
   2.4   2.100     -0.03086333
   2.4   2.200     -0.03210917
   2.4   2.300     -0.09226316
   2.4   2.400      0.10207566
   2.4   2.500     -0.08933348
   2.4   2.600      0.08955255
   2.4   2.700     -0.08013740
   2.4   2.800     -0.07639065
   2.4   2.900      0.00727224
   2.4   3.000      0.01712293
   2.4   3.100     -0.06075356
   2.4   3.200     -0.04883583

   2.5   1.600      0.03633232
   2.5   1.700      0.00776686
   2.5   1.800      0.00896721
   2.5   1.900      0.01046750
   2.5   2.000      0.01331366
   2.5   2.100     -0.03382252
   2.5   2.200     -0.03446818
   2.5   2.300     -0.08820413
   2.5   2.400      0.09957384
   2.5   2.500     -0.08811362
   2.5   2.600      0.08925626
   2.5   2.700     -0.08000323
   2.5   2.800     -0.07771326
   2.5   2.900      0.00259935
   2.5   3.000      0.00865610
   2.5   3.100     -0.06238173
   2.5   3.200     -0.05570462

   2.6   1.600      0.03633067
   2.6   1.700      0.00793408
   2.6   1.800      0.00866106
   2.6   1.900      0.01026130
   2.6   2.000      0.01259613
   2.6   2.100     -0.03657292
   2.6   2.200     -0.03674109
   2.6   2.300     -0.04342500
   2.6   2.400      0.09605013
   2.6   2.500     -0.08660570
   2.6   2.600      0.08815739
   2.6   2.700     -0.07969549
   2.6   2.800     -0.07783741
   2.6   2.900     -0.00167721
   2.6   3.000      0.00269341
   2.6   3.100     -0.06329684
   2.6   3.200     -0.05854233

   2.7   1.600      0.03539573
   2.7   1.700      0.00782903
   2.7   1.800      0.00812147
   2.7   1.900      0.00955421
   2.7   2.000      0.01158468
   2.7   2.100     -0.03904357
   2.7   2.200     -0.03876955
   2.7   2.300     -0.04208948
   2.7   2.400     -0.08287571
   2.7   2.500     -0.08445987
   2.7   2.600     -0.08270119
   2.7   2.700     -0.07908083
   2.7   2.800     -0.07734514
   2.7   2.900     -0.00555313
   2.7   3.000     -0.00212403
   2.7   3.100     -0.06361222
   2.7   3.200     -0.05950022

   2.8   1.600      0.03379709
   2.8   1.700      0.00745712
   2.8   1.800      0.00761188
   2.8   1.900      0.00838195
   2.8   2.000      0.01018861
   2.8   2.100     -0.04088074
   2.8   2.200     -0.04053755
   2.8   2.300     -0.04206390
   2.8   2.400     -0.07302233
   2.8   2.500     -0.08135555
   2.8   2.600     -0.08104233
   2.8   2.700     -0.07810294
   2.8   2.800     -0.07638053
   2.8   2.900     -0.00904556
   2.8   3.000     -0.00618163
   2.8   3.100     -0.06342293
   2.8   3.200     -0.05972708

   2.9   1.600      0.03176316
   2.9   1.700      0.00705314
   2.9   1.800      0.00699921
   2.9   1.900      0.00755816
   2.9   2.000      0.00830575
   2.9   2.100     -0.04259269
   2.9   2.200     -0.04282171
   2.9   2.300     -0.04268145
   2.9   2.400     -0.05004344
   2.9   2.500     -0.07619956
   2.9   2.600     -0.07874799
   2.9   2.700     -0.07674410
   2.9   2.800     -0.07515091
   2.9   2.900     -0.01217541
   2.9   3.000     -0.00978244
   2.9   3.100     -0.06282324
   2.9   3.200     -0.05938541

   3.0   1.600      0.02965942
   3.0   1.700      0.00643345
   3.0   1.800      0.00628928
   3.0   1.900      0.00667549
   3.0   2.000      0.00684940
   3.0   2.100     -0.04419617
   3.0   2.200     -0.04339964
   3.0   2.300     -0.04360132
   3.0   2.400     -0.04768178
   3.0   2.500     -0.06453742
   3.0   2.600     -0.07549567
   3.0   2.700     -0.07493967
   3.0   2.800     -0.07373199
   3.0   2.900     -0.01489776
   3.0   3.000     -0.01289495
   3.0   3.100     -0.06189155
   3.0   3.200     -0.05862586

   3.1   1.600      0.02660815
   3.1   1.700      0.00588952
   3.1   1.800      0.00552393
   3.1   1.900      0.00593266
   3.1   2.000      0.00579000
   3.1   2.100     -0.04370948
   3.1   2.200     -0.04458538
   3.1   2.300     -0.04453556
   3.1   2.400     -0.04711539
   3.1   2.500     -0.05549158
   3.1   2.600     -0.07036990
   3.1   2.700     -0.07255970
   3.1   2.800     -0.07211949
   3.1   2.900     -0.01715265
   3.1   3.000     -0.01555167
   3.1   3.100     -0.06069303
   3.1   3.200     -0.05753859

   3.2   1.600      0.02424674
   3.2   1.700      0.00524058
   3.2   1.800      0.00483020
   3.2   1.900      0.00527623
   3.2   2.000      0.00486634
   3.2   2.100     -0.04192374
   3.2   2.200     -0.04476053
   3.2   2.300     -0.04523766
   3.2   2.400     -0.04710173
   3.2   2.500     -0.05207930
   3.2   2.600     -0.06317105
   3.2   2.700     -0.06928030
   3.2   2.800     -0.07065752
   3.2   2.900     -0.01883910
   3.2   3.000     -0.01772389
   3.2   3.100     -0.05925673
   3.2   3.200     -0.05622835

   3.3   1.600      0.01867848
   3.3   1.700      0.00416391
   3.3   1.800      0.00430047
   3.3   1.900      0.00454216
   3.3   2.000      0.00402407
   3.3   2.100     -0.04015358
   3.3   2.200     -0.04311121
   3.3   2.300     -0.04547824
   3.3   2.400     -0.04711735
   3.3   2.500     -0.05058697
   3.3   2.600     -0.05821309
   3.3   2.700     -0.06476695
   3.3   2.800     -0.06832041
   3.3   2.900     -0.01977032
   3.3   3.000     -0.01951937
   3.3   3.100     -0.05764249
   3.3   3.200     -0.05452805

   3.4   1.600      0.01080875
   3.4   1.700      0.00409989
   3.4   1.800      0.00370587
   3.4   1.900      0.00377242
   3.4   2.000      0.00325905
   3.4   2.100     -0.03851063
   3.4   2.200     -0.04121388
   3.4   2.300     -0.04420932
   3.4   2.400     -0.04679500
   3.4   2.500     -0.04981581
   3.4   2.600     -0.05533142
   3.4   2.700     -0.06028289
   3.4   2.800     -0.06598739
   3.4   2.900     -0.01960349
   3.4   3.000     -0.02051493
   3.4   3.100     -0.05592821
   3.4   3.200     -0.05288298

   3.5   1.600      0.00328205
   3.5   1.700      0.00471997
   3.5   1.800      0.00294283
   3.5   1.900      0.00306215
   3.5   2.000      0.00258068
   3.5   2.100     -0.03693772
   3.5   2.200     -0.03942529
   3.5   2.300     -0.04212906
   3.5   2.400     -0.04549599
   3.5   2.500     -0.04900972
   3.5   2.600     -0.05324864
   3.5   2.700     -0.05683064
   3.5   2.800     -0.06348113
   3.5   2.900     -0.01777674
   3.5   3.000     -0.02049904
   3.5   3.100     -0.05416009
   3.5   3.200     -0.05137005

   3.6   1.600     -0.00125712
   3.6   1.700      0.00354044
   3.6   1.800      0.00241118
   3.6   1.900      0.00250185
   3.6   2.000      0.00199085
   3.6   2.100     -0.03540680
   3.6   2.200     -0.03768362
   3.6   2.300     -0.04019068
   3.6   2.400     -0.04347402
   3.6   2.500     -0.04760264
   3.6   2.600     -0.05081187
   3.6   2.700     -0.05369439
   3.6   2.800     -0.06080372
   3.6   2.900     -0.01406152
   3.6   3.000     -0.01906060
   3.6   3.100     -0.05237545
   3.6   3.200     -0.04959572

   3.7   1.600     -0.00167874
   3.7   1.700      0.00130247
   3.7   1.800      0.00163541
   3.7   1.900      0.00198322
   3.7   2.000      0.00148568
   3.7   2.100     -0.03387807
   3.7   2.200     -0.03602000
   3.7   2.300     -0.03831100
   3.7   2.400     -0.04137134
   3.7   2.500     -0.04566366
   3.7   2.600     -0.04826037
   3.7   2.700     -0.05038947
   3.7   2.800     -0.05820025
   3.7   2.900     -0.00889222
   3.7   3.000     -0.01583863
   3.7   3.100     -0.05063540
   3.7   3.200     -0.04784659

   3.8   1.600     -0.00163881
   3.8   1.700     -0.00027705
   3.8   1.800      0.00068562
   3.8   1.900      0.00094787
   3.8   2.000      0.00104684
   3.8   2.100     -0.03234264
   3.8   2.200     -0.03433681
   3.8   2.300     -0.03645293
   3.8   2.400     -0.03929973
   3.8   2.500     -0.04358395
   3.8   2.600     -0.04584003
   3.8   2.700     -0.04760400
   3.8   2.800     -0.05550630
   3.8   2.900     -0.00246415
   3.8   3.000     -0.01135211
   3.8   3.100     -0.04895792
   3.8   3.200     -0.04615678

   3.9   1.600     -0.00149151
   3.9   1.700     -0.00026045
   3.9   1.800     -0.00015046
   3.9   1.900     -0.00024364
   3.9   2.000      0.00026963
   3.9   2.100     -0.03079416
   3.9   2.200     -0.03265450
   3.9   2.300     -0.03462068
   3.9   2.400     -0.03724277
   3.9   2.500     -0.04147240
   3.9   2.600     -0.04355938
   3.9   2.700     -0.04512975
   3.9   2.800     -0.05092632
   3.9   2.900      0.00402202
   3.9   3.000     -0.00551113
   3.9   3.100     -0.04746778
   3.9   3.200     -0.04454968

   4.0   1.600     -0.00131868
   4.0   1.700     -0.00021626
   4.0   1.800     -0.00058507
   4.0   1.900     -0.00095599
   4.0   2.000     -0.00059630
   4.0   2.100     -0.02922541
   4.0   2.200     -0.03096451
   4.0   2.300     -0.03279572
   4.0   2.400     -0.03518521
   4.0   2.500     -0.03934004
   4.0   2.600     -0.04130975
   4.0   2.700     -0.04280655
   4.0   2.800     -0.04680111
   4.0   2.900      0.00612774
   4.0   3.000      0.00215482
   4.0   3.100     -0.04633146
   4.0   3.200     -0.04307091

   4.1   1.600     -0.00114903
   4.1   1.700     -0.00017313
   4.1   1.800     -0.00050626
   4.1   1.900     -0.00087717
   4.1   2.000     -0.00109848
   4.1   2.100     -0.02762922
   4.1   2.200     -0.02929463
   4.1   2.300     -0.03097048
   4.1   2.400     -0.03314835
   4.1   2.500     -0.03721145
   4.1   2.600     -0.03908013
   4.1   2.700     -0.04055010
   4.1   2.800     -0.04363804
   4.1   2.900      0.00630164
   4.1   3.000      0.00574120
   4.1   3.100     -0.04575991
   4.1   3.200     -0.04176663

   4.2   1.600     -0.00099487
   4.2   1.700     -0.00006696
   4.2   1.800     -0.00037417
   4.2   1.900     -0.00074008
   4.2   2.000     -0.00101265
   4.2   2.100     -0.02599833
   4.2   2.200     -0.02762732
   4.2   2.300     -0.02914962
   4.2   2.400     -0.03112161
   4.2   2.500     -0.03507812
   4.2   2.600     -0.03689422
   4.2   2.700     -0.03834524
   4.2   2.800     -0.04112707
   4.2   2.900      0.00610217
   4.2   3.000     -0.00174108
   4.2   3.100     -0.04368383
   4.2   3.200     -0.04084523

   4.4   1.600     -0.00072988
   4.4   1.700      0.00001293
   4.4   1.800     -0.00024591
   4.4   1.900     -0.00053119
   4.4   2.000     -0.00075684
   4.4   2.100     -0.02260350
   4.4   2.200     -0.02416569
   4.4   2.300     -0.02557020
   4.4   2.400     -0.02699181
   4.4   2.500     -0.02896177
   4.4   2.600     -0.03258270
   4.4   2.700     -0.03403757
   4.4   2.800     -0.03682122
   4.4   2.900      0.00319846
   4.4   3.000     -0.00138460
   4.4   3.100     -0.02968699
   4.4   3.200     -0.03141863

   4.6   1.600     -0.00051764
   4.6   1.700      0.00005632
   4.6   1.800     -0.00013360
   4.6   1.900     -0.00030290
   4.6   2.000     -0.00052504
   4.6   2.100     -0.01914530
   4.6   2.200     -0.02054007
   4.6   2.300     -0.02185502
   4.6   2.400     -0.02323277
   4.6   2.500     -0.02461156
   4.6   2.600     -0.02723938
   4.6   2.700     -0.02989097
   4.6   2.800     -0.03228243
   4.6   2.900      0.00039385
   4.6   3.000     -0.00058025
   4.6   3.100     -0.02672789
   4.6   3.200     -0.02698121

   4.8   1.600     -0.00035214
   4.8   1.700      0.00009301
   4.8   1.800     -0.00003950
   4.8   1.900     -0.00011888
   4.8   2.000     -0.00032848
   4.8   2.100     -0.01617132
   4.8   2.200     -0.01739070
   4.8   2.300     -0.01856205
   4.8   2.400     -0.01979796
   4.8   2.500     -0.02106753
   4.8   2.600     -0.02226237
   4.8   2.700     -0.02482798
   4.8   2.800     -0.02798296
   4.8   2.900      0.00078992
   4.8   3.000     -0.00124390
   4.8   3.100     -0.02432654
   4.8   3.200     -0.02445418

   5.0   1.600     -0.00023032
   5.0   1.700      0.00007895
   5.0   1.800      0.00000828
   5.0   1.900     -0.00002709
   5.0   2.000     -0.00018603
   5.0   2.100     -0.01362248
   5.0   2.200     -0.01468064
   5.0   2.300     -0.01570633
   5.0   2.400     -0.01680020
   5.0   2.500     -0.01791718
   5.0   2.600     -0.01901095
   5.0   2.700     -0.02016910
   5.0   2.800     -0.02207884
   5.0   2.900      0.00093754
   5.0   3.000      0.00050899
   5.0   3.100     -0.02038634
   5.0   3.200     -0.02206086

   5.2   1.600     -0.00015173
   5.2   1.700      0.00001083
   5.2   1.800     -0.00002323
   5.2   1.900      0.00002646
   5.2   2.000     -0.00009868
   5.2   2.100     -0.01143420
   5.2   2.200     -0.01234905
   5.2   2.300     -0.01323673
   5.2   2.400     -0.01419720
   5.2   2.500     -0.01516699
   5.2   2.600     -0.01613429
   5.2   2.700     -0.01718004
   5.2   2.800     -0.01892358
   5.2   2.900      0.00144155
   5.2   3.000      0.00065651
   5.2   3.100     -0.01929484
   5.2   3.200     -0.01980797

   5.4   1.600     -0.00009186
   5.4   1.700     -0.00000650
   5.4   1.800     -0.00003262
   5.4   1.900      0.00004482
   5.4   2.000     -0.00004603
   5.4   2.100     -0.00959858
   5.4   2.200     -0.01038046
   5.4   2.300     -0.01115273
   5.4   2.400     -0.01198624
   5.4   2.500     -0.01281100
   5.4   2.600     -0.01365439
   5.4   2.700     -0.01456257
   5.4   2.800     -0.01612799
   5.4   2.900      0.00119738
   5.4   3.000      0.00105389
   5.4   3.100     -0.01684719
   5.4   3.200     -0.01747704

   5.6   1.600     -0.00005208
   5.6   1.700     -0.00001866
   5.6   1.800     -0.00003909
   5.6   1.900      0.00005175
   5.6   2.000     -0.00001621
   5.6   2.100     -0.00805070
   5.6   2.200     -0.00871814
   5.6   2.300     -0.00938689
   5.6   2.400     -0.01010110
   5.6   2.500     -0.01080856
   5.6   2.600     -0.01154044
   5.6   2.700     -0.01231550
   5.6   2.800     -0.01372033
   5.6   2.900      0.00090002
   5.6   3.000      0.00089433
   5.6   3.100     -0.01456232
   5.6   3.200     -0.01516670

   5.8   1.600     -0.00002688
   5.8   1.700     -0.00002383
   5.8   1.800     -0.00004250
   5.8   1.900      0.00005483
   5.8   2.000     -0.00000277
   5.8   2.100     -0.00616930
   5.8   2.200     -0.00731415
   5.8   2.300     -0.00788977
   5.8   2.400     -0.00849967
   5.8   2.500     -0.00910559
   5.8   2.600     -0.00972879
   5.8   2.700     -0.01039366
   5.8   2.800     -0.01163722
   5.8   2.900      0.00066391
   5.8   3.000      0.00066221
   5.8   3.100     -0.01287883
   5.8   3.200     -0.01304774

   6.0   1.600     -0.00001241
   6.0   1.700     -0.00002360
   6.0   1.800     -0.00004719
   6.0   1.900      0.00005926
   6.0   2.000     -0.00000170
   6.0   2.100     -0.00521788
   6.0   2.200     -0.00541675
   6.0   2.300     -0.00662254
   6.0   2.400     -0.00714184
   6.0   2.500     -0.00765971
   6.0   2.600     -0.00808288
   6.0   2.700     -0.00875570
   6.0   2.800     -0.00981814
   6.0   2.900      0.00048337
   6.0   3.000      0.00048030
   6.0   3.100     -0.01089548
   6.0   3.200     -0.01136345

   7.0   1.600     -0.00001294
   7.0   1.700     -0.00003192
   7.0   1.800     -0.00005388
   7.0   1.900      0.00007426
   7.0   2.000     -0.00005875
   7.0   2.100     -0.00217902
   7.0   2.200     -0.00227280
   7.0   2.300     -0.00234094
   7.0   2.400     -0.00237336
   7.0   2.500     -0.00237092
   7.0   2.600     -0.00193294
   7.0   2.700     -0.00213845
   7.0   2.800     -0.00330596
   7.0   2.900      0.00008310
   7.0   3.000     -0.00668890
   7.0   3.100     -0.00455494
   7.0   3.200     -0.00475330

   8.0   1.600     -0.00001514
   8.0   1.700      0.00000656
   8.0   1.800      0.00000709
   8.0   1.900      0.00001265
   8.0   2.000     -0.00002012
   8.0   2.100     -0.00087197
   8.0   2.200     -0.00091370
   8.0   2.300     -0.00094497
   8.0   2.400     -0.00095939
   8.0   2.500     -0.00095029
   8.0   2.600      0.00058776
   8.0   2.700      0.00094825
   8.0   2.800     -0.00018385
   8.0   2.900     -0.00153811
   8.0   3.000     -0.00164211
   8.0   3.100     -0.00278618
   8.0   3.200     -0.00230803

   9.0   1.600     -0.00001035
   9.0   1.700      0.00000224
   9.0   1.800      0.00000712
   9.0   1.900      0.00000222
   9.0   2.000     -0.00000023
   9.0   2.100     -0.00034035
   9.0   2.200     -0.00035772
   9.0   2.300     -0.00037124
   9.0   2.400     -0.00037833
   9.0   2.500     -0.00037640
   9.0   2.600      0.00017696
   9.0   2.700      0.00028434
   9.0   2.800      0.00058284
   9.0   2.900     -0.00222776
   9.0   3.000     -0.00019851
   9.0   3.100     -0.00087742
   9.0   3.200     -0.00077338

  10.0   1.600     -0.00000183
  10.0   1.700     -0.00000055
  10.0   1.800      0.00000113
  10.0   1.900     -0.00000422
  10.0   2.000      0.00000117
  10.0   2.100     -0.00013028
  10.0   2.200     -0.00013702
  10.0   2.300     -0.00014238
  10.0   2.400     -0.00014537
  10.0   2.500     -0.00014522
  10.0   2.600      0.00006030
  10.0   2.700      0.00009698
  10.0   2.800      0.00017391
  10.0   2.900     -0.00175775
  10.0   3.000     -0.00002693
  10.0   3.100     -0.00030225
  10.0   3.200     -0.00027677

  12.0   1.600     -0.00000136
  12.0   1.700     -0.00000095
  12.0   1.800     -0.00000045
  12.0   1.900     -0.00000064
  12.0   2.000      0.00000081
  12.0   2.100     -0.00001488
  12.0   2.200     -0.00001568
  12.0   2.300     -0.00001636
  12.0   2.400     -0.00001682
  12.0   2.500     -0.00001692
  12.0   2.600      0.00000626
  12.0   2.700      0.00001013
  12.0   2.800      0.00001745
  12.0   2.900     -0.00000143
  12.0   3.000     -0.00000092
  12.0   3.100     -0.00003199
  12.0   3.200     -0.00003216

  14.0   1.600     -0.00000115
  14.0   1.700     -0.00000062
  14.0   1.800     -0.00000027
  14.0   1.900     -0.00000086
  14.0   2.000      0.00000041
  14.0   2.100     -0.00000097
  14.0   2.200     -0.00000103
  14.0   2.300     -0.00000108
  14.0   2.400     -0.00000112
  14.0   2.500     -0.00000113
  14.0   2.600      0.00000039
  14.0   2.700      0.00000064
  14.0   2.800      0.00000106
  14.0   2.900     -0.00000014
  14.0   3.000     -0.00000028
  14.0   3.100     -0.00000209
  14.0   3.200     -0.00000223

  16.0   1.600     -0.00000078
  16.0   1.700     -0.00000037
  16.0   1.800     -0.00000014
  16.0   1.900     -0.00000087
  16.0   2.000      0.00000021
  16.0   2.100     -0.00000003
  16.0   2.200     -0.00000004
  16.0   2.300     -0.00000004
  16.0   2.400     -0.00000004
  16.0   2.500     -0.00000004
  16.0   2.600      0.00000001
  16.0   2.700      0.00000002
  16.0   2.800      0.00000003
  16.0   2.900     -0.00000007
  16.0   3.000     -0.00000013
  16.0   3.100     -0.00000008
  16.0   3.200     -0.00000008

  18.0   1.600     -0.00000043
  18.0   1.700     -0.00000018
  18.0   1.800     -0.00000007
  18.0   1.900     -0.00000068
  18.0   2.000      0.00000010
  18.0   2.100      0.00000000
  18.0   2.200      0.00000000
  18.0   2.300      0.00000000
  18.0   2.400      0.00000000
  18.0   2.500      0.00000000
  18.0   2.600      0.00000000
  18.0   2.700      0.00000000
  18.0   2.800      0.00000000
  18.0   2.900     -0.00000003
  18.0   3.000     -0.00000005
  18.0   3.100      0.00000000
  18.0   3.200      0.00000000

  20.0   1.600     -0.00000013
  20.0   1.700     -0.00000005
  20.0   1.800     -0.00000002
  20.0   1.900     -0.00000032
  20.0   2.000      0.00000003
  20.0   2.100      0.00000000
  20.0   2.200      0.00000000
  20.0   2.300      0.00000000
  20.0   2.400      0.00000000
  20.0   2.500      0.00000000
  20.0   2.600      0.00000000
  20.0   2.700      0.00000000
  20.0   2.800      0.00000000
  20.0   2.900     -0.00000001
  20.0   3.000     -0.00000001
  20.0   3.100      0.00000000
  20.0   3.200      0.00000000

